677;0.41949292253268455;0.36124643343674073;6;0.5213549845174398;[0.3292665636648653;0.2710200745689214;0.5097192814005038;0.45147279230456006];0.7634839050988403;0.25
9528;0.117566769986237;0.06725487069712052;6;0.6643032197227251;[0.02889897421555089;-0.021412925073565584;0.20623456575692312;0.15592266646780661];0.7755193663304548;0.25
8363;0.6850834637486525;0.4840360888581302;6;0.4330761969411785;[0.598266313838783;0.3972189389482607;0.7719006136585219;0.5708532387679996];0.7678408499633931;0.25
4555;0.026623668262099554;0.5045808111550636;6;0.5172761962770464;[-0.059860278013914525;0.4180968648790495;0.11310761453811363;0.5910647574310777];0.7805695639880705;0.25
2076;0.42428019780377024;0.24788441305518763;6;0.477333548465648;[0.3353650540389044;0.15896926929032176;0.5131953415686361;0.33679955682005347];0.7783681172133937;0.25
57;0.42466020425777695;0.6259434034602419;6;0.5459462651655099;[0.33520553018629046;0.5364887293887554;0.5141148783292635;0.7153980775317285];0.7725295012179972;0.25
3573;0.4012949466387912;0.41567142811336494;6;0.5213480024609113;[0.3152284351794195;0.3296049166539933;0.48736145809816284;0.5017379395727366];0.7763588945682915;0.25
2297;0.3433965828482174;0.12998829390299801;6;0.39898041820548297;[0.25852617133814926;0.04511788239292988;0.4282669943582855;0.21485870541306615];0.7720790979213649;0.25
9075;0.5026766780273597;0.02308304456950741;5;0.4132536679687556;[0.4156159771382769;-0.06397765631957537;0.5897373789164425;0.1101437454585902];0.7711971029267504;0.25
2287;0.4043523757953057;0.1336509590465314;5;0.4665723088460894;[0.31582270066966706;0.04512128392089278;0.49288205092094434;0.22218063417217004];0.778511934983425;0.25
359;0.6298825817942517;0.22074208679580679;6;0.5376971582778605;[0.5390560661255623;0.12991557112711744;0.7207090974629411;0.31156860246449614];0.7785795929800668;0.25
6315;0.5260607359888966;0.8360550276875607;6;0.555870006588604;[0.4391889834283081;0.7491832751269722;0.6129324885494851;0.9229267802481491];0.7708633862951723;0.25
1705;0.19919482606648342;0.763432243748078;6;0.34247301758750676;[0.11016144225180881;0.6743988599334034;0.28822820988115805;0.8524656275627527];0.7834033892601528;0.25
398;0.09256060410935793;0.6900645836585053;5;0.37841156746668425;[0.005854427443802948;0.6033584069929503;0.17926678077491293;0.7767707603240603];0.7686265067610396;0.25
3790;0.8206850521467941;0.29755425140230685;6;0.5438277306540206;[0.7341190994191807;0.21098829867469354;0.9072510048744075;0.38412020412992015];0.7713798400281168;0.25
3020;0.17642601111092754;0.32620342326995777;6;0.47300170718365603;[0.08921446273564344;0.23899187489467366;0.26363755948621165;0.4134149716452419];0.7758008996663874;0.25
499;0.09285844828157869;0.713042117819979;6;0.5681156543472008;[0.0018551225811778843;0.6220387921195781;0.1838617739819795;0.8040454435203798];0.7737255231852331;0.25
4861;0.17812360731737406;0.3718589214650151;6;0.5824680957800891;[0.09284774171768183;0.28658305586532284;0.2633994729170663;0.45713478706470734];0.7774094689749752;0.25
3914;0.250599664686347;0.4418429701020045;5;0.5685485643025168;[0.16494375615850293;0.35618706157416047;0.33625557321419103;0.5274988786298486];0.7841058470998219;0.25
2011;0.4755538610801552;0.3438946371111459;6;0.6769491818707885;[0.38976180411501626;0.25810258014600695;0.5613459180452941;0.4296866940762848];0.7768828391535191;0.25
6470;0.3174330013388771;0.17480629866058742;6;0.4987180427092667;[0.2294714072615584;0.08684470458326873;0.40539459541619577;0.26276789273790613];0.781850694689364;0.25
1417;0.6601207031490703;0.9895400550525567;6;0.6788485928019043;[0.5731810353994126;0.9026003873028989;0.7470603708987281;1.0764797228022145];0.7823112528247039;0.25
496;0.7049457715850602;0.11597467811130338;6;0.7071423330805616;[0.6193721774533028;0.030401083979545926;0.7905193657168177;0.20154827224306082];0.7723462825912724;0.25
6168;0.2915761887661654;0.7133753386182046;6;0.6569258231572085;[0.20497051985204046;0.6267696697040795;0.3781818576802904;0.7999810075323296];0.7811889720439154;0.25
5868;0.46798443997815137;0.6933859576723788;6;0.4651072149481196;[0.37756179658583783;0.6029633142800652;0.558407083370465;0.7838086010646923];0.7729655723501153;0.25
3647;0.04530113029257224;0.6683193091789826;6;0.45009915899499126;[-0.04533144383984278;0.5776867350465676;0.13593370442498726;0.7589518833113976];0.7795448428562065;0.25
8963;0.1769424392574076;0.26200555215996296;6;0.4909448631043145;[0.08253571328846358;0.16759882619101896;0.2713491652263516;0.35641227812890697];0.7705514566869407;0.25
4491;0.3109118309100349;0.0840525098841304;6;0.5379421694218564;[0.22336481397075814;-0.003494507055146326;0.3984588478493116;0.17159952682340712];0.7728543853926355;0.25
7875;0.3064322992789764;0.497091727923488;6;0.39402810733807375;[0.21868235791713153;0.4093417865616431;0.3941822406408213;0.5848416692853329];0.7699150132978693;0.25
5027;0.6735167853071631;0.4221550238905048;6;0.5541900366237831;[0.5853897817558108;0.3340280203391526;0.7616437888585154;0.510282027441857];0.7786298922178567;0.25
3619;0.8875533031331804;0.16634870147327854;6;0.536344795573233;[0.7995741372464963;0.07836953558659442;0.9755324690198645;0.25432786735996266];0.7772530425340304;0.25
1542;0.8435968575643438;0.34102739439620244;6;0.4843534924492877;[0.7575587950477352;0.25498933187959383;0.9296349200809524;0.42706545691281106];0.7727815054946705;0.25
4574;0.10739776032750123;0.36154833581239765;6;0.43251759454751953;[0.02354304188166395;0.2776936173665604;0.1912524787733385;0.4454030542582349];0.7719565341892626;0.25
4763;0.7207729810658847;0.6534862522952045;6;0.5038612575690564;[0.6355014872020647;0.5682147584313845;0.8060444749297048;0.7387577461590246];0.768877214750964;0.25
8778;0.20068438519723142;0.8954827656963087;6;0.38861441204052627;[0.11213406355092542;0.8069324440500028;0.2892347068435374;0.9840330873426146];0.7756166805644698;0.25
4976;0.5903230794288394;0.7437161558584526;6;0.5816688067234632;[0.4995006474233612;0.6528937238529744;0.6811455114343177;0.8345385878639309];0.768595353131736;0.25
4208;0.22130503012603386;0.2192255639786709;6;0.502416619301183;[0.13373580750672864;0.13165634135936571;0.3088742527453391;0.3067947865979761];0.7719524750163276;0.25
8044;0.3920161722607357;0.031390463791332895;6;0.46713516653376586;[0.30771190179229796;-0.05291380667710484;0.47632044272917345;0.11569473425977063];0.7690352725086648;0.25
3134;0.3400507104069765;0.58654748599723;6;0.3772457390595681;[0.24976111139922919;0.49625788698948264;0.4303403094147238;0.6768370850049772];0.7790303785774487;0.25
1549;0.44924201345484494;0.5437960160384796;6;0.5042635443168083;[0.36470743129038946;0.4592614338740241;0.5337765956193004;0.628330598202935];0.7743333353937718;0.25
9442;0.19790276800719023;0.5908611560885715;6;0.6458928755513029;[0.10769258439052726;0.5006509724719085;0.2881129516238532;0.6810713397052345];0.7771434268552566;0.25
8086;0.4703948303475486;0.2829399458084847;6;0.4354786802231886;[0.38401551401512435;0.19656062947606046;0.5567741466799728;0.36931926214090893];0.7716356349313193;0.25
5075;0.3660933591680061;0.4008158325915844;6;0.5878237695823054;[0.2816410407082697;0.31636351413184793;0.45054567762774256;0.4852681510513208];0.7712369119780298;0.25
7979;0.6890062210627095;0.13565040647734897;5;0.5420761888645786;[0.6076574495321428;0.05430163494678235;0.7703549925932761;0.21699917800791557];0.7741479326419703;0.25
3565;0.1653232413492552;0.2931746317182383;6;0.5307549485137918;[0.07849937695157021;0.20635076732055335;0.25214710574694016;0.3799984961159233];0.772500533437295;0.25
4382;0.6375848329680993;0.017267246919885876;6;0.6672407328542894;[0.5506249127987658;-0.06969267324944767;0.7245447531374328;0.10422716708921942];0.7798793341042228;0.25
896;0.6113555120423096;0.6793569608351466;6;0.5466990150360851;[0.5259009318277355;0.5939023806205724;0.6968100922568838;0.7648115410497208];0.7811963295815265;0.25
7234;0.3578602357416004;0.12314360140857648;6;0.551072889935974;[0.27341688954187743;0.03870025520885348;0.4423035819413234;0.2075869476082995];0.7759010171678349;0.25
2746;0.9423906385855284;0.2811788656077855;6;0.447141961183823;[0.8539425946426249;0.19273082166488198;1.030838682528432;0.369626909550689];0.780325936722567;0.25
8676;0.15096110946899985;0.07692433181499525;5;0.32984662961851996;[0.0632434119626235;-0.010793365691381104;0.2386788069753762;0.16464202932137162];0.7767570071136922;0.25
4156;0.8976644823492987;0.17276265063291246;6;0.5315323373540353;[0.8077093038889753;0.08280747217258905;0.9876196608096222;0.2627178290932359];0.7825650944982694;0.25
9442;0.4664092122429664;0.2747600676805589;6;0.6458928755513029;[0.37530458561986846;0.18365544105746093;0.5575138388660643;0.36586469430365687];0.7771434268552566;0.25
271;0.988849580753688;0.6307167972719029;6;0.48921992773890804;[0.9008120889994164;0.5426793055176313;1.0768870725079596;0.7187542890261744];0.7724731681101922;0.25
6716;0.24589344331151713;0.8720513897337621;6;0.6082631115442718;[0.15641244148203481;0.7825703879042798;0.33537444514099946;0.9615323915632443];0.7803196530686854;0.25
2368;0.5646092387869182;0.6418614989080271;6;0.6114356318190807;[0.47994784525772427;0.5572001053788332;0.649270632316112;0.726522892437221];0.7712912548288415;0.25
8604;0.5246549574542861;0.18222188594745323;6;0.29667400454983883;[0.436589412179755;0.09415634067292211;0.6127205027288173;0.27028743122198434];0.7642483621582551;0.25
4690;0.37157814292079205;0.10084680152963062;6;0.3880809357892006;[0.2841695616393605;0.013438220248199073;0.4589867242022236;0.18825538281106216];0.7711969178399948;0.25
1790;0.32642844937940907;0.5088271915375919;6;0.5403321938603025;[0.23670129605123374;0.4191000382094166;0.4161556027075844;0.5985543448657673];0.771008592465767;0.25
1277;0.47739629391613103;0.9531817357340787;6;0.4837254943000611;[0.388875055863367;0.8646604976813147;0.565917531968895;1.0417029737868428];0.7702803605753156;0.25
7635;0.6104267738764448;0.14008053951620786;6;0.6729146050469682;[0.5247548978997635;0.05440866353952649;0.6960986498531262;0.2257524154928892];0.7825682865809486;0.25
814;0.09619362363436118;0.4848029865059642;6;0.506443054216757;[0.009269118195272832;0.39787848106687584;0.18311812907344954;0.5717274919450526];0.7723241359703386;0.25
7566;0.49385477458601634;0.46581089283516974;6;0.561288464757364;[0.40610676429770143;0.37806288254685483;0.5816027848743313;0.5535589031234847];0.7761803586659108;0.25
7055;0.9340105445464476;0.3764595502886153;6;0.5352360112200685;[0.8456607928052675;0.2881097985474351;1.0223602962876277;0.4648093020297954];0.7796677330216487;0.25
3598;0.32944229261587704;0.024317485170503167;6;0.5151981083094558;[0.2420442641418225;-0.06308054330355137;0.4168403210899316;0.1117155136445577];0.7757399662458297;0.25
9863;0.3633465650610224;0.011792485401088348;6;0.5651803259136426;[0.275929364690753;-0.07562471496918105;0.4507637654312918;0.09920968577135775];0.7790066436579605;0.25
260;0.13926679055819594;0.11776450212327964;6;0.523090069578329;[0.046426369391998054;0.024924080957081762;0.2321072117243938;0.21060492328947752];0.7720299886981734;0.25
4476;0.5261222242182239;0.7920187301306084;6;0.2606395597166776;[0.4382705535788133;0.7041670594911978;0.6139738948576344;0.879870400770019];0.7716361093922649;0.25
4838;0.46315452974691895;0.6473023288185691;6;0.5077850656395582;[0.3740167514445937;0.5581645505162438;0.5522923080492442;0.7364401071208944];0.7744158080364001;0.25
701;0.7913946262619909;0.2839711844701379;6;0.5972984084480248;[0.7003792553409672;0.19295581354911434;0.8824099971830145;0.3749865553911615];0.7767911867353786;0.25
6021;0.546605587621655;0.4397000364232033;7;0.4862465961229768;[0.45863773458716234;0.35173218338871065;0.6345734406561476;0.5276678894576959];0.7708021912458388;0.25
3673;0.1424512348850997;0.009570586662091679;6;0.3638294731281899;[0.05420539004918201;-0.07867525817382601;0.23069707972101738;0.09781643149800937];0.780466558303863;0.25
767;0.5219316537948946;0.7265793497516893;6;0.46669565269017016;[0.4312433608022236;0.6358910567590182;0.6126199467875656;0.8172676427443603];0.7801542196967459;0.25
6364;0.497406765364596;0.0463404844047933;6;0.6352441109611143;[0.4117166098047305;-0.03934967115507218;0.5830969209244614;0.13203063996465877];0.781043878909144;0.25
2422;0.6552677375363577;0.38807956659564946;6;0.5676706409958528;[0.566659094788039;0.29947092384733076;0.7438763802846764;0.47668820934396816];0.7863019884200024;0.25
8901;0.3515749884794243;0.642091150256305;6;0.5661055437481466;[0.26549099696277223;0.5560071587396529;0.4376589799960764;0.7281751417729572];0.777122878292584;0.25
3004;0.38755595257827613;0.8007359855296003;6;0.533855232296992;[0.3013352559463733;0.7145152888976974;0.473776649210179;0.8869566821615033];0.7807013360789411;0.25
3691;0.8236634928688867;0.08395697095730346;6;0.45546507209418324;[0.7363296549664804;-0.0033768669451028493;0.9109973307712931;0.17129080885970976];0.7754499631709759;0.25
9573;0.9269815144214147;0.8187656860037892;6;0.43431527795237496;[0.8372417853649338;0.7290259569473082;1.0167212434778958;0.9085054150602702];0.776354715231268;0.25
2538;0.08513577633757671;0.08169554053689063;6;0.42650117124704345;[-0.003594169654412435;-0.007034405455098522;0.17386572232956587;0.1704254865288798];0.774045639230935;0.25
9342;0.3960477733353105;0.3488604855159849;6;0.31162101195843894;[0.3092125123723488;0.26202522455302324;0.4828830342982722;0.4356957464789466];0.7789954770533941;0.25
216;0.3463233474956545;0.6770831504083963;6;0.49057190281730173;[0.26185362244617;0.5926134253589117;0.43079307254513904;0.7615528754578809];0.7687426019659483;0.25
3769;0.2755115606147038;0.3986388758677068;6;0.33134635819143665;[0.19007915964021238;0.3132064748932154;0.3609439615891952;0.4840712768421982];0.7655996089053603;0.25
352;0.10740597210078554;0.7225024876101421;6;0.5062370474162534;[0.021556889053712128;0.6366534045630687;0.19325505514785896;0.8083515706572155];0.7699626829899021;0.25
4368;0.41172914014624656;0.9044887004541924;6;0.4366794857290398;[0.32044369411129137;0.8132032544192372;0.5030145861812018;0.9957741464891475];0.7725876322808992;0.25
4826;0.6167365756910015;0.9260673863985877;6;0.37454573467973895;[0.5297234195688255;0.8390542302764117;0.7037497318131775;1.0130805425207636];0.7691974465712;0.25
1374;0.987754938497021;0.22464205018495131;6;0.4893899573786513;[0.8964936493712528;0.133380761059183;1.0790162276227893;0.3159033393107196];0.7856606659649311;0.25
4314;0.34583250462897275;0.14318842646266502;6;0.622025410193434;[0.2591584952716952;0.0565144171053875;0.4325065139862503;0.22986243581994253];0.7744131156235698;0.25
1988;0.5057004318672444;0.18915291279164273;6;0.5343443105337984;[0.4164059070269144;0.09985838795131263;0.5949949567075745;0.2784474376319728];0.7791182609315798;0.25
350;0.6169807666265148;0.0038702438959801466;6;0.6053464605694219;[0.5289271990709934;-0.08418332365954129;0.7050343341820362;0.09192381145150158];0.7789623984234421;0.25
6772;0.004532662933304676;0.6133776839377953;6;0.5542317893456281;[-0.08476829977284557;0.5240767212316451;0.09383362563945492;0.7026786466439456];0.7724408133370453;0.25
1846;0.28429895174199044;0.4982889585592909;6;0.6203265949294133;[0.19737576992762684;0.4113657767449273;0.37122213355635403;0.5852121403736544];0.7754366020451351;0.25
2776;0.6325981018247375;0.16687821779628198;5;0.37666554285621406;[0.5431380458915196;0.077418161863064;0.7220581577579555;0.25633827372949997];0.7740904365781799;0.25
6065;0.06598495585726033;0.054297522676910154;6;0.3721661240851766;[-0.022990988122531517;-0.03467842130288169;0.1549608998370522;0.143273466656702];0.7841221307122411;0.25
4885;0.224766797723229;0.11326620562233837;6;0.6110885519638443;[0.13314828729778572;0.021647695196895092;0.3163853081486723;0.20488471604778163];0.7744240422252905;0.25
2980;0.061876540164112676;0.03529947344495943;7;0.5659551757979544;[-0.028813840662412743;-0.05539090738156599;0.1525669209906381;0.12598985427148485];0.7730212202103726;0.25
4161;0.5440319739417061;0.44405330935888254;6;0.44674749013848547;[0.45704791816687196;0.3570692535840484;0.6310160297165402;0.5310373651337167];0.7756580613031376;0.25
7105;0.4114685348624827;0.289788517463475;6;0.45067356112449297;[0.3234424330506676;0.20176241565165992;0.4994946366742978;0.3778146192752901];0.7705840291567133;0.25
2782;0.27868096748366644;0.4544844502625335;6;0.5017096608889229;[0.1917815213569155;0.36758500413578254;0.3655804136104174;0.5413838963892844];0.7768581411230339;0.25
8955;0.3431612922822464;0.27482177591027357;6;0.5680416408109018;[0.2547552680710039;0.18641575169903105;0.4315673164934889;0.3632278001215161];0.7792188365273566;0.25
4146;0.6007647498665016;0.40744356218543937;6;0.4025694442523795;[0.5092866204701819;0.31596543278911965;0.6922428792628214;0.4989216915817591];0.7718269270132598;0.25
5386;0.05777398598555647;0.3296506619320449;6;0.5237769097403372;[-0.029446555142739514;0.24243012080374893;0.14499452711385247;0.41687120306034087];0.7773355646815606;0.25
1758;0.24275336161675226;0.6906778802076177;6;0.2428246934633133;[0.1522277830171736;0.600152301608039;0.3332789402163309;0.7812034588071963];0.7787573613159583;0.25
6992;0.6354868010562407;0.5945594481457035;6;0.5071147418305807;[0.5454590005456093;0.5045316476350721;0.7255146015668721;0.6845872486563349];0.7726241367706506;0.25
4299;0.6493968391105529;0.6844386783366488;6;0.5141127317412056;[0.5640831674352469;0.5991250066613428;0.7347105107858589;0.7697523500119549];0.7736488726764033;0.25
219;0.15279414139000674;0.5364982289273775;6;0.5519473194803582;[0.06770643351625068;0.45141052105362145;0.23788184926376282;0.6215859368011336];0.788916214357613;0.25
9943;0.3510317961722925;0.6786945807957305;6;0.6482212622298984;[0.26604212671786387;0.5937049113413019;0.43602146562672117;0.7636842502501592];0.7714061626535312;0.25
8569;0.3841112710235007;0.6517788011115292;6;0.6033369188588796;[0.29496643978426385;0.5626339698722924;0.4732561022627375;0.740923632350766];0.7717815477998473;0.25
2356;0.7929059351024037;0.32473534546947025;6;0.33076639126319046;[0.7086660895469921;0.24049549991405855;0.8771457806578153;0.40897519102488195];0.7718772000071608;0.25
8241;0.377708373511322;0.48113391381010184;6;0.39753402796787773;[0.28894551621707654;0.39237105651585635;0.4664712308055675;0.5698967711043473];0.7707153042449293;0.25
3792;0.04329947362218162;0.6658176799553561;6;0.502271857902749;[-0.046088299860884974;0.5764299064722895;0.1326872471052482;0.7552054534384227];0.7762465822194007;0.25
2292;0.5183696692902848;0.21486775000972383;6;0.6966739638222708;[0.43008514072270554;0.12658322144214457;0.6066541978578641;0.3031522785773031];0.7734877099419804;0.25
7494;0.4644539211046439;0.12980932040705243;6;0.5187298385113109;[0.37686188594229086;0.042217285244699365;0.5520459562669969;0.21740135556940549];0.7765410235997711;0.25
2876;0.15147681270612548;0.5219142494176725;6;0.5303227514938488;[0.06181567437412973;0.43225311108567677;0.24113795103812125;0.6115753877496682];0.7734240447199455;0.25
3157;0.3295875186054882;0.21560824325567324;6;0.4879227012318799;[0.23730053218728803;0.12332125683747307;0.42187450502368834;0.3078952296738734];0.7811036869348695;0.25
8602;0.2715673978558204;0.6079346792448969;6;0.44607950056505313;[0.18466336712857978;0.5210306485176562;0.358471428583061;0.6948387099721375];0.7822125149837945;0.25
2416;0.554289273553829;0.2783090523428833;6;0.48261465613936705;[0.46682130513946096;0.19084108392851526;0.641757241968197;0.36577702075725127];0.7762738344821444;0.25
8893;0.3034058184691723;0.3016453338585608;6;0.680325380684099;[0.21764370432906777;0.21588321971845625;0.38916793260927685;0.38740744799866533];0.7769180044385307;0.25
7555;0.4816936234440684;0.0619834297699301;6;0.5121426536531449;[0.3934547361776731;-0.026255457496465212;0.5699325107104637;0.1502223170363254];0.7694808260694562;0.25
1532;0.3127076438982456;0.13736169924862712;6;0.5032491154605139;[0.22646082089158892;0.05111487624197043;0.3989544669049023;0.22360852225528383];0.7683883514701614;0.25
7728;0.8666069633696303;0.3880417466471735;6;0.5286849027475036;[0.7791931258508745;0.30062790912841775;0.954020800888386;0.47545558416592926];0.7705984538625774;0.25
7655;0.5967657597553486;0.7621587956031879;6;0.4853615873605723;[0.5121237456498444;0.6775167814976837;0.6814077738608528;0.8468008097086921];0.7756809205644508;0.25
1472;0.4556648036443188;0.030030779683661857;6;0.5134698824923917;[0.37000201201762306;-0.055632011943033896;0.5413275952710146;0.11569357131035761];0.7808186155401654;0.25
2300;0.6683498812355515;0.7759834137597121;6;0.6417607576575559;[0.5817719222089855;0.6894054547331462;0.7549278402621175;0.8625613727862781];0.7836663748150277;0.25
5105;0.7524904123166098;0.3288176025894474;6;0.4770692651075998;[0.6655561191014847;0.24188330937432226;0.839424705531735;0.4157518958045726];0.7738590371660586;0.25
9748;0.5058777937861431;0.9211272810642566;6;0.4259787676895087;[0.4193820828211534;0.8346315700992669;0.5923735047511327;1.0076229920292463];0.7802717669796365;0.25
8385;0.09570458005170182;0.8274680685483525;6;0.40799445875129453;[0.01069798042361736;0.7424614689202681;0.18071117967978628;0.912474668176437];0.7643240309632362;0.25
6460;0.14496509395466528;0.14513635017443938;6;0.508607543655985;[0.05842293136039699;0.058594187580171084;0.23150725654893356;0.23167851276870766];0.7761138164902968;0.25
9718;0.7300403191970886;0.03417168428291917;6;0.5614485936611199;[0.6397423470283217;-0.05612628788584777;0.8203382913658555;0.1244696564516861];0.7720817043481747;0.25
8704;0.23703812787675077;0.70427050653078;6;0.5405310943741026;[0.1485394430944901;0.6157718217485194;0.32553681265901147;0.7927691913130407];0.7807106104294237;0.25
4464;0.4753265178178413;0.645166857426788;6;0.40944997990907467;[0.38747740631396854;0.5573177459229153;0.563175629321714;0.7330159689306608];0.7785325475308535;0.25
654;0.10299639218083825;0.2853892407796561;6;0.46282986996988595;[0.015328370745291281;0.19772121934410913;0.19066441361638523;0.3730572622152031];0.7787669528169268;0.25
460;0.30965999590469917;0.3548790487287476;6;0.2742667255560591;[0.22098935492237015;0.2662084077464186;0.3983306368870282;0.4435496897110766];0.7790686841716811;0.25
7270;0.4565246129113232;0.03679202655459121;6;0.5241027710611506;[0.37101804920625914;-0.04871453715047286;0.5420311766163872;0.12229859025965528];0.777897186329153;0.25
4855;0.8586413949092292;0.8242021131826209;6;0.44230914663278265;[0.7682324975681927;0.7337932158415844;0.9490502922502657;0.9146110105236575];0.7723720164398957;0.25
2395;0.8760724192422776;0.07543592864153714;6;0.5367840303223806;[0.7903153138660947;-0.010321176734645832;0.9618295246184606;0.16119303401772012];0.7783494377509943;0.25
9652;0.8419782532138999;0.06295348084442143;6;0.3180060964186108;[0.7598922572865509;-0.019132515082927556;0.9240642491412489;0.14503947677177043];0.7758938873215858;0.25
9637;0.2081484583270553;0.4457517626514097;6;0.48542548919050355;[0.12394222167356887;0.3615455259979233;0.29235469498054173;0.5299579993048962];0.7677635070239045;0.25
4758;0.41090415787646545;0.3010552967843718;6;0.5450390484935957;[0.32657612801901154;0.2167272669269179;0.49523218773391936;0.38538332664182573];0.7802375950682763;0.25
9799;0.6160745971829603;0.25849181390100356;6;0.5567187227757361;[0.5287661828244217;0.17118339954246486;0.703383011541499;0.34580022825954226];0.7774909010611633;0.25
8023;0.2742594268104913;0.5236987371179658;5;0.47056759779314905;[0.18556997476313292;0.4350092850706074;0.3629488788578497;0.6123881891653242];0.7845516993829572;0.25
7953;0.8066081390811783;0.1395340938169507;6;0.5342443589941505;[0.7163282146446026;0.04925416938037498;0.8968880635177541;0.22981401825352643];0.7637670862477034;0.25
3154;0.8776621204468862;0.5725719314394235;6;0.4701679198853089;[0.7856802736184447;0.48059008461098207;0.9696439672753276;0.664553778267865];0.777550650936394;0.25
3022;0.8428411861544312;0.6519508330076488;6;0.6599143892504508;[0.7537587690938069;0.5628684159470245;0.9319236032150554;0.741033250068273];0.7731627127483979;0.25
6687;0.4374243248465593;0.3499562839644873;6;0.4729037298025494;[0.3521450585989022;0.26467701771683017;0.5227035910942164;0.43523555021214444];0.776628443329139;0.25
3654;0.7328397120876721;0.9316235417489522;6;0.47140001713457824;[0.6510953338453404;0.8498791635066205;0.8145840903300038;1.013367919991284];0.7721307392262535;0.25
9773;0.5489422119788241;0.1138311672969943;6;0.6237046847678327;[0.4646757615186706;0.02956471683684085;0.6332086624389776;0.19809761775714774];0.7647348362441974;0.25
9672;0.7214417792988008;0.3075649556149779;6;0.6704763393204194;[0.6334358951402103;0.2195590714563873;0.8094476634573914;0.39557083977356844];0.7713001505764896;0.25
7689;0.6355610629543252;0.2209228955093453;6;0.679630887613112;[0.5465769990584962;0.13193883161351633;0.7245451268501543;0.30990695940517426];0.7763773940182918;0.25
3432;0.9918986860244878;0.43048323197026334;6;0.25995186027215655;[0.9045369625921086;0.3431215085378841;1.0792604094568672;0.5178449554026425];0.7719111348969822;0.25
352;0.5739434653902467;0.3737325268238084;6;0.5062370474162534;[0.488107392467187;0.28789645390074875;0.6597795383133063;0.4595685997468681];0.7699626829899021;0.25
1425;0.47801330713765794;0.6253304444968186;6;0.5316972584605446;[0.390407271770183;0.5377244091293437;0.5656193425051329;0.7129364798642935];0.7720666448465707;0.25
3636;0.7310675112606151;0.3252843135536145;6;0.43076139628080723;[0.6412565153970198;0.23547331769001917;0.8208785071242104;0.4150953094172098];0.7663282261316657;0.25
2427;0.5374170807140093;0.4734649746048717;6;0.5453378931937936;[0.4505423249300817;0.3865902188209441;0.6242918364979368;0.5603397303887993];0.7629775105350912;0.25
5881;0.5740031423527234;0.7747217094977432;6;0.5879711849618051;[0.4895830260399707;0.6903015931849905;0.6584232586654761;0.8591418258104959];0.7702544696867294;0.25
4245;0.6965512277930854;0.004139637092315462;6;0.5084928742495304;[0.6131770515130317;-0.07923453918773822;0.7799254040731392;0.08751381337236915];0.7750758495193435;0.25
2041;0.5504006113118998;0.38064959971373724;6;0.4942072287253464;[0.460938807135839;0.2911877955376765;0.6398624154879605;0.470111403889798];0.7632596365836036;0.25
5458;0.7787213707587918;0.6277650108698103;6;0.44310696165603836;[0.6902957286162369;0.5393393687272554;0.8671470129013467;0.7161906530123652];0.7764795543177642;0.25
4013;0.37726211382528435;0.3857341221370195;6;0.34562722739640667;[0.29269808491425764;0.30117009322599275;0.46182614273631106;0.4702981510480463];0.7698255104874825;0.25
2122;0.8626413240786697;0.49335788631021604;6;0.5371348720853795;[0.775362468806054;0.40607903103760035;0.9499201793512854;0.5806367415828317];0.7805415730341395;0.25
8085;0.8035304916236861;0.1820076809223777;6;0.44354982804128085;[0.713150191113955;0.09162738041264658;0.8939107921334172;0.27238798143210885];0.7822784957985087;0.25
8726;0.4731986320800214;0.03035620094388819;6;0.4289712245083116;[0.3866448323385831;-0.0561975987975501;0.5597524318214597;0.11691000068532648];0.7667968963900469;0.25
6229;0.8482623534613627;0.41875462616900183;6;0.5934606664404833;[0.7643926924735811;0.3348849651812203;0.9321320144491443;0.5026242871567834];0.773600642706722;0.25
1645;0.7882489605501177;0.8606677972739348;6;0.4212004782325832;[0.696893467334629;0.7693123040584461;0.8796044537656065;0.9520232904894236];0.7849286945582069;0.25
576;0.8697668644152197;0.7555317103956505;6;0.5915413963930374;[0.7855360169375694;0.6713008629180002;0.95399771189287;0.8397625578733008];0.7784607128784891;0.25
3687;0.8626081971873328;0.8252127245112658;6;0.5501270339979044;[0.7731142276243324;0.7357187549482653;0.9521021667503333;0.9147066940742663];0.7756674254258287;0.25
9359;0.5156946334159581;0.8214856138326212;5;0.48099123479445516;[0.43045918107419834;0.7362501614908614;0.6009300857577179;0.906721066174381];0.7705072778587426;0.25
7725;0.38732111512492107;0.2681645835268591;6;0.5084255601709202;[0.3021431181526065;0.1829865865545446;0.4724991120972356;0.35334258049917366];0.7769738342242073;0.25
829;0.5033483143028249;0.4270386765473286;6;0.6283105703293129;[0.41757734259996204;0.3412677048444658;0.5891192860056877;0.5128096482501914];0.7842726938553671;0.25
1886;0.4018299522955626;0.37072760446671815;6;0.5546707345235458;[0.3170507841807292;0.2859484363518847;0.48660912041039606;0.4555067725815516];0.7738140983650194;0.25
7749;0.49584814045731285;0.8244046793357755;6;0.3336351662232409;[0.40837235598697386;0.7369288948654366;0.5833239249276518;0.9118804638061145];0.7754694979312259;0.25
5428;0.4971113220261436;0.327856480278103;6;0.4440237032887262;[0.41163236623602406;0.24237752448798344;0.5825902778162632;0.41333543606822254];0.7770453052995719;0.25
1180;0.7965654539974896;0.21434431263871842;6;0.36379308224720747;[0.7110325781514816;0.12881143679271045;0.8820983298434976;0.2998771884847264];0.7745715192178052;0.25
9870;0.5887234153600741;0.6628288264830142;6;0.4424463509396982;[0.5002261105021173;0.5743315216250574;0.6772207202180309;0.751326131340971];0.773302867745026;0.25
4937;0.9123777630456182;0.13366926479653113;6;0.4958696330571502;[0.8229526611973246;0.04424416294823741;1.001802864893912;0.22309436664482485];0.7702532532782599;0.25
2961;0.08484289964033809;0.8383447823379923;6;0.4778343665661786;[-0.0024405315362857477;0.7510613511613684;0.17212633081696194;0.9256282135146161];0.7724151812007258;0.25
8989;0.6842011152920557;0.16945686636045723;6;0.5583079311021202;[0.5983642735128416;0.08362002458124312;0.7700379570712699;0.25529370813967134];0.7799468813217281;0.25
6573;0.5485725996400097;0.988998380335285;6;0.6267861041729601;[0.4636300692957376;0.9040558499910128;0.6335151299842818;1.073940910679557];0.7858121302915079;0.25
5254;0.407493315203693;0.20276566429571646;6;0.6649186889728163;[0.31333753911413575;0.10860988820615924;0.5016490912932502;0.2969214403852737];0.7743850801552027;0.25
535;0.9220014288745758;0.8104094890509069;6;0.662589210802901;[0.8329565112305705;0.7213645714069016;1.0110463465185813;0.8994544066949123];0.7820714752451614;0.25
6372;0.8114843299199185;0.15450851484172748;6;0.3896054223186986;[0.7288319360530149;0.07185612097482391;0.8941367237868221;0.23716090870863105];0.7797033507163011;0.25
4497;0.7693864521719929;0.3029769750616748;6;0.678924151789968;[0.6771012114529321;0.21069173434261407;0.8616716928910536;0.39526221578073556];0.7711376964822015;0.25
586;0.6977712945704571;0.030392890040442877;6;0.587042392110106;[0.6141483420445275;-0.053230062485486646;0.7813942470963866;0.1140158425663724];0.774453659997255;0.25
6377;0.21033623773649313;0.542283499253672;6;0.49285270800932984;[0.11802338456005318;0.4499706460772321;0.30264909091293307;0.6345963524301119];0.7761197917424744;0.25
1942;0.9620175551622392;0.48215286756471804;6;0.546926352963908;[0.8769865884269091;0.3971219008293879;1.0470485218975694;0.5671838343000482];0.7735884404739427;0.25
810;0.5546396117622758;0.04650631014349549;6;0.361597174753999;[0.4676513439550697;-0.04048195766371064;0.641627879569482;0.13349457795070163];0.7731192099398289;0.25
7310;0.7646151912432869;0.05656270169080807;6;0.4348675419325546;[0.6752587444786473;-0.03279374507383152;0.8539716380079265;0.14591914845544768];0.7642011616365983;0.25
1289;0.19520107261335173;0.38063799345690286;6;0.28162980769893975;[0.10711143969676025;0.29254836054031136;0.28329070552994323;0.46872762637349435];0.7792602650767427;0.25
6226;0.8610985461122409;0.07754027835038155;6;0.5486438749819784;[0.7744224792904908;-0.00913578847136852;0.947774612933991;0.16421634517213163];0.7749475503929211;0.25
7170;0.938581139862192;0.5322353874577018;6;0.620207488871215;[0.8495748045421373;0.4432290521376471;1.0275874751822467;0.6212417227777566];0.7769022631020568;0.25
1351;0.9278512438181686;0.971815599386121;6;0.6123521866391515;[0.8379672087523803;0.8819315643203327;1.017735278883957;1.0616996344519094];0.7780886256772096;0.25
6858;0.34729991386980463;0.3039458102331605;6;0.5219680334096178;[0.2616838077683269;0.21832970413168273;0.4329160199712824;0.3895619163346382];0.7768210323618264;0.25
3161;0.744066386657219;0.586150723858393;6;0.5067611882245016;[0.6583899031067287;0.5004742403079027;0.8297428702077093;0.6718272074088832];0.7691458452685068;0.25
9280;0.9724419612419619;0.20287362902194184;6;0.6124853491841893;[0.8824734141971013;0.11290508197708127;1.0624105082868225;0.2928421760668024];0.7755094301096518;0.25
9859;0.2027831240337853;0.8388757501202181;6;0.5018993635266149;[0.1159794048509484;0.7520720309373812;0.2895868432166222;0.925679469303055];0.7748068068509141;0.25
6746;0.9236593102381457;0.6953854380874153;6;0.4953177188608293;[0.8316950163152481;0.6034211441645176;1.0156236041610434;0.7873497320103129];0.7784664470723475;0.25
7286;0.5090407701926039;0.8525643194506949;6;0.43344668234963213;[0.42034814121608355;0.7638716904741746;0.5977333991691242;0.9412569484272152];0.7810908979571534;0.25
8938;0.5794323625945124;0.10763273293470371;6;0.6106202907406391;[0.4906354169525003;0.018835787292691628;0.6682293082365245;0.19642967857671578];0.7664533324849739;0.25
5461;0.4794779048873678;0.5543945561255978;6;0.4477597663615509;[0.3944293360374971;0.4693459872757272;0.5645264737372385;0.6394431249754685];0.772809715604786;0.25
8057;0.6139307576549641;0.25208843257341285;6;0.5249691185350521;[0.5246077853761055;0.1627654602945543;0.7032537299338226;0.3414114048522714];0.7798147285146684;0.25
9429;0.6976307646934459;0.9713862995621827;6;0.42081061523676;[0.6098167414850093;0.8835722763537461;0.7854447879018824;1.0592003227706193];0.7863837944888511;0.25
5430;0.9796048339104839;0.49865087580891276;6;0.4703166697417881;[0.8910015883796499;0.4100476302780787;1.068208079441318;0.5872541213397467];0.7703330771816959;0.25
8353;0.7750829168351907;0.4383975388432816;6;0.4350628533892891;[0.685863086762173;0.3491777087702639;0.8643027469082084;0.5276173689162993];0.7766743212344172;0.25
4159;0.9809569134969098;0.5208663056591245;6;0.5576449343825607;[0.8928241759342539;0.4327335680964686;1.0690896510595658;0.6089990432217804];0.7798690899300114;0.25
4947;0.5904978888424579;0.500135045857981;6;0.3451288460807119;[0.5035949888326017;0.4132321458481247;0.6774007888523141;0.5870379458678372];0.7682288470553581;0.25
1494;0.13372039838157068;0.6173064369137019;6;0.5564730555252206;[0.043717151553806705;0.527303190085938;0.22372364520933466;0.7073096837414659];0.7724549769108171;0.25
9882;0.5825335635942648;0.64198443899627;7;0.4624969016525001;[0.4944458668065043;0.5538967422085095;0.6706212603820252;0.7300721357840305];0.7709567244374969;0.25
3442;0.17740855451112236;0.585783148923914;6;0.6673940158435705;[0.08481347686730113;0.4931880712800928;0.2700036321549436;0.6783782265677353];0.7788661588013935;0.25
6736;0.5013865909298749;0.33245900982075227;6;0.43611146914419974;[0.4073491492641651;0.23842156815504245;0.5954240325955847;0.4264964514864621];0.7815883035713609;0.25
8315;0.9722858947108936;0.6074887202715766;6;0.5353538965293946;[0.8871744688084364;0.5223772943691196;1.0573973206133507;0.6926001461740336];0.7724863548065456;0.25
6360;0.0983008387037887;0.4040552325376274;6;0.39292814355457817;[0.00883358570376705;0.31458797953760576;0.18776809170381034;0.493522485537649];0.7709670049835803;0.25
7622;0.5704539526803839;0.06293628989198935;5;0.49031900134540446;[0.48598592801558904;-0.02153173477280551;0.6549219773451788;0.1474043145567842];0.7772932302681144;0.25
4891;0.6489389255400568;0.43438886330318405;6;0.42860302993294824;[0.5601164513782779;0.34556638914140514;0.7377613997018357;0.523211337464963];0.7718247471217812;0.25
2623;0.5797001630766058;0.4153257216211567;6;0.5710730472554365;[0.49183981850130515;0.3274653770458561;0.6675605076519064;0.5031860661964573];0.7730355931163646;0.25
9894;0.027981045414350425;0.0088171889388996;6;0.5165441393735708;[-0.05945109274311258;-0.0786149492185634;0.11541318357181343;0.09624932709636261];0.7707625946313542;0.25
3347;0.6885115112107465;0.21588258423070072;6;0.5554825038330956;[0.6017884005927645;0.1291594736127187;0.7752346218287285;0.3026056948486827];0.7702357764937966;0.25
4113;0.14518080040828063;0.5307075403305264;6;0.538611914059206;[0.06416277461647156;0.4496895145387173;0.2261988262000897;0.6117255661223354];0.7735044897431184;0.25
8156;0.6450432934260769;0.27513984507515243;6;0.5383116253366176;[0.5548345706957534;0.18493112234482884;0.7352520161564005;0.36534856780547603];0.7732777236642168;0.25
1837;0.7880063283508799;0.011117898485806965;7;0.5241099849128669;[0.7054877857226002;-0.07140064414247276;0.8705248709791596;0.09363644111408669];0.7666452063970061;0.25
2949;0.30385329030407293;0.17421600511887153;6;0.48857445026137947;[0.21717840514304348;0.0875411199578421;0.3905281754651024;0.260890890279901];0.7741119266639094;0.25
8805;0.6296738228704299;0.49693568914955355;6;0.4567123978835845;[0.5418943038910533;0.40915617017017686;0.7174533418498066;0.5847152081289302];0.7687997930450162;0.25
2474;0.1729066878338671;0.021756096077232112;6;0.5191702563144422;[0.08031089091343341;-0.07083970084320157;0.26550248475430077;0.1143518929976658];0.7736642830770264;0.25
8908;0.7855500950512742;0.7170644289764445;6;0.44361553837976003;[0.6994816752112001;0.6309960091363704;0.8716185148913482;0.8031328488165186];0.7859727196533108;0.25
9893;0.2493072248508985;0.2854022851875581;6;0.5100151304144334;[0.16494336199195506;0.20103842232861466;0.333671087709842;0.36976614804650154];0.7808231642557444;0.25
4045;0.7192178297667251;0.33140188149510014;6;0.31847409644293434;[0.6273597079217431;0.23954375965011815;0.8110759516117071;0.4232600033400821];0.7705389585279312;0.25
88;0.9777245708313957;0.3875877228402983;6;0.44439027503421064;[0.8853371089650903;0.2952002609739929;1.0701120326977012;0.4799751847066037];0.7756840258545445;0.25
3021;0.8526476708821884;0.7622816127945908;6;0.4979962851173559;[0.7627651146252217;0.6723990565376241;0.9425302271391551;0.8521641690515576];0.7727730215619708;0.25
4299;0.9112738094185978;0.8646233826140699;6;0.5141127317412056;[0.822768057865766;0.7761176310612381;0.9997795609714296;0.9531291341669017];0.7736488726764033;0.25
1183;0.0837745482778347;0.4351513157891861;6;0.512456029416376;[-0.00512059150768919;0.3462561760036622;0.17266968806335858;0.52404645557471];0.7754834288072197;0.25
1856;0.5550789325053544;0.24677786863252965;6;0.5870090993258398;[0.4649037756401784;0.15660271176735358;0.6452540893705305;0.3369530254977057];0.7746839146307843;0.25
2157;0.8902439997336862;0.5259768101150217;6;0.4541203620401869;[0.8012211297002276;0.4369539400815632;0.9792668697671447;0.6149996801484803];0.7764044248158832;0.25
1206;0.8621735393024462;0.10424888840749974;6;0.5859269099321956;[0.7767379832052674;0.018813332310321007;0.947609095399625;0.18968444450467847];0.7727956665419726;0.25
6192;0.8227068121643513;0.6720885217387412;6;0.4664529580230045;[0.7317107301961279;0.5810924397705178;0.9137028941325747;0.7630846037069646];0.7666534182670104;0.25
3550;0.8249006687091226;0.8220060481231873;6;0.3966789165379634;[0.7317283675955093;0.728833747009574;0.9180729698227359;0.9151783492368006];0.7697669511296534;0.25
8778;0.03412766690001101;0.7012666489646604;6;0.38861441204052627;[-0.055343434945691425;0.611795547118958;0.12359876874571345;0.7907377508103628];0.7756166805644698;0.25
2542;0.43830471364236606;0.9759513898406282;6;0.5105256902383208;[0.35514805686675904;0.8927947330650212;0.5214613704179731;1.0591080466162353];0.7733470012893445;0.25
2948;0.8682215607485902;0.8072390203590032;6;0.4606512723573866;[0.7859077759240521;0.7249252355344651;0.9505353455731284;0.8895528051835413];0.7765467286806673;0.25
318;0.17745933740059383;0.10492357389710533;5;0.7523557839549937;[0.08795735878347141;0.015421595279982908;0.2669613160177162;0.19442555251422775];0.7684052960230946;0.25
2338;8.12855702909232E-4;0.028540533678179214;6;0.6077773494408214;[-0.09188077307962704;-0.06415309510435706;0.0935064844854455;0.12123416246071549];0.768582861721726;0.25
7363;0.5980146430906587;7.802194795338835E-4;6;0.590889677585984;[0.5150665474342729;-0.08216787617685184;0.6809627387470444;0.0837283151359196];0.7770319354394043;0.25
2491;0.6078165347377398;0.2536100684901673;6;0.4666936883254492;[0.5146813064605993;0.16047484021302685;0.7009517630148803;0.3467452967673078];0.7758549345282288;0.25
424;0.010718941881208144;0.5014966379884668;5;0.6053981107053402;[-0.07559024058393668;0.4151874555233219;0.09702812434635297;0.5878058204536116];0.7762381701206692;0.25
5808;0.9053065858603581;0.23918033111117198;7;0.5399934348648878;[0.8134913295945836;0.1473650748453975;0.9971218421261325;0.33099558737694645];0.7730905818566655;0.25
2582;0.2737284307122999;0.6255393725558458;6;0.035703456928604604;[0.1851704452077655;0.5369813870513114;0.36228641621683433;0.7140973580603802];0.7756754090388029;0.25
5934;0.6962542105726977;0.770934701416774;6;0.5191262253966766;[0.6096217542208145;0.6843022450648909;0.7828866669245808;0.8575671577686571];0.7826906569644773;0.25
7874;0.3687350774439978;0.5940124230409944;6;0.49515751277285613;[0.2821035812264369;0.5073809268234335;0.4553665736615587;0.6806439192585554];0.7679979345905885;0.25
825;0.8622116558775472;0.09585468936361044;6;0.6526284540036957;[0.7763090208509562;0.009952054337019428;0.9481142909041382;0.18175732439020145];0.7676692692661087;0.25
4168;0.6420507813336043;0.6361839754370479;6;0.46634037239514137;[0.5559589800592525;0.5500921741626961;0.7281425826079561;0.7222757767113996];0.7700671057414311;0.25
6695;0.22968349059938442;0.14620942360409533;6;0.5635206702805903;[0.14370477148458127;0.06023070448929217;0.31566220971418757;0.23218814271889848];0.7779350317299575;0.25
2778;0.801949808103012;0.025252464166444333;6;0.5668364122785353;[0.7151526103811758;-0.06154473355539178;0.8887470058248481;0.11204966188828044];0.7716799257176419;0.25
2998;0.9135771441865239;0.41676424000876944;6;0.4639539251966847;[0.8276965282416417;0.33088362406388727;0.9994577601314061;0.5026448559536516];0.7701940200032829;0.25
4757;0.28180193627828687;0.34841606607430753;7;0.35190390321908216;[0.19043235920684304;0.2570464890028637;0.3731715133497307;0.43978564314575136];0.774255843512219;0.25
1436;0.9016023182991011;0.36720276526623846;6;0.5730680172433226;[0.8154507272525957;0.28105117421973314;0.9877539093456065;0.4533543563127438];0.7763406869323244;0.25
5230;0.8859152143309038;0.1791600241284738;6;0.3620942711442303;[0.7958664005356215;0.08911121033319146;0.9759640281261861;0.2692088379237561];0.7749467942245976;0.25
881;0.9991645233028138;0.8594175924458405;6;0.6325458667805327;[0.9082938168452481;0.7685468859882748;1.0900352297603795;0.9502882989034062];0.7756666651706354;0.25
9744;0.8858921255427842;0.4012247973483337;6;0.6191653687500324;[0.8022477891143894;0.31758046091993897;0.9695364619711789;0.48486913377672847];0.7843372205055246;0.25
3072;0.7828559167452858;0.7394978714603668;6;0.5906061905022415;[0.6936757718839431;0.6503177265990242;0.8720360616066284;0.8286780163217095];0.771343991031824;0.25
121;0.8032299356956027;0.0302596168527689;6;0.3254262531959232;[0.7170969288268716;-0.05587339001596221;0.8893629425643339;0.11639262372150001];0.7772362688049975;0.25
7859;0.04785713276046133;0.09213824745575216;6;0.5134405314763946;[-0.04209197166679121;0.002189143028499624;0.13780623718771387;0.1820873518830047];0.7805062101271912;0.25
2199;0.8960167013547428;0.5178338183974227;6;0.45683395010893985;[0.805947987788259;0.427765104830939;0.9860854149212265;0.6079025319639064];0.768436166661237;0.25
8097;0.668530308603617;0.5864506013363551;6;0.5490552793485214;[0.5816609195709669;0.49958121230370495;0.755399697636267;0.6733199903690051];0.7743384563515653;0.25
9140;0.5695720845479104;0.10304385878689826;6;0.5318604524510646;[0.4815220364870719;0.014993810726059736;0.6576221326087489;0.19109390684773678];0.7796563317646633;0.25
8760;0.5979127061573695;0.2789064947546232;6;0.6067016064303878;[0.5088052248359513;0.189799013433205;0.6870201874787877;0.3680139760760414];0.7578891360374184;0.25
1957;0.7475324882914901;0.5505038072771872;6;0.5028711557204135;[0.6628199198313623;0.4657912388170594;0.8322450567516179;0.6352163757373149];0.7808232644259558;0.25
8425;0.14353872886817465;0.5828074166939916;6;0.5349638033321311;[0.04926268510983739;0.48853137293565435;0.2378147726265119;0.6770834604523288];0.7692181180515247;0.25
4291;0.5534017085862457;0.7946609660613289;6;0.37181836525832024;[0.4670271887991114;0.7082864462741946;0.63977622837338;0.8810354858484631];0.7755374473565745;0.25
2047;0.7784101179503792;0.2591675716126965;6;0.47793207945483707;[0.6863463028027784;0.16710375646509573;0.8704739330979799;0.35123138676029725];0.7783537921829312;0.25
7406;0.7343137814705802;0.27628511104827935;6;0.5924103527429736;[0.6457528012090815;0.18772413078678057;0.822874761732079;0.36484609130977813];0.7719891536508312;0.25
6876;0.003465791555490483;0.41252866373582886;6;0.46932010844881117;[-0.08758292517404033;0.32147994700629806;0.0945145082850213;0.5035773804653597];0.76943600441687;0.25
3259;0.7071619596666564;0.5882357794347783;6;0.34918891611994085;[0.6217050062647226;0.5027788260328445;0.7926189130685902;0.6736927328367122];0.7697478936213423;0.25
8718;0.6760419901262541;0.24363635408131223;6;0.5915671846830775;[0.5871144875230901;0.15470885147814828;0.764969492729418;0.3325638566844762];0.7809854295982708;0.25
7983;0.2776411073019082;0.7031590676964101;6;0.4769635559181416;[0.195608286772592;0.6211262471670939;0.3596739278312244;0.7851918882257264];0.7733487490466294;0.25
5507;0.8817090432122074;0.4616320397621094;5;0.32372970976853643;[0.7963214899868746;0.37624448653677656;0.9670965964375403;0.5470195929874423];0.7714626453976651;0.25
5962;0.5361234777808752;0.5297354927781115;6;0.5287774478285815;[0.44842830809250567;0.44204032308974195;0.6238186474692448;0.617430662466481];0.7799442137112256;0.25
4710;0.5387305956320005;0.847308900979131;6;0.5398407358470625;[0.4481598032120767;0.7567381085592072;0.6293013880519244;0.9378796933990549];0.7752315851665148;0.25
6172;0.4648967327507971;0.6900100756136969;6;0.7720530916096053;[0.3758063287730228;0.6009196716359225;0.5539871367285715;0.7791004795914712];0.770987120417028;0.25
260;0.03447482815492148;0.3778412654149285;6;0.523090069578329;[-0.052809846283273454;0.2905565909767336;0.12175950259311641;0.46512593985312345];0.7720299886981734;0.25
5402;0.5325688860071116;0.8401365589588193;6;0.3313916354486003;[0.444286448062037;0.7518541210137447;0.6208513239521862;0.928418996903894];0.7634452694386854;0.25
8898;0.3251105810120838;0.41744516854782854;7;0.5028644461669911;[0.24208819194620596;0.3344227794819507;0.4081329700779616;0.5004675576137063];0.7732681373321565;0.25
9115;0.17059985880421635;0.4242062702295134;6;0.7474137511184907;[0.08155315830463646;0.3351595697299335;0.25964655930379626;0.5132529707290933];0.7762868464855293;0.25
7407;0.4592571757395094;0.9307365003510506;6;0.44782949738759303;[0.3760971960163201;0.8475765206278613;0.5424171554626988;1.0138964800742398];0.7594008115797919;0.25
6335;0.9479541380916394;0.4119595190011419;6;0.4494404847223605;[0.857864820769896;0.3218702016793985;1.0380434554133828;0.5020488363228853];0.779091046115852;0.25
1843;0.6202203574573455;0.6447350503260634;6;0.7929937632496703;[0.531514263327695;0.5560289561964129;0.708926451586996;0.7334411444557138];0.7780026426492649;0.25
9972;0.0931800795012914;0.7795426243430754;6;0.46419600314862475;[7.088381763179497E-4;0.687071383018102;0.18565132082626484;0.8720138656680488];0.7782362139220336;0.25
7231;0.1521802311233922;0.6337452567657175;6;0.31789021727850564;[0.06643403626482294;0.5479990619071482;0.23792642598196148;0.7194914516242867];0.7763858545353733;0.25
2710;0.41399302475802835;0.6139561336134719;6;0.5139574857001028;[0.32794948436927857;0.5279125932247221;0.5000365651467782;0.6999996740022217];0.7720088148460759;0.25
7999;0.0987100434782251;0.6494045738371577;6;0.6248629334657964;[0.011396737099874973;0.5620912674588076;0.1860233498565752;0.7367178802155078];0.7798719418923801;0.25
4549;0.26841204054877776;0.9468947355303703;6;0.5203043427506369;[0.18019246579634773;0.8586751607779403;0.3566316153012078;1.0351143102828004];0.772051664873391;0.25
5380;0.5247651372606943;0.8495613215010848;6;0.6617770962564249;[0.439541311799583;0.7643374960399735;0.6099889627218056;0.9347851469621961];0.776419882824846;0.25
9015;0.7232064159344289;0.42773877288140844;6;0.7224368959496453;[0.6365080984256343;0.34104045537261374;0.8099047334432236;0.5144370903902031];0.7767471238263206;0.25
8012;0.5181813850963704;0.697485014970582;7;0.7309052521332702;[0.4291680317894439;0.6084716616636555;0.6071947384032969;0.7864983682775085];0.7775922589936018;0.25
990;0.03837040473404846;0.22408793487904943;6;0.4168400257579418;[-0.051503124975171816;0.13421440516982916;0.12824393444326873;0.3139614645882697];0.7650234322460289;0.25
8225;0.34138221204654384;0.5801810826852953;6;0.5083195189095291;[0.25485647415861673;0.4936553447973682;0.42790794993447095;0.6667068205732225];0.7712136324877865;0.25
8337;0.12033935680396407;0.3836511632738634;6;0.5177784362871466;[0.030014185657488243;0.2933259921273876;0.21066452795043988;0.4739763344203392];0.777149101891501;0.25
6189;0.6161675405501981;0.6761235350858794;6;0.41250041737363635;[0.5265618058475549;0.5865178003832362;0.7057732752528413;0.7657292697885226];0.7764570706244912;0.25
2791;0.5775938688462057;0.5995574680061335;6;0.5874056504442309;[0.49084754517175877;0.5128111443316866;0.6643401925206526;0.6863037916805804];0.767579410036055;0.25
9872;0.2182214303474888;0.7935241175574905;6;0.5467279166721969;[0.13187147506899133;0.707174162278993;0.3045713856259863;0.8798740728359881];0.7832810771989966;0.25
3422;0.6310562283231497;0.8568321158139528;6;0.5588353876807317;[0.5464899310662968;0.7722658185571;0.7156225255800025;0.9413984130708056];0.7811758864400655;0.25
2800;0.09843873829104294;0.7119850359994642;6;0.6583598879382928;[0.013362574672114436;0.6269088723805356;0.18351490190997144;0.7970611996183927];0.7763271990439775;0.25
692;0.8075352298716634;0.8816022632020343;6;0.4646141491072369;[0.7163439115352368;0.7904109448656077;0.89872654820809;0.9727935815384608];0.7796167379914843;0.25
3550;0.5080166282275702;0.8647497002670302;6;0.3966789165379634;[0.422383669953467;0.779116741992927;0.5936495865016734;0.9503826585411335];0.7697669511296534;0.25
2157;0.36292832824907173;0.7026606567443269;6;0.4541203620401869;[0.2740601914343326;0.6137925199295877;0.4517964650638109;0.791528793559066];0.7764044248158832;0.25
7813;0.657105131288017;0.09027142999264914;6;0.6113094849408621;[0.5737198473069189;0.0068861460115511725;0.740490415269115;0.1736567139737471];0.7746642120572971;0.25
3684;0.18998443398997067;0.5760270596970002;6;0.4250376880990485;[0.1047728491609805;0.49081547486801;0.27519601881896083;0.6612386445259903];0.768037262143128;0.25
1300;0.13832725190634354;0.8705951805165245;6;0.5792437603111069;[0.04748636149565086;0.7797542901058319;0.22916814231703622;0.9614360709272172];0.7823924027574983;0.25
401;0.6194875519641951;0.25494873660268313;6;0.6199003281375867;[0.5337425206492293;0.16920370528771728;0.7052325832791609;0.340693767917649];0.7835781181327883;0.25
5613;0.2474356883788348;0.5234712696397323;6;0.4567303601908293;[0.16614568899166032;0.4421812702525578;0.3287256877660093;0.6047612690269069];0.7716848184201234;0.25
3423;0.15866387622026912;0.3248344271074546;6;0.5447595129452645;[0.0721456058306838;0.23831615671786927;0.24518214660985443;0.4113526974970399];0.7798218715048038;0.25
9881;0.5216916385165071;0.21935383472345904;6;0.47255388373325646;[0.43073278569847734;0.12839498190542925;0.612650491334537;0.31031268754148883];0.7753116625416107;0.25
4871;0.1542370942943473;0.3813319537627304;6;0.5006592887358673;[0.06941778303922008;0.2965126425076032;0.2390564055494745;0.4661512650178576];0.7766832470928267;0.25
2538;0.5837198142133042;0.8842330452712914;6;0.42650117124704345;[0.49393461283092455;0.7944478438889118;0.6735050155956839;0.9740182466536711];0.774045639230935;0.25
8177;0.4143589700678929;0.4098007398333668;6;0.6248560508938692;[0.32477159310690534;0.3202133628723792;0.5039463470288805;0.49938811679435435];0.7820986208048701;0.25
7079;0.263383184140632;0.81176335768323;6;0.401556476989089;[0.1763423224083048;0.7247224959509029;0.35042404587295917;0.8988042194155572];0.7810209293598144;0.25
4140;0.8112156280636621;0.5671502967208817;6;0.42438232729753894;[0.7256848674487292;0.4816195361059487;0.896746388678595;0.6526810573358146];0.786964721995934;0.25
6527;0.5190041183195953;0.7054685580165305;6;0.7045701382600186;[0.4340715930184617;0.620536032715397;0.6039366436207287;0.790401083317664];0.7861404954085893;0.25
729;0.42109837349280743;0.24290297071817446;5;0.49019618912333507;[0.3309613825194257;0.15276597974479272;0.5112353644661892;0.3330399616915562];0.7750445846573807;0.25
5212;0.3473376382850576;0.9200092455272717;6;0.6255044185530866;[0.2606819230949901;0.8333535303372042;0.4339933534751251;1.0066649607173392];0.7726543895231746;0.25
9804;0.44272929425644597;0.7409761876616046;6;0.669419031923929;[0.35403583955678797;0.6522827329619466;0.531422748956104;0.8296696423612625];0.7810279448650929;0.25
2969;0.5013336041493864;0.8166810031226217;6;0.3771841345519236;[0.41822322237433757;0.7335706213475728;0.5844439859244354;0.8997913848976706];0.7747885916972125;0.25
2756;0.8120851708995673;0.5035879696224895;6;0.5870585520155811;[0.728583557359441;0.4200863560823632;0.8955867844396936;0.5870895831626158];0.7733347566988551;0.25
4988;0.5032695683939918;0.5795855011774455;6;0.3931167565733968;[0.41560287634770426;0.4919188091311579;0.5909362604402794;0.667252193223733];0.774579563857948;0.25
1288;0.5222765059847677;0.6340906442861325;6;0.6465912465213675;[0.4332582232487754;0.5450723615501402;0.61129478872076;0.7231089270221248];0.764839550217382;0.25
3837;0.5047484636000497;0.7096648887809701;6;0.7151444909475383;[0.417465077816926;0.6223815029978464;0.5920318493831733;0.7969482745640938];0.769915072423419;0.25
4500;0.5698005443785765;0.608492037724295;6;0.4907327577543789;[0.48058405980288016;0.5192755531485987;0.6590170289542728;0.6977085222999914];0.777410708124814;0.25
165;0.8645743431995834;0.8667562751573804;6;0.5287981241795192;[0.7734709297599169;0.775652861717714;0.9556777566392498;0.9578596885970468];0.7719199870484563;0.25
941;0.5117498039585582;0.8776919022030022;6;0.4323786087821767;[0.4249471705485695;0.7908892687930136;0.5985524373685468;0.9644945356129908];0.7768045570757932;0.25
327;0.12779374239601168;0.9216411361618668;6;0.552862545220894;[0.0385482853542152;0.8323956791200704;0.21703919943780817;1.0108865932036633];0.7759230738077443;0.25
4466;0.6810293530251568;0.7709283589545761;6;0.578569694605313;[0.5971467856631256;0.687045791592545;0.7649119203871879;0.8548109263166073];0.770933571358319;0.25
2604;0.32328920934938227;0.7597678396491956;6;0.5911517879042596;[0.23795009077924603;0.6744287210790594;0.40862832791951853;0.8451069582193318];0.773652280711732;0.25
1565;0.2414290135258443;0.7266957028084967;6;0.4879812195779208;[0.1481621271057148;0.6334288163883672;0.3346958999459738;0.8199625892286262];0.7764300564429659;0.25
2063;0.8173838546181063;0.8913682379856482;6;0.39758407252685385;[0.7285647523453557;0.8025491357128977;0.9062029568908568;0.9801873402583988];0.7713729371231873;0.25
1694;0.6586358323256258;0.47219408493388176;6;0.3568286603829871;[0.5737803595489435;0.38733861215719934;0.7434913051023082;0.5570495577105642];0.7726288800736474;0.25
8212;0.28124272679197126;0.5141233620036441;6;0.5532223908025062;[0.19064706102338644;0.42352769623505926;0.37183839256055606;0.6047190277722289];0.7751486322414415;0.25
1027;0.1322485878996663;0.21961138928157953;6;0.5893535571535161;[0.04292803449818394;0.13029083588009718;0.22156914130114863;0.3089319426830619];0.7808489627659835;0.25
352;0.4132319348164962;0.5041451352099294;6;0.5062370474162534;[0.32616331215989725;0.41707651255333045;0.5003005574730952;0.5912137578665284];0.7699626829899021;0.25
8857;0.3733818021212498;0.9308760917939914;6;0.47619981558984276;[0.28070745431711586;0.8382017439898575;0.4660561499253837;1.0235504395981254];0.7815524993974702;0.25
8746;0.7129988033426787;0.713787565326769;6;0.4341894256557006;[0.6255241106560195;0.6263128726401098;0.8004734960293379;0.8012622580134282];0.7808596925179493;0.25
1181;0.2900805551188079;0.8841777134591388;6;0.47708188615561675;[0.19637749507316649;0.7904746534134973;0.38378361516444937;0.9778807735047802];0.771969223511565;0.25
9733;0.17342059052250886;0.6918951938539087;6;0.5055885099045472;[0.08707045048895375;0.6055450538203536;0.259770730556064;0.7782453338874639];0.7746165210150602;0.25
1708;0.45936876922270853;0.781410330265127;6;0.5187456074102669;[0.3697945325101114;0.6918360935525298;0.5489430059353057;0.8709845669777241];0.7736172585342744;0.25
538;0.004702731654011916;0.4598682035351297;6;0.3712801193317038;[-0.08342532701443946;0.37174014486667833;0.09283079032246329;0.5479962622035811];0.7705318521637516;0.25
251;0.44702957793598536;0.4830672333915478;6;0.5516212410164639;[0.36203247735099753;0.39807013280656;0.5320266785209732;0.5680643339765356];0.7756541757893399;0.25
8264;0.14985566002592016;0.4723914806201985;6;0.6066542329172984;[0.05994858299101148;0.3824844035852898;0.23976273706082885;0.5622985576551072];0.7756332782648713;0.25
2540;0.5518333174543835;0.7370524081159007;6;0.62230842305587;[0.46462504117259684;0.649844131834114;0.6390415937361701;0.8242606843976873];0.7846118855631312;0.25
7883;0.4622403429180811;0.1846992447538759;6;0.5542579064572862;[0.37422366391441786;0.09668256575021264;0.5502570219217443;0.27271592375753917];0.7725081312441391;0.25
2271;0.668261398288827;0.49469422161642723;6;0.5136562566757589;[0.57837953270614;0.4048123560337402;0.7581432638715141;0.5845760871991142];0.7831414190208115;0.25
2114;0.34192966280682724;0.42100327168967516;6;0.5263815269466305;[0.2539770448697048;0.3330506537525527;0.4298822807439497;0.5089558896267976];0.7777461963311592;0.25
2330;0.33783497540172147;0.3908994875875911;6;0.4009084793044385;[0.24974164271258092;0.30280615489845053;0.425928308090862;0.4789928202767316];0.781914476866201;0.25
2849;0.9883418039136443;0.606782597081038;6;0.42823805139786214;[0.8957309681825139;0.5141717613499075;1.0809526396447748;0.6993934328121685];0.769577577082364;0.25
9878;0.5905177138208713;0.7144130869723979;6;0.5660557353438777;[0.5035368778690236;0.6274322510205502;0.677498549772719;0.8013939229242456];0.7746015395459463;0.25
7642;0.32072760857528626;0.05327437347396502;6;0.3663251957135851;[0.2274567700451062;-0.03999646505621504;0.4139984471054663;0.14654521200414508];0.7791774226986753;0.25
1271;0.20168398629467454;0.5494857866115941;6;0.44554909568793416;[0.11485588550060785;0.4626576858175274;0.2885120870887412;0.6363138874056607];0.7782924158451898;0.25
1252;0.15330713005696056;0.7328951271433521;6;0.46877375597844173;[0.06959526699371596;0.6491832640801075;0.23701899312020516;0.8166069902065968];0.7649325075573201;0.25
6004;0.21797585292544905;0.9996752518746862;5;0.45326352247860563;[0.12990512745703925;0.9116045264062764;0.30604657839385885;1.087745977343096];0.7762360854776504;0.25
2177;0.33821897590619154;0.9686528224476254;6;0.4848294852417993;[0.2479371947241803;0.8783710412656142;0.4285007570882028;1.0589346036296368];0.7826292348274402;0.25
8217;0.15588816913059975;0.5073289747657426;6;0.4062520702701229;[0.06882764073960224;0.42026844637474503;0.24294869752159726;0.5943895031567401];0.7679112476808052;0.25
8441;0.5466647155553239;0.007784464874688424;6;0.4035192094262918;[0.4527620153490832;-0.08611823533155227;0.6405674157615646;0.10168716508092912];0.7682276900460675;0.25
9009;0.6969891807391775;0.5113398568507741;6;0.5880094428165735;[0.6118010656283863;0.42615174173998294;0.7821772958499686;0.5965279719615653];0.7764992202310427;0.25
6891;0.6477808050619248;0.8837476312435091;6;0.35361374704154713;[0.5572815685035903;0.7932483946851745;0.7382800416202593;0.9742468678018437];0.7732245626393174;0.25
7156;0.5284880784505972;0.38290002901509024;6;0.5201111020855218;[0.4480880692463042;0.3025000198107972;0.6088880876548902;0.46330003821938326];0.7649303685868933;0.25
7982;0.18792408443033454;0.7493555660130783;6;0.3726307824393581;[0.09987136617091469;0.6613028477536584;0.2759768026897544;0.8374082842724981];0.759999254676279;0.25
3720;0.0869242682150777;0.7267670223746727;6;0.5388979066144303;[-0.0025071703159077474;0.6373355838436873;0.17635570674606316;0.8161984609056582];0.7676536957166168;0.25
8737;0.004570566337903426;0.7093719912727194;6;0.4997139337740734;[-0.08707542724553774;0.6177259976892783;0.09621655992134459;0.8010179848561606];0.7737726135261073;0.25
5985;0.5620304145417853;0.4261381354036932;6;0.4215526392072847;[0.4783764250662953;0.3424841459282032;0.6456844040172752;0.5097921248791832];0.7660179880732311;0.25
3112;0.5762241549160904;0.9646877151502357;6;0.5366135082161443;[0.4880494367121423;0.8765129969462876;0.6643988731200384;1.0528624333541836];0.7696378857104966;0.25
7411;0.42358270366383044;0.9583299972122535;6;0.5496560672517139;[0.3383055439630539;0.873052837511477;0.508859863364607;1.04360715691303];0.7800350933564469;0.25
2892;0.4778244997530071;0.6033885511323522;6;0.5532537730246474;[0.3909699471203558;0.5165339984997009;0.5646790523856584;0.6902431037650035];0.7721942061731668;0.25
2810;0.5952529778982358;0.04997424355320357;5;0.618823438046105;[0.5026026904743089;-0.042676043870723324;0.6879032653221627;0.14262453097713046];0.7740966774206105;0.25
3295;0.5689316337625188;0.6738832526988938;6;0.6483196625164056;[0.4818611727367155;0.5868127916730905;0.656002094788322;0.7609537137246971];0.7697449029665703;0.25
8555;0.025231850978366943;0.8303724822283591;7;0.47219280668330704;[-0.06449628932283986;0.7406443419271523;0.11495999127957375;0.9201006225295659];0.7854104713937097;0.25
1043;0.08982121333555054;0.29552497383674514;6;0.41224745520664874;[0.0015903967290118448;0.20729415723020644;0.17805202994208924;0.38375579044328384];0.778314456260898;0.25
9257;0.22920177202309203;0.8108780262852192;6;0.4321900394770164;[0.14145491256461712;0.7231311668267443;0.31694863148156693;0.8986248857436941];0.7793041097187751;0.25
7200;0.46049657431424257;0.8051742611889519;6;0.5484577407825558;[0.37099940126167535;0.7156770881363846;0.5499937473668098;0.8946714342415191];0.7798022235667894;0.25
3365;0.48043599206495213;0.5580294431564821;6;0.4875182976172436;[0.39372312259735676;0.4713165736888867;0.5671488615325475;0.6447423126240774];0.7746095846996824;0.25
6723;0.2627267401494496;0.8529991561825035;6;0.7796006698245153;[0.17412244868494237;0.7643948647179963;0.3513310316139568;0.9416034476470108];0.7729153718470549;0.25
4914;0.10977186482565213;0.19094600743371426;6;0.4193596883274394;[0.021364079750564494;0.10253822235862663;0.19817964990073977;0.2793537925088019];0.7881497087814846;0.25
1787;0.3385842661858728;0.6234054258645617;6;0.3126656733827229;[0.24772242315036336;0.5325435828290523;0.4294461092213822;0.7142672689000711];0.7703365934825376;0.25
4996;0.40228903101153;0.9321875188119679;6;0.471829200662133;[0.31438631282265617;0.8442848006230941;0.49019174920040387;1.0200902370008418];0.7679414733759294;0.25
7129;0.7709222770007363;0.8854918143461492;6;0.5038773513761862;[0.6897562435765651;0.8043257809219779;0.8520883104249076;0.9666578477703205];0.7793376558548524;0.25
2864;0.16793628204865801;0.7154503838541582;6;0.4533811267655367;[0.07641806204613463;0.6239321638516347;0.25945450205118137;0.8069686038566816];0.7732434328577369;0.25
7152;0.043507777551548804;0.33711199410928583;6;0.6173572109755234;[-0.04515108637329468;0.24845313018444234;0.1321666414763923;0.4257708580341293];0.7712519605039867;0.25
3258;0.21085367384997522;0.6377765846980512;6;0.620195310718177;[0.12137687032499106;0.548299781173067;0.3003304773749594;0.7272533882230354];0.7770151658448876;0.25
4053;0.4129823063987034;0.36837199017881356;6;0.5604348553008266;[0.32479446312694116;0.2801841469070513;0.5011701496704657;0.4565598334505758];0.7727190256744783;0.25
7566;0.46840751178166296;0.9632356054690233;6;0.561288464757364;[0.38026594080808956;0.8750940344954499;0.5565490827552364;1.0513771764425968];0.7761803586659108;0.25
3868;0.007476678493279487;0.7568105145531452;6;0.33080815774653427;[-0.08046939968112525;0.6688644363787405;0.09542275666768422;0.8447565927275499];0.777114861986987;0.25
1252;0.5331666768420054;0.837709767550208;6;0.46877375597844173;[0.44666861526284796;0.7512117059710506;0.6196647384211628;0.9242078291293654];0.7649325075573201;0.25
5539;0.6464590978846811;0.18626912950126773;6;0.2866849308432289;[0.563425980163268;0.1032360117798545;0.7294922156060943;0.2693022472226809];0.782944709091882;0.25
2006;0.02634583523722639;0.9747612203624062;6;0.41767143565488496;[-0.06039979078181795;0.8880155943433619;0.11309146125627073;1.0615068463814505];0.7741217367087936;0.25
7218;0.19340155178896135;0.44026960572701596;6;0.6184568216510558;[0.10953984263729706;0.35640789657535166;0.27726326094062564;0.5241313148786803];0.782947624682963;0.25
5659;0.3350368173850728;0.7272699946524916;6;0.608972190965812;[0.24788579397012697;0.6401189712375458;0.4221878408000186;0.8144210180674375];0.7792929817398784;0.25
2717;0.5154474058425675;0.8160934538982164;6;0.6042096229388575;[0.4287898352485871;0.729435883304236;0.6021049764365479;0.9027510244921968];0.7836676713543226;0.25
8104;0.24079819010932474;0.7855971664700876;6;0.5133793120085509;[0.15044555302163726;0.6952445293824001;0.3311508271970122;0.8759498035577751];0.7697439252741864;0.25
4490;0.7175978926759934;0.8342589832391558;6;0.45985803775759704;[0.62941994594077;0.7460810365039324;0.8057758394112168;0.9224369299743792];0.7724104623319815;0.25
5211;0.8602221855183474;0.10398719978833737;6;0.6377137911952176;[0.7711642923330047;0.014929306602994616;0.9492800787036901;0.1930450929736801];0.7801282298009462;0.25
1458;0.216013811919453;0.7238464003125421;6;0.5121344906658355;[0.1260123472496564;0.6338449356427455;0.30601527658924965;0.8138478649823387];0.7760813253380338;0.25
1637;0.07967271192388325;0.8308711307613041;6;0.41524464126547234;[-0.00691399304816151;0.7442844257892594;0.16625941689592802;0.9174578357333489];0.7708666275709877;0.25
2352;0.5785846877191876;0.7782848236295071;6;0.47906938610051536;[0.4884980404881467;0.6881981763984663;0.6686713349502285;0.868371470860548];0.7721862167607769;0.25
3722;0.23322287542776748;0.8306025077835799;6;0.5736714710919952;[0.1490400001898045;0.7464196325456169;0.31740575066573046;0.9147853830215429];0.7738826300590046;0.25
8620;0.7390429647801418;0.7695154884662551;6;0.5754963369652332;[0.6528298503802439;0.6833023740663572;0.8252560791800396;0.8557286028661529];0.7711007192812704;0.25
6409;0.7535183079474155;0.9864237597717902;6;0.4185253134512626;[0.662542175370519;0.8954476271948937;0.844494440524312;1.0773998923486867];0.7796016299321626;0.25
8993;0.42587229366376445;0.9564548811934639;6;0.542803505237081;[0.3415618555815074;0.8721444431112069;0.5101827317460215;1.040765319275721];0.7757750502177845;0.25
