496;0.7862368963244399;0.18894139144947894;6;0.7071423330805616;[0.697665647647676;0.10037014277271503;0.8748081450012039;0.2775126401262429];0.7723462825912724;0.25
5404;0.18471078586323214;0.40235662910039993;6;0.5297684129349218;[0.09409087622343598;0.3117367194606038;0.2753306955030283;0.4929765387401961];0.7771196558551515;0.25
1671;0.2240308137050204;0.6440968460532859;6;0.5301276127800796;[0.13786914291916363;0.5579351752674291;0.31019248449087716;0.7302585168391427];0.7735471352639866;0.25
5483;0.8921143550894326;0.1036046133632357;5;0.41187214069047023;[0.8082184362940855;0.01970869456788861;0.9760102738847797;0.1875005321585828];0.7804980057710883;0.25
4468;0.99587378648692;0.31406764491921757;6;0.25897568679360494;[0.911184597936147;0.22937845636844456;1.080562975037693;0.3987568334699906];0.7743421408263068;0.25
6861;0.28463676710430497;0.21971601800028173;6;0.3963925824527712;[0.1960139205882082;0.13109317148418498;0.3732596136204017;0.3083388645163785];0.7727923656509283;0.25
5245;0.5439987500724243;0.8488574322031992;6;0.5508729047633916;[0.4572843935235746;0.7621430756543496;0.6307131066212739;0.9355717887520488];0.7843291927003686;0.25
1647;0.32179626663977534;0.16091291027958124;6;0.5692919341634445;[0.2362719504789373;0.0753885941187432;0.4073205828006134;0.24643722644041927];0.7692045739014197;0.25
3706;0.8242526089950648;0.15137022944928735;6;0.5037150817520415;[0.7380830564088616;0.06520067686308414;0.910422161581268;0.23753978203549056];0.7662605877296828;0.25
2692;0.4298569706722827;0.7119135851690049;6;0.35773784472283743;[0.3476970958849335;0.6297537103816558;0.5120168454596318;0.794073459956354];0.7744855750389208;0.25
6249;0.1631511797826548;0.5576038167070074;6;0.5042512585644982;[0.07806533917833917;0.4725179761026918;0.24823702038697043;0.6426896573113231];0.7780101002378558;0.25
2268;0.43025122266359833;0.2786587425976761;6;0.5535293415436624;[0.34283135226639794;0.1912388722004757;0.5176710930607987;0.3660786129948765];0.7841892576840183;0.25
7156;0.09108231170688127;0.6004493624946283;6;0.5201111020855218;[0.003776459825854228;0.5131435106136013;0.17838816358790832;0.6877552143756553];0.7649303685868933;0.25
5578;0.7267563824907146;0.2676897780968139;5;0.5542632674179798;[0.6356426393738501;0.17657603497994936;0.8178701256075791;0.3588035212136784];0.7777033162659667;0.25
7857;0.17576913998965;0.2724554489881031;6;0.3649743733363283;[0.08644676398638249;0.18313307298483558;0.26509151599291747;0.36177782499137057];0.7765329392654107;0.25
9712;0.3171766400158047;0.24788970234365743;5;0.5400661520867491;[0.227048664642465;0.15776172697031773;0.4073046153891444;0.3380176777169971];0.7817748488156279;0.25
3791;0.4972059669878541;0.3613418832642381;6;0.304430628200444;[0.4074569222009953;0.27159283847737936;0.5869550117747129;0.45109092805109685];0.7689193089698761;0.25
2615;0.16837394863238409;0.037772193024434214;6;0.4454462932173991;[0.08115886783704848;-0.04944288777090139;0.25558902942771966;0.12498727381976982];0.77469717600765;0.25
5240;0.4587622822532452;0.15439895088652683;6;0.4589369271359762;[0.37381799307834096;0.0694546617116226;0.5437065714281495;0.23934324006143107];0.7784620826447975;0.25
4209;0.023749737941972604;0.5042861109883603;6;0.47757638951705994;[-0.06282828515708178;0.4177080878893059;0.11032776104102698;0.5908641340874147];0.7707503082752648;0.25
3088;0.5464967981649187;0.26967152148208656;6;0.5297157392398534;[0.4545439913488005;0.17771871466596842;0.6384496049810369;0.3616243282982047];0.768514022521474;0.25
1898;0.15939272349539577;0.6178776092977651;6;0.4735787989910155;[0.07185769841274184;0.5303425842151113;0.2469277485780497;0.705412634380419];0.7756563873110608;0.25
4006;0.003312804879776976;0.8750318835175669;6;0.49414769834178623;[-0.08412363062855611;0.7875954480092338;0.09074924038811007;0.9624683190259];0.7731435135379288;0.25
5520;0.08859857823855521;0.4494591748886817;6;0.5338585505992708;[0.005277396511897139;0.3661379931620236;0.1719197599652133;0.5327803566153397];0.765705360141956;0.25
9869;8.20566680902024E-4;0.5100227587417075;6;0.5218319807866587;[-0.08593758217278913;0.4232646098880164;0.08757871553459318;0.5967809075953987];0.7758666885767223;0.25
9253;0.5823254823643995;0.9678736777574065;6;0.40626509789754556;[0.49626361816864006;0.8818118135616471;0.668387346560159;1.053935541953166];0.7772141103362922;0.25
5181;0.26025198463060367;0.5322376640012214;6;0.6562307729441283;[0.17055224875140323;0.442537928122021;0.3499517205098041;0.6219373998804218];0.7698979078183389;0.25
9459;0.564501800383667;0.9035913959514381;6;0.7105192942485916;[0.47453982234119013;0.8136294179089612;0.654463778426144;0.9935533739939151];0.7712475826857649;0.25
5108;0.12861087994955436;0.07794745000640463;6;0.6476695460924722;[0.038880295962992445;-0.01178313398015729;0.21834146393611628;0.16767803399296655];0.7787965696405612;0.25
1398;0.35141766995398654;0.9538093785951663;6;0.5772350794845813;[0.2646471867659167;0.8670388954070966;0.4381881531420564;1.0405798617832362];0.7764863438745934;0.25
3345;0.38684821546968806;0.13443197507846932;6;0.6339870742591136;[0.29588065571458766;0.04346441532336892;0.47781577522478846;0.22539953483356973];0.7766584647665757;0.25
3452;0.2878566446644624;0.033027351935522614;6;0.6141493016597845;[0.2003081427677449;-0.054521149961194934;0.37540514656117996;0.12057585383224016];0.7669804945747833;0.25
9692;0.8502594348729402;0.47443387826099076;6;0.5694645076235241;[0.7672747198600367;0.39144916324808726;0.9332441498858437;0.5574185932738943];0.7815110187179793;0.25
3509;0.03228053578812062;0.522504793350261;6;0.5312678379279593;[-0.058262938347855356;0.43196131921428504;0.1228240099240966;0.613048267486237];0.788190572303293;0.25
400;0.059662755591217836;0.42267343722693906;6;0.6362680932927576;[-0.027766131580324524;0.3352445500553967;0.1470916427627602;0.5101023243984815];0.777764745875648;0.25
5230;0.16241409153947342;0.898442894180244;6;0.3620942711442303;[0.07221530080029358;0.8082441034410642;0.25261288227865325;0.9886416849194238];0.7749467942245976;0.25
1388;0.18955324175474583;0.38890252491332994;6;0.5096953874904189;[0.09995330450897101;0.29930258766755513;0.27915317900052067;0.47850246215910475];0.7782811796549309;0.25
4029;0.6400753386440511;0.3830932661300688;7;0.5377806796958132;[0.5576212357937296;0.3006391632797473;0.7225294414943726;0.46554736898039023];0.7756614426912075;0.25
3145;0.6381675754958943;0.44804925664987305;6;0.4353600247544162;[0.5477652505924447;0.3576469317464234;0.7285699003993439;0.5384515815533226];0.7696553029243922;0.25
246;0.1915943018081392;0.6682619711356896;6;0.44067970978427345;[0.1033729589780896;0.5800406283056401;0.27981564463818875;0.7564833139657392];0.7725874097311773;0.25
4363;0.03414233702466929;0.3550623970778809;6;0.6332545822535149;[-0.05224860520286989;0.2686714548503417;0.12053327925220847;0.4414533393054201];0.7758048261761463;0.25
6567;0.4293795774640049;0.450093084227376;6;0.42269449855719204;[0.3448909278014822;0.36560443456485325;0.5138682271265276;0.5345817338898987];0.768332894254318;0.25
1896;0.5961620908711245;0.6501796347411569;6;0.5488536918465154;[0.5050555280820929;0.5590730719521253;0.6872686536601561;0.7412861975301885];0.7783270787934781;0.25
8974;0.27125893163362946;0.3711429853516968;6;0.3349520039190389;[0.18235329258711622;0.2822373463051836;0.36016457068014274;0.46004862439821004];0.7724386822026253;0.25
6694;0.3683036277650878;0.5082329235230683;7;0.5296037658577171;[0.28162606459580175;0.4215553603537822;0.45498119093437384;0.5949104866923544];0.7724057331373873;0.25
1012;0.1839847408837012;0.6479590330549401;6;0.5012146147495192;[0.10336260246165743;0.5673368946328963;0.264606879305745;0.7285811714769839];0.7760582349704994;0.25
7354;0.8077831810183662;0.5168452483602197;6;0.341173495098516;[0.7175664192613657;0.42662848660321917;0.8979999427753668;0.6070620101172203];0.7736985123431778;0.25
7078;0.7002531410452242;0.22177367463525371;6;0.6039248647074444;[0.6143743082067626;0.13589484179679218;0.7861319738836857;0.30765250747371525];0.7726485353466903;0.25
1399;0.39787838943660425;0.5019576546440658;6;0.5090160301778955;[0.31445828912422447;0.41853755433168605;0.48129848974898404;0.5853777549564456];0.7577710110222852;0.25
5175;0.058945887835284844;0.5200541411765818;6;0.6176897532938119;[-0.02753089590157612;0.4335773574397208;0.1454226715721458;0.6065309249134427];0.7671469332521658;0.25
2532;0.22041505397573097;0.270801534485398;6;0.33812597463217875;[0.13400996997038864;0.18439645048005568;0.3068201379810733;0.3572066184907403];0.7797302050999583;0.25
3072;0.09623201184288821;0.45609705789805915;6;0.5906061905022415;[0.00874890019774413;0.3686139462529151;0.1837151234880323;0.5435801695432032];0.771343991031824;0.25
4305;0.34168971785840746;0.4405240325802158;6;0.41844880718474353;[0.25309070474618145;0.3519250194679898;0.43028873097063347;0.5291230456924417];0.7739054634103422;0.25
561;0.5102266538297692;0.3193575139935426;7;0.6879563241649451;[0.4228563598611586;0.23198722002493205;0.5975969477983797;0.4067278079621532];0.7731221936302487;0.25
5608;0.5343504951445801;0.04338836739711771;6;0.3407925583871704;[0.44659227243089505;-0.044369855316567355;0.6221087178582652;0.13114659011080276];0.7749383246699095;0.25
6734;0.2068213232927904;0.08010968200590886;6;0.40021765930047476;[0.12063867202430892;-0.006072969262572628;0.2930039745612719;0.16629233327439036];0.7812923116933125;0.25
1451;0.14506329638509188;0.050867762475930195;6;0.5539413029069196;[0.0535507462552136;-0.04064478765394809;0.23657584651497016;0.14238031260580847];0.7784409466616397;0.25
5388;0.5007549904615126;0.5355171992535126;6;0.37498478771826604;[0.41129966313092914;0.4460618719229291;0.5902103177920961;0.6249725265840961];0.7677370766904933;0.25
6502;0.8657256708051344;0.013064564380404098;5;0.48928247328034;[0.7791632312900386;-0.0734978751346917;0.9522881103202302;0.0996270038954999];0.7744136091053231;0.25
5719;0.11573767007244687;0.7158052354357491;5;0.5589888528106364;[0.02906514867698562;0.6291327140402879;0.20241019146790812;0.8024777568312104];0.7699697480357952;0.25
546;0.9138015953127219;0.15343062762611853;6;0.5445697160348452;[0.8234563416090436;0.06308537392244026;1.0041468490164;0.2437758813297968];0.7696711584880841;0.25
9555;0.0761442268160881;0.30227720757536236;7;0.3672985741809933;[-0.014073084045518783;0.21205989671375547;0.16636153767769496;0.39249451843696925];0.7742036915414;0.25
3652;0.2757426417890198;0.11446069588699666;6;0.5199756234622155;[0.19104298136259867;0.029761035460575513;0.36044230221544094;0.1991603563134178];0.7704778596189932;0.25
1106;0.5304626121615632;0.2948140558310084;6;0.665975011174263;[0.4435217150768674;0.20787315874631257;0.6174035092462591;0.3817549529157042];0.7715310291123808;0.25
9209;0.11925008812870413;0.061111833870934024;6;0.45742495591052823;[0.030779717101659887;-0.027358537156110224;0.20772045915574838;0.14958220489797827];0.7697573483762019;0.25
1259;0.895588908733829;0.196832338464213;6;0.6367493320872989;[0.8046126642625824;0.10585609399296639;0.9865651532050757;0.28780858293545963];0.7693716287399048;0.25
8974;0.29289226224954096;0.021749274691875237;6;0.3349520039190389;[0.20286912561751286;-0.06827386194015288;0.38291539888156906;0.11177241132390335];0.7724386822026253;0.25
5950;0.9128649600754879;0.38050524117893786;6;0.6271961412222561;[0.8286244980834427;0.29626477918689265;0.997105422067533;0.46474570317098307];0.7756350660883508;0.25
5536;0.12887168938694718;0.03591233037867486;6;0.4938826453891324;[0.04053374138204745;-0.05242561762622487;0.2172096373918469;0.1242502783835746];0.7779871116117678;0.25
4466;0.41899014055007877;0.5095951004694126;6;0.578569694605313;[0.32883325800034036;0.41943821791967417;0.5091470230998172;0.599751983019151];0.770933571358319;0.25
48;0.8203350717139641;0.005048394721839322;6;0.49608827090368407;[0.7332481858640061;-0.08203849112811878;0.9074219575639222;0.09213528057179743];0.7795087158283113;0.25
3267;0.2620294142160089;0.18044006871922202;6;0.4677877718843425;[0.175299285732439;0.09370994023565213;0.34875954269957876;0.2671701972027919];0.776555623434429;0.25
9166;0.2977251548336057;0.0026742996618636383;6;0.650609075001649;[0.2118191614687481;-0.08323169370299394;0.3836311481984632;0.08858029302672121];0.7716977703643523;0.25
5911;0.26753040300882847;0.0010087132840520818;6;0.3690784884256191;[0.1791323471693969;-0.08738934255537949;0.35592845884826;0.08940676912348365];0.7775881080776091;0.25
3819;0.4864645318378279;0.4991073684116888;6;0.48812070230413196;[0.3978250300992037;0.4104678666730646;0.5751040335764521;0.587746870150313];0.7779971948449674;0.25
3641;0.3117675013235671;0.4347080850319643;6;0.654395237870307;[0.22366644292279803;0.3466070266311952;0.3998685597243362;0.5228091434327334];0.7758498711194932;0.25
3996;0.8384584377997228;0.2630668761445226;6;0.4382030341846494;[0.7518406585713295;0.17644909691612937;0.9250762170281162;0.3496846553729159];0.7763981576058596;0.25
8929;0.5249837453150963;0.3978512389496449;6;0.5035392848740906;[0.43666917225818275;0.3095366658927314;0.6132983183720098;0.48616581200655845];0.7787671096052068;0.25
6217;0.9722877606167103;0.3963889045167857;6;0.3525771550866972;[0.888192491862095;0.31229363576217045;1.0563830293713257;0.48048417327140097];0.7740611006293635;0.25
3300;0.20544297370605547;0.7253163007827453;6;0.6702086587378785;[0.11897726800223245;0.6388505950789223;0.29190867940987847;0.8117820064865684];0.7832031210022451;0.25
9592;0.16591025048177288;0.5171436944680317;6;0.59224588541806;[0.07851276309885073;0.4297462070851095;0.253307737864695;0.6045411818509538];0.7710184021998262;0.25
8236;0.4356533188311822;0.5340690148723288;6;0.5507109932406605;[0.3495549038651085;0.44797059990625515;0.5217517337972559;0.6201674298384026];0.7730253887217533;0.25
1681;0.58892575505802;0.8195731548743934;6;0.502039543085306;[0.5007224383873101;0.7313698382036835;0.6771290717287299;0.9077764715451033];0.7778989893501804;0.25
8000;0.8218869405083895;0.8413348360460471;6;0.481646733196939;[0.7333747629719604;0.7528226585096179;0.9103991180448187;0.9298470135824762];0.7709031556126765;0.25
9146;0.4360688380073927;0.6313564966234104;7;0.5066506131148789;[0.34864741630300833;0.543935074919026;0.5234902597117771;0.7187779183277948];0.7759173424664657;0.25
3687;0.22339634521436463;0.1874302351280126;6;0.5501270339979044;[0.13443392367117418;0.09846781358482216;0.3123587667575551;0.27639265667120305];0.7756674254258287;0.25
5380;0.18232589282873612;0.30875893178428276;6;0.6617770962564249;[0.09760933463133639;0.22404237358688303;0.2670424510261359;0.39347548998168247];0.776419882824846;0.25
9940;0.3795815697955648;0.18585178602420366;6;0.45224802678023257;[0.294724350682253;0.10099456691089188;0.4644387889088766;0.27070900513751545];0.7668563866629011;0.25
5142;0.44691109222759384;0.8526697630094676;6;0.5588709080333842;[0.356994900844999;0.7627535716268727;0.5368272836101887;0.9425859543920625];0.7756711097466916;0.25
3355;0.6246100255513684;0.5481311614376194;6;0.4119461990405467;[0.5369187978252249;0.460439933711476;0.7123012532775118;0.6358223891637629];0.7772435749020316;0.25
3824;0.3612404770152957;0.602486931726538;6;0.4886135302752759;[0.27482345151656123;0.5160699062278036;0.4476575025140302;0.6889039572252724];0.7724921048199402;0.25
1694;0.18637540652831008;0.30909088891898423;6;0.3568286603829871;[0.10026811901058151;0.22298360140125567;0.27248269404603864;0.3951981764367128];0.7726288800736474;0.25
1111;0.16080657899075435;0.5067512702461234;6;0.4334389244395943;[0.07193878238871164;0.41788347364408074;0.24967437559279704;0.5956190668481661];0.7821868669775893;0.25
1273;0.07991326842034607;0.6426229755815036;6;0.5299483245397334;[-0.008006854175249156;0.5547028529859084;0.1678333910159413;0.7305430981770988];0.7703004870992962;0.25
8922;0.9894686549754299;0.41253145859658646;6;0.542606411180206;[0.8999212806045567;0.32298408422571323;1.0790160293463031;0.5020788329674597];0.7796297551280331;0.25
5725;0.6449518974539649;0.876869893692817;6;0.6687307059619325;[0.5518531036870999;0.7837710999259521;0.7380506912208298;0.9699686874596819];0.7746515961395268;0.25
1378;0.063990738623974;0.6645689984323611;6;0.6472008917549996;[-0.025715303226871433;0.5748629565815156;0.15369678047481944;0.7542750402832065];0.7776051461530384;0.25
6997;0.7671338883278727;0.15400326890570515;6;0.6034452045372685;[0.6819388516559394;0.06880823223377187;0.852328924999806;0.23919830557763844];0.7711672482958863;0.25
6047;0.4379028078703985;0.43306402974675073;6;0.5263884537633888;[0.3552718736922938;0.35043309556864605;0.5205337420485032;0.5156949639248555];0.7822463291366821;0.25
6428;0.1324793896322741;0.09364555520342603;6;0.3809836040683811;[0.04214712889497367;0.0033132944661256047;0.2228116503695745;0.18397781594072646];0.7702616382569913;0.25
900;0.1229830796547357;0.4648185091692515;5;0.6246802490431059;[0.03311966679082827;0.37495509630534407;0.21284649251864313;0.5546819220331589];0.7694553848028218;0.25
6685;0.4400995109477108;0.7060285489817429;6;0.551007352284994;[0.3539277198954932;0.6198567579295253;0.5262713019999284;0.7922003400339606];0.7727218286592988;0.25
6508;0.20092076172491047;0.756671111200491;7;0.5495515576088273;[0.1124199627637427;0.6681703122393232;0.2894215606860782;0.8451719101616588];0.766322610320631;0.25
7101;0.23673086567579754;0.09104355186163601;6;0.5045466286733975;[0.14847366611265517;0.0027863522984936523;0.3249880652389399;0.17930075142477836];0.7716637111782907;0.25
3939;0.3872645771156197;0.2949732531372017;6;0.5275604804822429;[0.30122267325900054;0.20893134928058257;0.4733064809722388;0.3810151569938208];0.7769356036602413;0.25
793;0.06773393030190075;0.23701738466582778;6;0.4566246957212113;[-0.01803069510771746;0.15125275925620957;0.15349855571151896;0.322782010075446];0.7834580961905625;0.25
7498;0.3961000686952453;0.10402323579446379;6;0.5564778215246116;[0.3113838630250419;0.019307030124260424;0.48081627436544866;0.18873944146466715];0.7692816463535965;0.25
4284;0.2656830543426678;0.1323949206545606;6;0.4412914440757454;[0.17803305667945674;0.04474492299134952;0.3533330520058789;0.22004491831777168];0.771163795456054;0.25
71;0.5965983987014238;0.19298322808496088;6;0.5693004084803697;[0.5118315549324737;0.10821638431601073;0.681365242470374;0.27775007185391104];0.7707858896331093;0.25
4627;0.47377386095775;0.14695061167603496;6;0.49325736388644187;[0.3820798087436416;0.055256559461926605;0.5654679131718583;0.23864466389014333];0.7791377869224585;0.25
8600;0.4583096728400855;0.2509757653613559;6;0.4722877208972467;[0.3703536014243884;0.1630196939456588;0.5462657442557827;0.338931836777053];0.7744299184271914;0.25
3648;0.3866910318492914;0.7157822988465485;6;0.6663049752368901;[0.2995341784923788;0.628625445489636;0.47384788520620397;0.8029391522034611];0.7702171544727517;0.25
579;0.3770887562187191;0.7124613109100368;6;0.37198424566476584;[0.2871939377832484;0.6225664924745662;0.4669835746541898;0.8023561293455075];0.768349478918599;0.25
3821;0.04746235160974793;0.12481147351959686;6;0.5750642042127119;[-0.043405361077059584;0.03394376083278934;0.13833006429655545;0.21567918620640436];0.764851192454846;0.25
6234;0.7328140760471624;0.2372470571762104;5;0.5717396535371053;[0.6467026972695756;0.15113567839862357;0.8189254548247492;0.3233584359537972];0.7780644593544189;0.25
4046;0.02808216057841184;0.11535011766956031;6;0.4380343407672724;[-0.0646481048551547;0.022619852235993776;0.12081242601197838;0.20808038310312685];0.7684999173115159;0.25
9421;0.9418592546240113;0.6737500336165881;6;0.39169421758705913;[0.8565418025120684;0.5884325815046452;1.0271767067359543;0.7590674857285311];0.7818765655407072;0.25
3007;0.6671019473656652;0.4727092238714007;6;0.6653547795140535;[0.5856468550477499;0.3912541315534855;0.7485570396835804;0.5541643161893159];0.7754448163995928;0.25
8180;0.6949640408768967;0.21179045188386852;6;0.4551288834013144;[0.6088025913055042;0.1256290023124761;0.7811254904482892;0.29795190145526096];0.7792026212626447;0.25
4162;0.481435641560804;0.4989339924275549;6;0.587937775345333;[0.3945872658655403;0.4120856167322912;0.5682840172560677;0.5857823681228186];0.7782632601488814;0.25
2417;0.7543368414478366;0.47797190942902784;6;0.6511710481761268;[0.6691441107025349;0.392779178683726;0.8395295721931384;0.5631646401743297];0.7686398266336069;0.25
7221;0.6286870912569004;0.2824426984627322;7;0.4736668568094922;[0.539296847727051;0.19305245493288276;0.7180773347867497;0.3718329419925816];0.7747585534989886;0.25
5874;0.9235654121246253;0.259500137848675;6;0.6909915377429839;[0.8359618220531256;0.17189654777717533;1.0111690021961248;0.34710372792017463];0.7716828868333736;0.25
6048;0.1528152533173727;0.49786782949269276;6;0.6377307550539963;[0.0708425771158052;0.41589515329112525;0.23478792951894017;0.5798405056942603];0.7756884724178407;0.25
9399;0.33104644109976333;0.43489431115534805;6;0.6495317532157918;[0.2440693537854733;0.347917223841058;0.4180235284140534;0.521871398469638];0.7617360372426617;0.25
297;0.31616149817511247;0.660536757577029;6;0.3461838115043927;[0.2330899189944365;0.577465178396353;0.3992330773557884;0.743608336757705];0.7776433046659526;0.25
4173;0.793716528263153;0.3283032397120357;7;0.673035704029912;[0.7105413400260783;0.24512805147496103;0.8768917165002277;0.4114784279491103];0.779554626835198;0.25
5484;0.33192338188568316;0.548642700412343;6;0.6094990744349389;[0.24475725525156897;0.4614765737782288;0.4190895085197973;0.6358088270464571];0.7699434089809287;0.25
3122;0.6472264343945284;0.9180325428036012;6;0.5149800443402459;[0.556631922998899;0.8274380314079718;0.7378209457901579;1.0086270541992306];0.7753373710768774;0.25
1310;0.5548522832955127;0.12548542652864686;5;0.4007709171865454;[0.4701320905737687;0.04076523380690285;0.6395724760172568;0.21020561925039088];0.7709257019437465;0.25
1015;0.4724804290429501;0.4413242940737073;6;0.507788458416263;[0.3831471266211459;0.3519909916519031;0.5618137314647543;0.5306575964955115];0.7801699031148758;0.25
6893;0.6401215244138414;0.17593436649535768;6;0.5819581914765521;[0.5491246173597518;0.08493745944126814;0.731118431467931;0.26693127354944723];0.7714748176897538;0.25
3291;0.32600613925781613;0.3487513842018648;5;0.6183630980218409;[0.2392990303560645;0.2620442753001132;0.4127132481595678;0.4354584931036164];0.7745481911587774;0.25
8750;0.866972496676889;0.3907561571524074;6;0.6092763016752344;[0.7830540449602768;0.3068377054357951;0.9508909483935013;0.47467460886901974];0.7701556641048737;0.25
9998;0.9363771964840683;0.504891347970791;6;0.595981027714376;[0.854241923628586;0.42275607511530877;1.0185124693395506;0.5870266208262733];0.780014492164479;0.25
6012;0.6200185644472564;0.05974378142498993;6;0.4725351753218472;[0.5353171815392006;-0.024957601483065958;0.7047199473553123;0.14444516433304583];0.777445987656173;0.25
6912;0.29102914490026444;0.39245698663720185;6;0.46580065771741136;[0.20798284055153154;0.30941068228846896;0.3740754492489973;0.47550329098593475];0.772120962755847;0.25
1807;0.7954638026556221;0.5178183799983134;6;0.41023136700628565;[0.7069311174037188;0.42928569474641004;0.8839964879075254;0.6063510652502166];0.7727349364661112;0.25
9023;0.9352630545644716;0.1524602435658631;6;0.16933247907487609;[0.8478206008483843;0.0650177898497758;1.022705508280559;0.2399026972819504];0.7673597094356727;0.25
8252;0.3638257273962868;0.7379837289625619;6;0.6427580404976883;[0.27829662765647556;0.6524546292227507;0.4493548271360981;0.8235128287023732];0.7707294992402051;0.25
8662;0.5596880388692267;0.0889314410338139;6;0.6103323884571502;[0.4725049911326016;0.0017483932971888022;0.6468710866058518;0.176114488770439];0.774094257137171;0.25
9196;0.4146215918322861;0.8736086119995797;6;0.5856279435703429;[0.32888023705173997;0.7878672572190336;0.5003629466128322;0.9593499667801259];0.7770060399599547;0.25
6317;0.34198205073977805;0.14621692285783872;6;0.6458081214536243;[0.25749277357063827;0.06172764568869894;0.42647132790891784;0.2307062000269785];0.770696978617259;0.25
9091;0.21820674309380128;0.5042138736561564;6;0.4909287875165121;[0.13218452482136778;0.41819165538372294;0.3042289613662348;0.59023609192859];0.7743365816573166;0.25
7651;0.36856538461861926;0.4733383017033463;7;0.40230165610596763;[0.2841537316733307;0.3889266487580577;0.45297703756390784;0.5577499546486349];0.7729315383281918;0.25
631;0.5557144809009354;0.5057388877548865;6;0.4562604617847871;[0.46838217311132446;0.4184065799652755;0.6430467886905464;0.5930711955444975];0.7776039954302343;0.25
9252;0.22899269680668133;0.4206900303019795;6;0.4745387531388421;[0.1407871366729071;0.33248447016820526;0.31719825694045556;0.5088955904357537];0.7728120356060371;0.25
5125;0.7858649740306178;0.7140443730125396;6;0.46436722176913703;[0.6983351849139052;0.626514583895827;0.8733947631473304;0.8015741621292523];0.7751606231861816;0.25
7559;0.1659845586180433;0.2696696501269462;6;0.45834156969691925;[0.08304258345781027;0.1867276749667132;0.2489265337782763;0.35261162528717926];0.7772127905050468;0.25
7035;0.9239574918474759;0.2478450808993859;6;0.595446958088437;[0.8351638504728967;0.15905143952480666;1.0127511332220551;0.33663872227396513];0.7802742883095816;0.25
850;0.8314249025677002;0.14220506681273765;6;0.5958991274732808;[0.7445585139088673;0.05533867815390474;0.9182912912265331;0.22907145547157054];0.778180275990524;0.25
8417;0.673025764268121;0.282649253826895;6;0.34697505703821474;[0.5854600965387625;0.19508358609753648;0.7605914319974795;0.37021492155625346];0.7674567494930563;0.25
976;0.866356724794897;0.08343951725423626;6;0.3872280268750953;[0.7768534659632869;-0.006063741577373938;0.9558599836265071;0.17294277608584646];0.7736863716828313;0.25
6914;0.2838743230371139;0.37041975708350827;6;0.5552318965969472;[0.19722607590884558;0.2837715099552399;0.37052257016538226;0.4570680042117766];0.7775025859935945;0.25
5591;0.3979616143299333;0.2807101014631206;6;0.5641027956399675;[0.30733977578949845;0.1900882629226857;0.4885834528703682;0.37133194000355546];0.7826049133077242;0.25
4466;0.881161954042478;0.8310503743216923;6;0.578569694605313;[0.7935589045253124;0.7434473248045267;0.9687650035596436;0.9186534238388578];0.770933571358319;0.25
8637;0.602330172903119;0.8012851287937028;6;0.4843540696538421;[0.5121796058203608;0.7111345617109447;0.6924807399858771;0.891435695876461];0.7743464597827497;0.25
7727;0.6144758733612286;0.2548161776489705;6;0.6583330302567585;[0.5321727713334308;0.17251307562117274;0.6967789753890263;0.3371192796767683];0.7754167979370058;0.25
4351;0.8720973525803349;0.07101758968064384;6;0.49353693861950443;[0.7762665785504167;-0.02481318434927443;0.9679281266102532;0.1668483637105621];0.7783810314567327;0.25
614;0.6480644213379645;0.8105940894876056;5;0.5202384913842653;[0.5600830047824733;0.7226126729321144;0.7360458378934557;0.8985755060430968];0.7855284696421434;0.25
7961;0.9326887295757751;0.32495033317670746;6;0.4212074826350524;[0.8444551629269759;0.2367167665279082;1.0209222962245743;0.41318389982550674];0.7820569235706967;0.25
2492;0.23131530711373205;0.9281503834822526;6;0.574394356885426;[0.14768191728294583;0.8445169936514664;0.31494869694451827;1.0117837733130388];0.7752852564165467;0.25
137;0.5242698754936098;0.004073103900207764;6;0.5448768365044495;[0.43748714549437895;-0.08270962609902309;0.6110526054928407;0.09085583389943862];0.7868650837730309;0.25
9770;0.5620420014774903;0.39745790308388845;5;0.5375116851585506;[0.47660470052892495;0.3120206021353231;0.6474793024260556;0.4828952040324538];0.7800227009661663;0.25
7503;0.7385401147756263;0.7873798016085444;6;0.4564306279112674;[0.6513833803286067;0.7002230671615247;0.825696849222646;0.874536536055564];0.7759220763121685;0.25
3142;0.20453717807001415;0.9606240131331346;5;0.5223776246962013;[0.11928621553829816;0.8753730506014186;0.28978814060173014;1.0458749756648507];0.7726508159839647;0.25
8463;0.760513191847327;0.30181691504931624;6;0.6247625415145563;[0.6741379683012292;0.21544169150321837;0.8468884153934249;0.3881921385954141];0.7792165809653846;0.25
1403;0.5570141004430482;0.22016642887946133;6;0.31999260579679145;[0.4711685937574479;0.13432092219386105;0.6428596071286485;0.3060119355650616];0.7853069815432808;0.25
5152;0.7455390948695202;0.6861616112083724;7;0.49591575262953547;[0.6582321439431844;0.5988546602820366;0.832846045795856;0.7734685621347082];0.7787841575499768;0.25
1900;0.4848108825950251;0.10433528529908001;6;0.5730681731418302;[0.39527862692036475;0.014803029624419664;0.5743431382696854;0.19386754097374037];0.7695484739075369;0.25
7430;0.988904252367673;0.41830245142418465;6;0.510345046619956;[0.9036748839644813;0.3330730830209929;1.0741336207708647;0.5035318198273764];0.777580690085273;0.25
7370;0.7604082453358415;0.509070794276695;6;0.5822575783128653;[0.6762020595408822;0.4248646084817357;0.8446144311308008;0.5932769800716543];0.7679334341355216;0.25
7610;0.8100931458929711;0.13113140319063124;6;0.5539423239150987;[0.7253989358759738;0.0464371931736339;0.8947873559099684;0.21582561320762858];0.7759566681103002;0.25
5519;0.9287375224289607;0.13406788946054002;6;0.45449020609130536;[0.8356617239999187;0.04099209103149806;1.0218133208580027;0.22714368788958197];0.7777838523789864;0.25
2548;0.5923927998177512;0.3811207636753567;6;0.5355589422931794;[0.5046899068003996;0.29341787065800506;0.6800956928351027;0.4688236566927083];0.7791785754317173;0.25
5978;0.82714579673656;0.350281895774673;6;0.4164664919767094;[0.740949841977239;0.26408594101535204;0.9133417514958809;0.43647785053399396];0.7698095965723579;0.25
3175;0.6788285787952031;0.3689033400401211;5;0.2928312083825816;[0.5902422090204735;0.28031697026539154;0.7674149485699326;0.45748970981485065];0.7789950500820093;0.25
205;0.4726060685241487;0.43835615634859637;6;0.4685406226311172;[0.3850513070690045;0.35080139489345213;0.560160829979293;0.5259109178037406];0.7750186447826697;0.25
1633;0.31055815647678997;0.4803281004895602;6;0.5175219643547427;[0.22069700153296104;0.39046694554573125;0.40041931142061893;0.5701892554333892];0.7824294302371914;0.25
4472;0.5594277134746102;0.5614060959547855;6;0.4626381304982481;[0.47229010719743897;0.4742684896776143;0.6465653197517813;0.6485437022319567];0.778527121231907;0.25
5675;0.15748927944738067;0.569419340398386;6;0.432692215220909;[0.06668136644082906;0.47861142739183443;0.24829719245393228;0.6602272534049376];0.7732704937920429;0.25
6228;0.6043307419242241;0.4558052063342263;7;0.35915034558260706;[0.5185086278704072;0.3699830922804094;0.690152855978041;0.5416273203880432];0.782182793701995;0.25
455;0.8705359415213605;0.45429346320723807;6;0.40096414666539393;[0.7822714305844994;0.366028952270377;0.9588004524582215;0.5425579741440991];0.7830691210010678;0.25
7415;0.7990132238051326;0.3857847348727203;6;0.3959748358443131;[0.707215168578891;0.2939866796464786;0.8908112790313742;0.477582790098962];0.766816373125354;0.25
3717;0.9452373874182692;0.8666855052342077;6;0.4083595966727073;[0.8582789285399621;0.7797270463559006;1.0321958462965763;0.9536439641125148];0.7764291357324222;0.25
8974;0.640765512414151;0.6641777082383141;6;0.3349520039190389;[0.5539905250253345;0.5774027208494976;0.7275404998029675;0.7509526956271306];0.7724386822026253;0.25
6471;0.7142418709437655;0.05882217697632308;6;0.5040111805696372;[0.6293190022526983;-0.02610069171474405;0.7991647396348326;0.14374504566739021];0.7797834936983066;0.25
1501;0.6621456867273908;0.7283484069231818;6;0.5415601827506088;[0.5747854703816847;0.6409881905774757;0.749505903073097;0.8157086232688879];0.767731960595796;0.25
1967;0.5089804537292195;0.2385999034256926;6;0.47759311338689825;[0.41967293243198384;0.1492923821284569;0.5982879750264553;0.3279074247229283];0.7762690605840606;0.25
8426;0.555750110567717;0.6193011128495052;6;0.5654735899132377;[0.46938041533128566;0.5329314176130739;0.6421198058041482;0.7056708080859364];0.7676860280967431;0.25
3015;0.9124226406527163;0.822414379979299;6;0.40286054209086436;[0.8298665283588877;0.7398582676854705;0.9949787529465448;0.9049704922731275];0.7683550782131435;0.25
3379;0.6313238261705962;0.4473761719412709;6;0.6292044854673635;[0.5467318268963888;0.3627841726670635;0.7159158254448037;0.5319681712154783];0.7711321107159308;0.25
6630;0.9484633521718692;0.2363836001067643;6;0.4270395128831593;[0.864441635747139;0.15236188368203407;1.0324850685965994;0.3204053165314945];0.7675730779692875;0.25
7949;0.9422287419503741;0.5160230804637269;6;0.5688176140515226;[0.8496621010818196;0.4234564395951725;1.0347953828189285;0.6085897213322814];0.7687422961721555;0.25
1142;0.24074956529601754;0.7764630328197193;6;0.46351686021529825;[0.15152768672766628;0.687241154251368;0.32997144386436883;0.8656849113880706];0.7816535467807828;0.25
8587;0.7570588469742835;0.2907100125310453;7;0.34816121430380675;[0.6709773311737436;0.20462849673050532;0.8431403627748234;0.37679152833158525];0.776412152753954;0.25
7221;0.7046218185751402;0.28645821352043754;7;0.4736668568094922;[0.6165869438714578;0.19842333881675528;0.7926566932788225;0.3744930882241198];0.7747585534989886;0.25
5331;0.9846307646500355;0.9051613103049152;6;0.4707521445323827;[0.8949185592890249;0.8154491049439045;1.0743429700110463;0.9948735156659259];0.7678874959602335;0.25
8555;0.8176054498441363;0.10443107528551729;7;0.47219280668330704;[0.7296523814130292;0.016478006854410227;0.9055585182752434;0.19238414371662435];0.7854104713937097;0.25
7518;0.3416208597873224;0.184147940575775;6;0.48173687587163333;[0.2505560004161752;0.09308308120462783;0.43268571915846954;0.27521279994692216];0.7656430499679959;0.25
5383;0.32455017639445405;0.8992967644232303;6;0.614990596712121;[0.24050841664968925;0.8152550046784655;0.40859193613921885;0.983338524167995];0.7731991762635767;0.25
3571;0.6180205829100096;0.13743381780823324;7;0.4042262314777175;[0.5313510139553069;0.050764248853530564;0.7046901518647123;0.22410338676293592];0.7715093547684789;0.25
7718;0.22023894919712728;0.16000222460026722;6;0.5653479998865587;[0.13584085035250404;0.075604125755644;0.3046370480417505;0.24440032344489043];0.7641664580421932;0.25
3990;0.5197818977160165;0.04822422690628786;6;0.5012621397273324;[0.43517862273756464;-0.03637904807216398;0.6043851726944683;0.13282750188473968];0.7765751121508245;0.25
5357;0.9347311575551501;0.12474754435395763;6;0.5001456776119352;[0.8436496943618286;0.0336660811606361;1.0258126207484717;0.21582900754727916];0.7755130536165723;0.25
3312;0.9437412154515006;0.2956730478056392;6;0.36202063090814085;[0.8574402454459755;0.20937207780011413;1.0300421854570256;0.38197401781116425];0.7730225683793973;0.25
1924;0.5843687805393964;0.9849641353089311;6;0.5003067772386399;[0.4976954497688106;0.8982908045383452;0.6710421113099824;1.071637466079517];0.7787939518933896;0.25
787;0.7730101904303851;0.117963313387832;6;0.6243538374781297;[0.6854194708008476;0.030372593758294514;0.8606009100599226;0.2055540330173695];0.7795500343510229;0.25
6438;0.4147842577437375;0.6478538788916213;7;0.5036617278904318;[0.33020497356515327;0.563274594713037;0.49936354192232174;0.7324331630702056];0.7848673835100216;0.25
2417;0.9436808800354581;0.4150430034564076;6;0.6511710481761268;[0.8560651548562395;0.3274272782771889;1.0312966052146768;0.5026587286356263];0.7686398266336069;0.25
8074;0.2831037586219256;0.8731979237453695;6;0.5179895314175693;[0.1934190951311098;0.7835132602545537;0.37278842211274144;0.9628825872361854];0.7695171482265604;0.25
7828;0.8121205429887063;0.9667964870130763;6;0.7053858554248215;[0.7271512447044616;0.8818271887288316;0.897089841272951;1.051765785297321];0.7752763539294988;0.25
6198;0.5929762575806246;0.4103130217017309;6;0.38922582555855656;[0.506261581273097;0.3235983453942033;0.6796909338881522;0.4970276980092585];0.7796373407424483;0.25
47;0.33585623396961395;0.17763626699051804;6;0.520549136434858;[0.25004979911147684;0.09182983213238095;0.42166266882775105;0.26344270184865515];0.7675243158795302;0.25
746;0.6269982112152781;0.893395371831154;6;0.5779445731479297;[0.5388376872403878;0.8052348478562638;0.7151587351901684;0.9815558958060443];0.7792922538755135;0.25
4362;0.5106607826123779;0.08515196972659483;6;0.3703607252745228;[0.42375133308841406;-0.0017574797973689826;0.5975702321363418;0.17206141925055865];0.7789968125869949;0.25
2413;0.33707064145217713;0.6530609659171449;6;0.454290923337616;[0.24764249383923392;0.5636328183042016;0.42649878906512034;0.7424891135300882];0.7794008717237836;0.25
4823;0.414373774892352;0.49890135062375585;6;0.5105406656185264;[0.32634410534019676;0.4108716810716006;0.5024034444445072;0.586931020175911];0.7734338242839698;0.25
2828;0.8468655610950907;0.8955775235069203;6;0.4801115251981104;[0.7545197857076292;0.8032317481194589;0.9392113364825522;0.9879232988943818];0.7771261132551468;0.25
2517;0.6940687336887061;0.13046375744284186;6;0.5754403370055441;[0.608038658001755;0.04443368175589074;0.7800988093756572;0.21649383312979298];0.7743108149742317;0.25
477;0.8840086927908578;0.9316985591772003;6;0.5393404287364937;[0.7974257399156439;0.8451156063019865;0.9705916456660717;1.0182815120524142];0.7794089576068839;0.25
4407;0.7258462013174376;0.3285106318397134;6;0.612377502262291;[0.6402776445354261;0.24294207505770193;0.8114147580994491;0.4140791886217249];0.7704546977260531;0.25
1807;0.7594543819014082;0.49713633871719654;6;0.41023136700628565;[0.6721064786044153;0.40978843542020366;0.8468022851984012;0.5844842420141895];0.7727349364661112;0.25
3981;0.2598005247717228;0.09007521381870254;6;0.42764170921779354;[0.1696868257216282;-3.848523139206306E-5;0.34991422382181736;0.18018891286879712];0.7782534894594836;0.25
8925;0.8121424734165685;0.585782352473623;6;0.5126409372464055;[0.7216441586000915;0.4952840376571459;0.9026407882330456;0.6762806672901001];0.7746475644257134;0.25
3189;0.12009713224576901;0.34817189551491096;6;0.5072668977471507;[0.03191724959237391;0.25999201286151585;0.20827701489916411;0.43635177816830606];0.772544023498077;0.25
2743;0.67433647996915;0.4897980231850724;6;0.39942665678073885;[0.5844701191875635;0.3999316624034859;0.7642028407507365;0.5796643839666589];0.7804989846571923;0.25
6185;0.8071832618029046;0.6145447668937429;6;0.5177322764885383;[0.7143140357327095;0.5216755408235478;0.9000524878730997;0.707413992963938];0.7816628187946919;0.25
7027;0.576561912640691;0.6855574869731726;6;0.3839927350626135;[0.48753758787842616;0.5965331622109078;0.6655862374029559;0.7745818117354375];0.7685294153474472;0.25
2753;0.3669978052350974;0.3942094672482943;6;0.4032447925687275;[0.2755286744539889;0.3027403364671858;0.4584669360162059;0.48567859802940283];0.7801133400823032;0.25
8766;0.7964423162492074;0.09630495447501686;6;0.6839965060518044;[0.7090108994758999;0.008873537701709358;0.8838737330225148;0.18373637124832437];0.7728079048312122;0.25
3937;0.6922094558698819;0.38036147524183417;6;0.3944652743672832;[0.6094263306616625;0.2975783500336147;0.7749925810781013;0.4631446004500536];0.7684189458685909;0.25
9974;0.6151041986179668;0.5061660524361561;6;0.6104200329194545;[0.5299210613615013;0.4209829151796906;0.7002873358744324;0.5913491896926215];0.7676604415327889;0.25
9972;0.9459091023339912;0.33381147849605397;6;0.46419600314862475;[0.8549685718856019;0.24287094804766476;1.0368496327823804;0.4247520089444432];0.7782362139220336;0.25
9250;0.6044884973811671;0.5291377402501785;6;0.503729911536509;[0.5156002857547138;0.44024952862372524;0.6933767090076203;0.6180259518766317];0.7749330318446203;0.25
1474;0.6658742465366458;0.19494528038143988;6;0.5289104263573542;[0.580681869943553;0.10975290378834696;0.7510666231297387;0.2801376569745328];0.7774491417275426;0.25
9626;0.8475790811102266;0.8035242257423492;6;0.5499459634386193;[0.757392056216997;0.7133372008491196;0.9377661060034562;0.8937112506355788];0.7734144716912736;0.25
495;0.6291558594310075;0.5334859754985075;6;0.5082272796957976;[0.5420438363585773;0.44637395242607736;0.7162678825034376;0.6205979985709377];0.7684174432410188;0.25
2881;0.6778172911092122;0.47287956830652134;6;0.40451955522324046;[0.5871096020751152;0.38217187927242435;0.7685249801433092;0.5635872573406183];0.7757465269610939;0.25
2107;0.9765285486893911;0.3600817932539149;6;0.6091317370126504;[0.8914744268990623;0.2750276714635861;1.06158267047972;0.44513591504424366];0.7761786328098443;0.25
7723;0.5054620519005955;0.6230552574992084;5;0.5788465942410137;[0.41603228450049823;0.5336254900991112;0.5948918193006927;0.7124850248993057];0.7703455587005603;0.25
1819;0.737864934526396;0.4610724065431323;6;0.497384510367222;[0.648734840919033;0.3719423129357693;0.826995028133759;0.5502025001504953];0.7778352868871875;0.25
6375;0.730146514400799;0.7157189030633969;5;0.4919473659298903;[0.641795387622617;0.627367776285215;0.818497641178981;0.8040700298415788];0.774373405897052;0.25
7489;0.7501122589700742;0.7149377131836472;6;0.5977990436216076;[0.6625701611808722;0.6273956153944452;0.8376543567592761;0.8024798109728492];0.785467169101324;0.25
2055;0.6507758505899628;0.40773600008450284;6;0.4922575040473347;[0.5639264024970512;0.32088655199159116;0.7376252986828744;0.4945854481774145];0.7671020382564369;0.25
9900;0.5263279536849794;0.5279336709726461;6;0.39796555137808437;[0.4381127978364237;0.4397185151240904;0.6145431095335351;0.6161488268212018];0.773968587992494;0.25
5864;0.05182836034608396;0.1306045677221817;6;0.278464443080114;[-0.031982100349028375;0.046794107027069376;0.1356388210411963;0.21441502841729404];0.7811081261877438;0.25
1999;0.5263946684533869;0.43824637716479126;6;0.32573112945537297;[0.43826888222404653;0.3501205909354509;0.6145204546827272;0.5263721633941316];0.772490890974243;0.25
2255;0.4415171760143951;0.6084182581991235;6;0.34221309090004626;[0.3528525465425389;0.5197536287272673;0.5301818054862514;0.6970828876709798];0.774976333443449;0.25
9056;0.9292203098851533;0.021039469876791617;6;0.3670121239386802;[0.8459440427367219;-0.06223679727163976;1.0124965770335845;0.104315737025223];0.7720063726056444;0.25
5968;0.8908332558168711;0.47321191439130295;6;0.37926167580727144;[0.7975819743653386;0.37996063293977045;0.9840845372684036;0.5664631958428354];0.7750943512696268;0.25
5058;0.6266712912658436;0.21308622013358552;6;0.4888656212624418;[0.5347981421241672;0.12121307099190912;0.7185444404075201;0.3049593692752619];0.7698749647182002;0.25
8445;0.9411934430652529;0.3370111894058337;6;0.6132426528355477;[0.8509148793373743;0.24673262567795512;1.0314720067931316;0.42728975313371226];0.7736732545395466;0.25
4582;0.734547138812957;0.7547655187972446;6;0.5256389534242604;[0.6465846811355744;0.6668030611198621;0.8225095964903395;0.8427279764746272];0.7737684206349428;0.25
2211;0.6933047047207401;0.06445860125913544;6;0.47124944039422584;[0.6035201493117721;-0.025325954149832547;0.7830892601297081;0.15424315666810343];0.7796191767182985;0.25
3775;0.7829795983899391;0.26254438444446926;6;0.5480617297622875;[0.6939998976224879;0.17356468367701805;0.8719592991573903;0.35152408521192047];0.7753142840168404;0.25
9477;0.8828938259327422;0.9173275564261525;5;0.3256592460481783;[0.7927925377581987;0.8272262682516089;0.9729951141072858;1.007428844600696];0.7797466553372924;0.25
6867;0.4041826481056027;0.7162470947939009;6;0.7198408299791282;[0.3205362436490324;0.6326006903373306;0.48782905256217307;0.7998934992504713];0.772511888623151;0.25
1577;0.5785083265776083;0.9477999957401766;6;0.6168335387308725;[0.49376445259166246;0.8630561217542307;0.6632522005635542;1.0325438697261224];0.785860340512124;0.25
5643;0.16819932842999052;0.32143199853365395;6;0.5384632349739978;[0.08120858602727085;0.23444125613093428;0.25519007083271017;0.40842274093637365];0.7858681955231871;0.25
5385;0.6929259035726847;0.6971183277598665;5;0.40388744702727586;[0.6051537684788332;0.609346192666015;0.7806980386665362;0.784890462853718];0.7829246712827439;0.25
8267;0.4555521770067884;0.3932630469819155;6;0.4134237252023648;[0.37335872620401533;0.3110695961791424;0.5377456278095615;0.47545649778468857];0.779060263028727;0.25
9878;0.9079898909747283;0.02412559527542918;6;0.5660557353438777;[0.8191130524881612;-0.06475124321113784;0.9968667294612953;0.1130024337619962];0.7746015395459463;0.25
6943;0.402108778270616;0.36077105758603195;6;0.4365966227303319;[0.31471118634080136;0.27337346565621734;0.4895063702004306;0.44816864951584656];0.7720133390684564;0.25
4677;0.622877871874987;0.5186385056915127;6;0.37310920501856226;[0.5311001011296562;0.42686073494618193;0.7146556426203178;0.6104162764368435];0.7716169754950093;0.25
9620;0.9868194659805168;0.19391952569391818;6;0.37218266795807486;[0.8994559486107098;0.10655600832411108;1.074182983350324;0.2812830430637253];0.7724454587041014;0.25
5023;0.3670555067892255;0.524073500718025;6;0.39596514734308;[0.2796222327146627;0.43664022664346225;0.4544887808637883;0.6115067747925879];0.7720014484852795;0.25
7902;0.5656095865399777;0.35874840671142044;6;0.7110735228882568;[0.4799962006513635;0.2731350208228062;0.651222972428592;0.44436179260003467];0.7752411295720226;0.25
1750;0.9774733487292027;0.8021376980734468;6;0.5331412287687034;[0.891961630980607;0.7166259803248511;1.0629850664777982;0.8876494158220425];0.7726644096359149;0.25
7936;0.2638596499262519;0.6782786273116583;6;0.5195862171119456;[0.17871270073078363;0.59313167811619;0.34900659912172016;0.7634255765071266];0.7756742546992264;0.25
1694;0.03649881886219267;0.7339766270654178;6;0.3568286603829871;[-0.04956795327364433;0.6479098549295808;0.12256559099802966;0.8200433992012548];0.7726288800736474;0.25
9476;0.6167872254733022;0.9363886773925385;6;0.48212943113478035;[0.5300005129924187;0.849601964911655;0.7035739379541858;1.023175389873422];0.7717278301950977;0.25
6940;0.6336343554029943;0.7139937870027903;6;0.4901533612426946;[0.5413650087112484;0.6217244403110443;0.7259037020947402;0.8062631336945362];0.766911048614984;0.25
7171;0.5862457593839823;0.7043892972532644;6;0.6249474589965682;[0.49647279743012457;0.6146163352994067;0.6760187213378399;0.794162259207122];0.7833345659165213;0.25
1453;0.5004417710567242;0.6657040227403956;5;0.596116685960941;[0.410367759938323;0.5756300116219945;0.5905157821751253;0.7557780338587968];0.7772616875628687;0.25
9063;0.9215469229013761;0.19937632649466874;6;0.4369731671604962;[0.8348063506695276;0.1126357542628202;1.0082874951332246;0.2861168987265173];0.774664037443976;0.25
7428;0.2594075272513659;0.8065129470127125;6;0.4250264478600624;[0.1702586893611389;0.7173641091224855;0.34855636514159294;0.8956617849029395];0.7742712626385055;0.25
8645;0.7960751120203962;0.7313579434668417;6;0.5579325581390436;[0.7116639455619593;0.6469467770084049;0.880486278478833;0.8157691099252785];0.7740205128846677;0.25
6214;0.4595782307706242;0.48217741959921473;6;0.5373564257158048;[0.37244610633756065;0.39504529516615117;0.5467103552036877;0.5693095440322783];0.7774202180967419;0.25
9555;0.24126049176721243;0.6594903622075081;7;0.3672985741809933;[0.16002642592445565;0.5782562963647513;0.3224945576099692;0.740724428050265];0.7742036915414;0.25
1396;0.16716632981984245;0.794647265633863;6;0.42403341765884744;[0.08020391997473866;0.7076848557887592;0.2541287396649462;0.8816096754789668];0.7757805154896588;0.25
9771;0.052262104009536264;0.33277370770361825;6;0.45659425993405367;[-0.03294136462860796;0.24757023906547404;0.1374655726476805;0.41797717634176246];0.7764389641906047;0.25
6906;0.8644750544419997;0.24702548877974262;6;0.6133629934208426;[0.777640609175549;0.160191043513292;0.9513094997084504;0.33385993404619324];0.7727390764617091;0.25
1755;0.6038277060615063;0.4043152770151385;6;0.5228228358506604;[0.5175581145795455;0.3180456855331777;0.690097297543467;0.49058486849709926];0.7801436103093692;0.25
6674;0.4000444679951064;0.2926744721919071;6;0.4900192171557572;[0.31641065648153127;0.209040660678332;0.48367827950868153;0.37630828370548225];0.7601968686222232;0.25
408;0.028411763355284725;0.8226357544172926;6;0.5408566374170343;[-0.056024354163403095;0.7381996368986048;0.11284788087397254;0.9070718719359805];0.7827021233100678;0.25
3015;0.39376513110564676;0.6155250387667156;6;0.40286054209086436;[0.30405529759982036;0.5258152052608892;0.48347496461147316;0.705234872272542];0.7683550782131435;0.25
9247;0.9216473733203998;0.5337774531293202;6;0.4770452187293768;[0.8300472962379597;0.4421773760468801;1.01324745040284;0.6253775302117603];0.7831436144730851;0.25
5774;0.7206508922734689;0.8061581255744492;6;0.603357269947114;[0.6300626332795013;0.7155698665804816;0.8112391512674365;0.8967463845684168];0.770810236281492;0.25
3312;0.5821782209234933;0.7399733728847762;6;0.36202063090814085;[0.4933322317168712;0.6511273836781541;0.6710242101301154;0.8288193620913982];0.7730225683793973;0.25
8755;0.3008875541202381;0.25895603447181825;6;0.5380493058261443;[0.21152318129636374;0.1695916616479439;0.3902519269441125;0.3483204072956926];0.7683723378622734;0.25
2777;0.04113403413900063;0.8448838882581183;6;0.5044857717012468;[-0.048010560045272765;0.755739294073845;0.13027862832327403;0.9340284824423917];0.781731036264579;0.25
728;0.18464720524996484;0.9088200532914158;6;0.3868238479883496;[0.0969135111408796;0.8210863591823305;0.2723808993590501;0.9965537474005011];0.7721294334162585;0.25
7168;0.9722223726531846;0.1738223068162299;5;0.45726039821854736;[0.8858707545561766;0.0874706887192219;1.0585739907501925;0.2601739249132379];0.7710772666781881;0.25
6084;0.3440260421405282;0.6099799386291206;6;0.41525183764036855;[0.25459770162121614;0.5205515981098086;0.4334543826598402;0.6994082791484326];0.7782667510973655;0.25
3539;0.19704956083170028;0.544758500703733;6;0.6945006797997364;[0.10587839161304115;0.45358733148507385;0.2882207300503594;0.6359296699223921];0.7722666166981097;0.25
3676;0.4508246667323168;0.15541408141557422;6;0.6515193847134337;[0.3672565924517474;0.07184600713500484;0.5343927410128861;0.23898215569614362];0.7781695039094283;0.25
5541;0.5599353720131581;0.304648590318773;6;0.556200562929983;[0.471569568650949;0.2162827869565639;0.6483011753753672;0.3930143936809821];0.7790556561977725;0.25
9767;0.05945683793398615;0.9883904616265546;6;0.6025014364958303;[-0.02392527007730702;0.9050083536152614;0.14283894594527932;1.0717725696378477];0.7719486505834044;0.25
7574;0.1473760353284207;0.7432529025917332;6;0.48174042640431364;[0.05684340926853736;0.6527202765318498;0.23790866138830402;0.8337855286516165];0.7768974918215455;0.25
4676;0.41037271366844824;0.9385957783808974;6;0.6261487366184783;[0.3175324096017495;0.8457554743141986;0.503213017735147;1.031436082447596];0.7793605777296664;0.25
3116;0.17361367630246852;0.9785656633109951;6;0.4739012330015235;[0.08170590033253733;0.886657887341064;0.2655214522723997;1.0704734392809263];0.7728604378037585;0.25
9774;0.21004419500531218;0.591354032530766;6;0.43915319868433994;[0.1235292630903832;0.504839100615837;0.29655912692024117;0.677868964445695];0.7810469942368556;0.25
78;0.33802470537197243;0.9619075259738357;6;0.6442690568169522;[0.2521813641122931;0.8760641847141564;0.4238680466316518;1.047750867233515];0.7727312153591744;0.25
1499;0.17259628455926174;0.9354121528372628;6;0.6364584464386684;[0.08716212568448904;0.8499779939624901;0.2580304434340344;1.0208463117120354];0.7826303851625253;0.25
7365;0.9614574414180137;0.7282604970648687;6;0.6706228114890582;[0.8755584578279596;0.6423615134748146;1.0473564250080678;0.8141594806549228];0.7718692285580925;0.25
1687;0.5668191767880673;0.7549887860180196;6;0.4393057115388314;[0.47562989587508986;0.6637995051050422;0.6580084577010447;0.846178066930997];0.7767763997603058;0.25
9919;0.6093138434896894;0.7766689050665869;6;0.39604762071078486;[0.519046284447192;0.6864013460240895;0.6995814025321868;0.8669364641090843];0.777071879989982;0.25
5429;0.4576316434289156;0.9710508711860941;6;0.6201143191616001;[0.3753924642746409;0.8888116920318194;0.5398708225831903;1.0532900503403688];0.7675511089084263;0.25
8790;0.04506462774589792;0.192380669924483;6;0.3361560160146779;[-0.04580106545866461;0.10151497671992046;0.13593032095046045;0.2832463631290455];0.7671016317475781;0.25
4647;0.3505474402163058;0.5689262223644809;5;0.5613615044056302;[0.26365900968179495;0.48203779182997003;0.43743587075081664;0.6558146528989918];0.7795424631190087;0.25
1835;0.5677760748331827;0.3478967975697567;6;0.5868838647576525;[0.4793602037036865;0.25948092644026044;0.6561919459626789;0.436312668699253];0.7702639116858885;0.25
2471;0.31791337534262243;0.5756202481774388;6;0.5224503846531411;[0.22824777440268537;0.4859546472375018;0.40757897628255946;0.6652858491173759];0.7823105293400964;0.25
9127;0.870459393215044;0.11187831496087486;6;0.514432095328247;[0.781731287463869;0.023150209209699874;0.9591874989662189;0.20060642071204984];0.7728017930476688;0.25
8056;0.2777474413306111;0.5073666267335175;6;0.3677321979548955;[0.1899945806682371;0.41961376607114353;0.36550030199298505;0.5951194873958915];0.7736953706751725;0.25
877;0.08532977477959944;0.6018833782934038;6;0.5796376026634049;[1.7280124421535648E-4;0.5167264047580197;0.1704867483149835;0.6870403518287879];0.7693345158006973;0.25
9317;0.5823811351845762;0.842359479615387;6;0.5416191180588319;[0.49124604172234443;0.7512243861531552;0.673516228646808;0.9334945730776188];0.7717397985736985;0.25
1819;0.07193033473971827;0.3873863110862288;6;0.497384510367222;[-0.02119705152262022;0.29425892482389027;0.16505772100205676;0.4805136973485673];0.7778352868871875;0.25
9497;0.9940770975001394;0.9383385775366538;6;0.5268984999153967;[0.9055118615587375;0.849773341595252;1.0826423334415414;1.0269038134780557];0.7718905138038658;0.25
5880;0.8150968348093347;0.43350547282463125;6;0.627529451720453;[0.727542222534776;0.3459508605500725;0.9026514470838934;0.52106008509919];0.7742881653939286;0.25
8528;0.7010826952138959;0.7673224081290272;6;0.5287769305061137;[0.6113458153957054;0.6775855283108367;0.7908195750320863;0.8570592879472176];0.7819309699077384;0.25
5837;0.1792713969270193;0.7830543139692923;6;0.46524438649848704;[0.08781525813892906;0.691598175181202;0.27072753571510955;0.8745104527573825];0.7694787956706004;0.25
351;0.5089221819098996;0.9961327786585686;6;0.4118102148597891;[0.42166581827674854;0.9088764150254176;0.5961785455430506;1.0833891422917197];0.7654587848544497;0.25
7326;0.28010176168548107;0.7741733030067087;6;0.550861143476767;[0.19247015127125788;0.6865416925924855;0.36773337209970425;0.8618049134209319];0.7709447252458586;0.25
9284;0.1644956584146055;0.7431825097099415;6;0.5470268682494555;[0.07810941715546929;0.6567962684508053;0.25088189967374175;0.8295687509690777];0.7701610569411241;0.25
6528;0.006731169552906591;0.3554621350313371;6;0.45581364766765503;[-0.07746288061091684;0.2712680848675137;0.09092521971673002;0.43965618519516053];0.7689228635981148;0.25
1114;0.017166088875757324;0.7604026420573226;7;0.5404674974957954;[-0.07036506224278699;0.6728714909387783;0.10469723999430164;0.8479337931758668];0.7671243324993336;0.25
8405;0.8346300467612591;0.7172900823824073;6;0.5588520585543694;[0.7462739898499082;0.6289340254710565;0.9229861036726099;0.8056461392937582];0.7813210458066638;0.25
477;0.025810317565531593;0.5426251251990939;6;0.5393404287364937;[-0.06097417703809674;0.45584063059546553;0.11259481216915992;0.6294096198027223];0.7794089576068839;0.25
4823;0.2767378745566435;0.7254782698422059;6;0.5105406656185264;[0.18991263035785044;0.6386530256434129;0.36356311875543657;0.8123035140409989];0.7734338242839698;0.25
4581;0.6273495033779822;0.7847989244083448;6;0.5932979802087871;[0.5391685421774598;0.6966179632078223;0.7155304645785047;0.8729798856088672];0.7797820084336373;0.25
6890;0.30147901071855077;0.7624351961227971;7;0.4014963681493414;[0.2132937297333835;0.6742499151376299;0.389664291703718;0.8506204771079643];0.7670059700408534;0.25
3869;0.3346445507754388;0.9369535661457171;6;0.4857044326004755;[0.24302959276717034;0.8453386081374487;0.4262595087837073;1.0285685241539855];0.7785483015243886;0.25
1169;0.3826427764870313;0.8160830464172725;6;0.5989098460383766;[0.2976222056554888;0.7310624755857299;0.46766334731857384;0.901103617248815];0.7738682070459543;0.25
3765;0.5285592929456316;0.26853278257313273;6;0.5879984628431041;[0.4416064593799939;0.18157994900749497;0.6155121265112694;0.3554856161387705];0.7744962254052391;0.25
9867;0.16965212589120804;0.5402136772947862;6;0.4634260334346064;[0.08228111550486726;0.45284266690844543;0.2570231362775488;0.627584687681127];0.774388927585813;0.25
9743;0.6321260190368974;0.17743905051763753;6;0.4725840777016373;[0.5444845714953073;0.08979760297604746;0.7197674665784874;0.2650804980592276];0.769294835127759;0.25
990;0.12429920278052708;0.1661365927898486;6;0.4168400257579418;[0.03618518830553362;0.07802257831485514;0.21241321725552054;0.25425060726484205];0.7650234322460289;0.25
383;0.32788040862015366;0.27131612963906704;6;0.5583406928762609;[0.24623031332371503;0.1896660343426284;0.4095305039165923;0.35296622493550567];0.7827871715076062;0.25
2729;0.7272843057683478;0.36110867688943965;6;0.554290222275566;[0.6395910459516748;0.2734154170727667;0.8149775655850208;0.4488019367061126];0.7726156507515725;0.25
1907;0.335056533728505;0.438763165677925;6;0.552293617832863;[0.25081411273803134;0.3545207446874513;0.4192989547189787;0.5230055866683987];0.7761872769933794;0.25
8193;0.7004230726121785;0.8066504962690674;6;0.30229616403162535;[0.6144686058967348;0.7206960295536237;0.7863775393276222;0.8926049629845111];0.7855690542737988;0.25
3821;0.9919683403056445;0.8451409581127413;6;0.5750642042127119;[0.9032565300305611;0.7564291478376578;1.080680150580728;0.9338527683878247];0.764851192454846;0.25
1830;0.23085960096311253;0.18061392090596184;6;0.43712420777008765;[0.13936409897243074;0.08911841891528004;0.3223551029537943;0.27210942289664364];0.7806011677108505;0.25
9577;0.05435505948345043;0.6821081016318524;6;0.3646146229791124;[-0.03283109533798709;0.5949219468104149;0.14154121430488795;0.76929425645329];0.7745023699133158;0.25
7471;0.08206413285186437;0.8053059682920483;6;0.5679511084124065;[-0.006903085283656879;0.716338750156527;0.17103135098738562;0.8942731864275695];0.7745859644296922;0.25
5026;0.09139502961350524;0.8479889619744981;6;0.7032786078543205;[0.0024428016869235958;0.7590367340479165;0.18034725754008687;0.9369411899010798];0.7775850837855206;0.25
3173;0.17263176485389567;0.736942870893006;6;0.6570024413718373;[0.08531935039113157;0.649630456430242;0.25994417931665975;0.8242552853557701];0.7771126233553235;0.25
7930;0.4875479817851503;0.9705783014091414;6;0.5695347809316812;[0.4033390763151141;0.8863693959391051;0.5717568872551865;1.0547872068791775];0.7840695856618185;0.25
7227;0.03047041170910056;0.7764064871553521;6;0.4604487065647104;[-0.060590938376515024;0.6853451370697365;0.12153176179471614;0.8674678372409677];0.7745563296408048;0.25
543;0.7467591671813789;0.12282170836985329;6;0.52600798848361;[0.657445561577197;0.03350810276567143;0.8360727727855608;0.21213531397403515];0.7720043261673003;0.25
1907;0.5702276692080561;0.5125186366595567;6;0.552293617832863;[0.47846157827316615;0.4207525457246667;0.6619937601429461;0.6042847275944466];0.7761872769933794;0.25
9593;0.04275013977764017;0.635780591329893;6;0.6963929291315156;[-0.04311074720660092;0.5499197043456518;0.12861102676188124;0.721641478314134];0.776959578986039;0.25
5901;0.2534505740982548;0.29743863231556356;6;0.5127407871143804;[0.16706809898543135;0.21105615720274012;0.3398330492110782;0.383821107428387];0.7810011915260351;0.25
2242;0.06340650258602892;0.7752393336659547;6;0.47657259252028783;[-0.024741420527163813;0.6870914105527619;0.15155442569922167;0.8633872567791474];0.7798226044511523;0.25
8181;0.32725292046584975;0.5080994988197844;6;0.5148603423357774;[0.2396586522690636;0.42050523062299827;0.4148471886626359;0.5956937670165706];0.7824697920399274;0.25
5297;0.4999518163510924;0.7531509248009383;6;0.8139525036440598;[0.4120197859347437;0.6652188943845896;0.5878838467674412;0.8410829552172869];0.7739906510420427;0.25
2709;0.08819597362117215;0.9642212778933883;7;0.47725881015058;[-0.0044993755446043615;0.8715259287276118;0.18089132278694867;1.0569166270591648];0.767744705104342;0.25
6789;0.1759320542526049;0.2492558682011382;6;0.3543426907877321;[0.09243352618776018;0.16575734013629348;0.25943058231744964;0.3327543962659829];0.7838096342334603;0.25
2519;0.34017445589589695;0.9605179918766736;6;0.5827503274907094;[0.2537122482288058;0.8740557842095824;0.4266366635629881;1.0469801995437649];0.7818022255550021;0.25
1056;0.4122191117077254;0.1849663606145705;6;0.37256697462186505;[0.3244719594382943;0.09721920834513942;0.4999662639771565;0.2727135128840016];0.7849183693139703;0.25
6317;0.48831068655888843;0.8909026694980426;6;0.6458081214536243;[0.40242594937358006;0.8050179323127343;0.5741954237441967;0.976787406683351];0.770696978617259;0.25
7274;0.16713200741674036;0.9038045038054091;6;0.5743641837223245;[0.08034319867874753;0.8170156950674163;0.25392081615473316;0.9905933125434019];0.7776431546841573;0.25
3955;0.9582148613714618;0.7111491809735722;6;0.6019286482423897;[0.8721138235893142;0.6250481431914245;1.0443158991536095;0.7972502187557198];0.7827754311299497;0.25
5022;0.8046891829657682;0.531975707612361;6;0.6140406011219517;[0.7185952135358786;0.44588173818247145;0.8907831523956578;0.6180696770422506];0.7717461137839928;0.25
6841;0.17998079240861226;0.6285920894885605;6;0.5023733043361734;[0.08964858773805592;0.5382598848180041;0.27031299707916856;0.7189242941591169];0.7748796448929902;0.25
3152;0.4955125137619091;0.5567201782621298;6;0.6375665666304793;[0.4072079100667261;0.4684155745669468;0.5838171174570921;0.6450247819573128];0.7743005453793494;0.25
5515;0.05024932388077638;0.939764745095763;6;0.5398062412745717;[-0.03745469177766858;0.852060729437318;0.13795333953922134;1.027468760754208];0.7740310729380211;0.25
4539;0.2189939231245337;0.2458389458696899;6;0.44384045112545034;[0.1318530482465443;0.15869807099170052;0.3061347980025231;0.3329798207476793];0.7722519476579198;0.25
9823;0.39925811604273476;0.2703643846495659;6;0.5428784259686912;[0.3108112158839694;0.18191748449080059;0.4877050162015001;0.35881128480833124];0.7753101453573881;0.25
2694;0.3841350748956938;0.8687427575206706;6;0.5534618808102854;[0.29964352526782667;0.7842512078928034;0.46862662452356096;0.9532343071485379];0.7747732051189125;0.25
3762;0.30476505046043734;0.9069875786296149;6;0.4804273404984742;[0.21659927888896408;0.8188218070581417;0.3929308220319106;0.9951533502010881];0.7738263231982317;0.25
6167;0.2752588612528254;0.38379893171232443;6;0.49542372500632065;[0.18854223042533172;0.2970823008848308;0.3619754920803191;0.4705155625398181];0.7747289221863967;0.25
8231;0.42968848258005204;0.8704102911289691;6;0.4417867481150314;[0.339176336168852;0.7798981447177691;0.5202006289912521;0.960922437540169];0.7724850536515858;0.25
7411;0.016632010271070752;0.7065395455275414;6;0.5496560672517139;[-0.07384228180664727;0.6160652534498233;0.10710630234878878;0.7970138376052595];0.7800350933564469;0.25
3510;0.9198411429929125;0.7455786235153008;6;0.5807723776143704;[0.8313006056066012;0.6570380861289895;1.0083816803792238;0.8341191609016121];0.7790605937592388;0.25
2428;0.9661029438396833;0.9626435224425586;6;0.5109672267817811;[0.879907545445372;0.8764481240482471;1.0522983422339947;1.04883892083687];0.776255312279974;0.25
9730;0.13796472498355372;0.5001215884490284;6;0.5600959663251245;[0.04849219689278936;0.4106490603582641;0.22743725307431809;0.5895941165397928];0.7729494434599303;0.25
3954;0.5211715764967199;0.4283005441015609;6;0.6964964552453401;[0.4359466519062054;0.34307561951104637;0.6063965010872343;0.5135254686920754];0.7756710694761013;0.25
9678;0.681121310195649;0.8619919546481751;6;0.459439963089319;[0.5988239522050154;0.7796945966575415;0.7634186681862827;0.9442893126388088];0.7759361842651123;0.25
5688;0.72304020618395;0.937562273660262;6;0.7023790463338491;[0.6374974461763079;0.8520195136526199;0.8085829661915922;1.0231050336679042];0.7749324437045585;0.25
578;0.0322727427643513;0.4107850679631556;6;0.33792894863301237;[-0.056569492804540725;0.3219428323942636;0.12111497833324332;0.49962730353204765];0.7670453879566013;0.25
8380;0.2016492658825493;0.8077862706730868;6;0.6466492313505533;[0.11912573013998391;0.7252627349305214;0.2841728016251147;0.8903098064156523];0.7768276947165564;0.25
7247;0.2932948373134597;0.5657879217712815;6;0.5969092505536311;[0.20148210716505222;0.473975191622874;0.38510756746186714;0.6576006519196889];0.7698580193431942;0.25
5526;0.21757855767496206;0.30063513272841;6;0.3259967804198691;[0.13005661170042904;0.213113186753877;0.3051005036494951;0.388157078702943];0.7756730281418752;0.25
1508;0.08123914883451633;0.357019930827108;6;0.35840798157844644;[-0.006997053529774755;0.2687837284628169;0.1694753511988074;0.44525613319139906];0.7721378028455208;0.25
7582;0.068302074856668;0.6398906153116404;6;0.6315080609102378;[-0.015552837330225763;0.5560357031247466;0.1521569870435618;0.7237455274985342];0.7789008245525756;0.25
2824;0.11198795079356846;0.30079324655015516;6;0.4132772868727702;[0.02257192917269331;0.21137722492928002;0.20140397241444363;0.3902092681710303];0.7749174955832596;0.25
8537;0.8127965024291649;0.8294359112456993;6;0.3705464143272291;[0.7235413948408127;0.7401808036573471;0.9020516100175171;0.9186910188340515];0.7795729409032628;0.25
6807;0.6882184606366513;0.6397106996126559;6;0.42686178219289045;[0.6028921169792507;0.5543843559552554;0.7735448042940518;0.7250370432700565];0.7805832683736289;0.25
3538;0.5245677219710129;0.5651140716101795;6;0.3918850844609682;[0.43481201898395966;0.47535836862312625;0.614323424958066;0.6548697745972326];0.7721516019767798;0.25
2360;0.5190143508397009;0.7341978069870424;6;0.5162440708082647;[0.4276683148933349;0.6428517710406764;0.610360386786067;0.8255438429334084];0.7821135918021828;0.25
7695;0.4709477567701168;0.8156238140690686;6;0.44651017682275945;[0.38188321085419225;0.7265592681531441;0.5600123026860413;0.9046883599849931];0.772502346436271;0.25
3825;0.6257635290778074;0.8695726752938534;6;0.33513729497940314;[0.5360937790089038;0.7799029252249498;0.7154332791467111;0.9592424253627571];0.7716068623651305;0.25
7687;0.2114454941557037;0.8802616770880232;6;0.5256994594290472;[0.12944382847063762;0.7982600114029571;0.2934471598407698;0.9622633427730892];0.7823330014822595;0.25
8537;0.13986879113037473;0.8237356185127541;6;0.3705464143272291;[0.04888363227820769;0.732750459660587;0.23085394998254177;0.9147207773649212];0.7795729409032628;0.25
3636;0.8644794419888626;0.4658905438112186;6;0.43076139628080723;[0.77299353735686;0.37440463917921596;0.9559653466208652;0.5573764484432212];0.7663282261316657;0.25
6135;0.293982056956008;0.5322748664899275;6;0.41806810932913646;[0.20389701588932127;0.4421898254232408;0.3840670980226947;0.6223599075566142];0.7857053531937965;0.25
4979;0.3330369710585045;0.45978074338264857;7;0.39397258721653416;[0.2454659883088039;0.372209760632948;0.4206079538082051;0.5473517261323492];0.7788179434092025;0.25
9194;0.2634459133766066;0.7059867679613299;6;0.5643504915356586;[0.17048120984905726;0.6130220644337805;0.356410616904156;0.7989514714888792];0.7750666311919839;0.25
