8903;0.6735285114988794;0.25161432166081094;6;0.5733293922041324;[0.5853318791582869;0.1634176893202184;0.7617251438394719;0.3398109540014035];0.7750389874341677;0.25
1872;0.3725936027015483;0.15668499596030644;6;0.5045222581733738;[0.28523309943966474;0.06932449269842288;0.45995410596343184;0.24404549922219];0.764878726963757;0.25
7531;0.32764593611563264;0.7129180400239066;5;0.28548326268164076;[0.23928064110087294;0.6245527450091469;0.41601123113039234;0.8012833350386662];0.7765943305363289;0.25
5543;0.364217327079215;0.23866910165694574;6;0.49723156007896824;[0.27859005007148885;0.15304182464921956;0.44984460408694116;0.3242963786646719];0.7767227509790148;0.25
9869;0.6407030359671153;0.002317344310856201;6;0.5218319807866587;[0.5512650011278502;-0.087120690528409;0.7301410708063805;0.0917553791501214];0.7758666885767223;0.25
8441;0.7030619498367748;0.8691908284166774;6;0.4035192094262918;[0.6181128425605857;0.7842417211404884;0.7880110571129639;0.9541399356928664];0.7682276900460675;0.25
6635;0.6882299174778499;0.6174123412394882;6;0.38341094454021973;[0.6009605731716168;0.5301429969332551;0.775499261784083;0.7046816855457213];0.7738685898134838;0.25
1634;0.6508868919772098;0.2563148485294825;6;0.5922257132691504;[0.5616374447032528;0.16706540125552546;0.7401363392511668;0.3455642958034395];0.7781213006312974;0.25
8036;0.25738812949172984;0.7176381420682547;6;0.6480696912791628;[0.162790436048536;0.6230404486250609;0.3519858229349237;0.8122358355114485];0.7741279369510381;0.25
7108;0.2794748781541372;0.17284207156980688;6;0.65766738311623;[0.19121099248475745;0.08457818590042715;0.3677387638235169;0.2611059572391866];0.7704001416921916;0.25
9372;0.31073912287446787;0.4365908963951557;6;0.44387702111251315;[0.22130168696365937;0.3471534604843472;0.40017655878527636;0.5260283323059642];0.7710239645596308;0.25
8431;0.49904538467958426;0.38986161840462386;6;0.49707615103227615;[0.4120509523908171;0.3028671861158567;0.5860398169683514;0.476856050693391];0.7698573520360369;0.25
563;0.742943410056665;0.10344785354339563;6;0.5571799751550502;[0.6558315751752156;0.01633601866194624;0.8300552449381143;0.190559688424845];0.7723037796413268;0.25
1488;0.8567116366140027;0.08264188504597202;6;0.6528577150014897;[0.7670138604683658;-0.0070558910996648405;0.9464094127596396;0.17233966119160887];0.7774611233183841;0.25
7220;0.1703909599332485;0.15608760663279803;6;0.4261830020008999;[0.0841728460659722;0.06986949276552173;0.2566090738005248;0.24230572050007432];0.7780145998297636;0.25
2362;0.652998944528874;0.22880731466805954;6;0.6680922939891144;[0.5657485843131544;0.14155695445234;0.7402493047445935;0.31605767488377906];0.7733036453575506;0.25
3173;0.7601230290147022;0.3114101147374081;6;0.6570024413718373;[0.6746422620861736;0.22592934780887958;0.8456037959432308;0.3968908816659366];0.7771126233553235;0.25
1011;0.298519891624093;0.16780633891355334;6;0.4155793507441136;[0.2101653837930518;0.07945183108251216;0.38687439945513413;0.2561608467445945];0.7753447150144706;0.25
4001;0.10713844252906587;0.4432147493157417;6;0.45273739192871554;[0.02162342878633508;0.3576997355730109;0.19265345627179667;0.5287297630584724];0.7792899364228599;0.25
2701;0.04733292507400924;0.07997244370390764;6;0.5262028743695726;[-0.040640963584267456;-0.008001444954369052;0.13530681373228592;0.16794633236218434];0.7722063737002063;0.25
7903;0.8261867205919136;0.3399508633200533;6;0.5428427561162892;[0.7392173325851538;0.2529814753132935;0.9131561085986734;0.4269202513268131];0.7793985820811938;0.25
4048;0.12605851539048693;0.5311428180018429;7;0.5511386324500983;[0.036690804813226036;0.44177510742458204;0.21542622596774783;0.6205105285791038];0.7771271638837489;0.25
9614;0.2669896295826602;0.2518335630881184;6;0.4462510787758353;[0.18391546695871103;0.1687594004641692;0.3500637922066094;0.33490772571206756];0.7713165367516828;0.25
9801;0.3133482884687501;0.7869569895417194;6;0.2664121489329613;[0.23326615036004653;0.7068748514330159;0.39343042657745375;0.867039127650423];0.7818550077785508;0.25
5007;0.1965017337733504;0.1329595225431366;6;0.4573514133442914;[0.10650079920449228;0.04295858797427847;0.2865026683422085;0.2229604571119947];0.7892725458485808;0.25
635;0.22773581067982596;0.6964845421140424;6;0.5288024100755779;[0.13924067189727987;0.6079894033314963;0.31623094946237207;0.7849796808965885];0.7697653106874258;0.25
9143;0.35364216275769006;0.40859591508060555;6;0.49590817454507624;[0.2647686698690328;0.31972242219194835;0.4425156556463473;0.49746940796926276];0.7777508558847679;0.25
8445;0.009156780946400489;0.6479082675997845;6;0.6132426528355477;[-0.0809388078051465;0.5578126788482375;0.09925236969794748;0.7380038563513315];0.7736732545395466;0.25
9625;0.10488596606940484;0.24933456645076651;6;0.6374807339543639;[0.014185842211706268;0.15863444259306794;0.1955860899271034;0.3400346903084651];0.7803130412109963;0.25
8900;0.30152167641132727;0.5545713133624882;6;0.5337390478088773;[0.2120863201746428;0.46513595712580375;0.39095703264801174;0.6440066695991727];0.7722946733806181;0.25
7607;0.5293324264748969;0.22753891847569158;6;0.38870089459945906;[0.4434773461480255;0.14168383814882018;0.6151875068017683;0.31339399880256297];0.7751397702658936;0.25
5382;0.2874621314659755;0.009057974422940207;6;0.4150758705360179;[0.2010531154666827;-0.07735104157635257;0.3738711474652683;0.09546699042223299];0.7700351558055156;0.25
1576;0.21612299297587362;0.5963029472380206;6;0.37145723184147794;[0.13032309174212456;0.5105030460042715;0.3019228942096227;0.6821028484717696];0.7674838953989522;0.25
1223;0.40918990205378986;0.8522725068398922;6;0.46900758838162404;[0.3229331113966543;0.7660157161827567;0.4954466927109254;0.9385292974970277];0.7768272222436724;0.25
385;0.38674393270511803;0.5056551215171917;6;0.44920356217201796;[0.3021948226034148;0.4211060114154885;0.47129304280682127;0.590204231618895];0.7686757565480484;0.25
3495;0.3587711090467002;0.5389235018202989;6;0.47565436654218246;[0.27005017832173667;0.4502025710953354;0.4474920397716637;0.6276444325452624];0.7749409310229244;0.25
8972;0.02326876428758551;0.5587343726414391;6;0.4532954370151305;[-0.0649565235673159;0.4705090847865377;0.11149405214248692;0.6469596604963406];0.7830647482835714;0.25
2450;0.07994241326380994;0.6022682685974738;6;0.5303121164934671;[-0.008354867675586353;0.5139709876580776;0.16823969420320622;0.6905655495368701];0.776526330841004;0.25
1798;0.1476332395265579;0.6007494772059081;6;0.5785118735301525;[0.05817548717867599;0.5112917248580262;0.23709099187443983;0.69020722955379];0.7760665641823861;0.25
9905;0.8334717686753748;0.25511483012025227;6;0.6242183019291685;[0.7505412398237475;0.17218430126862505;0.916402297527002;0.3380453589718795];0.7661923418345185;0.25
9297;0.14588778116640794;0.38478383130500515;6;0.4614341479178991;[0.06133912935256583;0.3002351794911631;0.23043643298025004;0.46933248311884723];0.7737731352612447;0.25
7062;0.0020017640138690895;0.042933817822708054;6;0.39936842055408023;[-0.08499588345080362;-0.04406382964196466;0.0889994114785418;0.12993146528738075];0.7798253197685945;0.25
5500;0.6975945659897252;0.3383190062806435;6;0.5402564032611963;[0.6104800726292199;0.2512045129201382;0.7847090593502306;0.4254334996411488];0.7746123952234037;0.25
8557;0.8679296509610355;0.815645029564085;6;0.5260524794675142;[0.783404824334717;0.7311202029377666;0.9524544775873539;0.9001698561904035];0.7759893700075083;0.25
3843;0.02224806051335465;0.018345792082464618;6;0.37747490109897175;[-0.06461645420920303;-0.06851872264009307;0.10911257523591233;0.1052103068050223];0.7661832957179541;0.25
3509;0.5068587648747414;0.3381590179471991;6;0.5312678379279593;[0.4189947529588268;0.2502950060312845;0.5947227767906559;0.4260230298631137];0.788190572303293;0.25
6466;0.48296749405573847;0.05445058838912559;6;0.44171493289979236;[0.39451529218093534;-0.034001613485677554;0.5714196959305416;0.14290279026392871];0.7759547731294532;0.25
8218;0.4731043032827764;0.7974415805557112;6;0.4259380317620553;[0.38537780527019316;0.709715082543128;0.5608308012953597;0.8851680785682945];0.7786889070715253;0.25
3405;0.16898732807216388;0.5754116566554414;6;0.6502036667703006;[0.07867244642681714;0.4850967750100946;0.2593022097175106;0.6657265383007881];0.7703972932453803;0.25
1459;0.2478069400289193;0.3123970764416117;6;0.581799944658064;[0.15534809887736176;0.21993823529005416;0.3402657811804768;0.4048559175931692];0.7725345445182611;0.25
7664;0.2868260879813212;0.14404417777804626;6;0.5441520566674978;[0.20098281039369642;0.0582009001904215;0.372669365568946;0.229887455365671];0.771181234483323;0.25
4764;0.8157109565920245;0.23860530593735335;6;0.39195953365075403;[0.7275542360428343;0.15044858538816316;0.9038676771412147;0.3267620264865435];0.7692611034745658;0.25
4854;0.4486756440165675;0.630851560322554;7;0.46042479006290493;[0.3615807265848954;0.5437566428908818;0.5357705614482396;0.7179464777542262];0.772370538163084;0.25
1789;0.478560235005305;0.22231272708556626;6;0.5566564409026095;[0.3911020565224139;0.1348545486026752;0.566018413488196;0.3097709055684573];0.7746882084746167;0.25
4558;0.4708085766258079;0.7679386564126404;6;0.6276759144698587;[0.3845980559082882;0.6817281356951207;0.5570190973433276;0.85414917713016];0.7767909017088487;0.25
3296;0.08497990948762107;0.03209573046265543;7;0.35395300796556045;[-0.0035002765715659856;-0.05638445559653163;0.17346009554680814;0.12057591652184249];0.7793520444025358;0.25
7243;2.905146852466567E-5;0.12996553981831824;6;0.4238913549152327;[-0.08510185497599837;0.0448346333737952;0.0851599579130477;0.21509644626284127];0.763535769268572;0.25
6040;0.7651151796314486;0.8706258343641944;6;0.6414003670122105;[0.6745547517449771;0.7800654064777229;0.85567560751792;0.9611862622506658];0.7653014900300307;0.25
7084;0.09031019174896923;0.6943945368491113;6;0.6331160136712886;[0.0016619381640909786;0.6057462832642331;0.17895844533384747;0.7830427904339896];0.7741207223246078;0.25
540;0.8761165403760145;0.5690604023743382;6;0.6160823164999372;[0.7841957827461971;0.47713964474452075;0.9680372980058319;0.6609811600041556];0.7689463230467732;0.25
9266;0.199808968506485;0.40656320064309914;6;0.3686411492690105;[0.11044646410731553;0.31720069624392966;0.2891714729056545;0.4959257050422686];0.7848253278512572;0.25
4812;0.7907768552626172;0.5317900946285101;6;0.7078260670130891;[0.7031315975000667;0.4441448368659596;0.8784221130251677;0.6194353523910606];0.7745530648127588;0.25
2891;0.24325657863737932;0.05491465154493477;6;0.4571986810747009;[0.15402430192820615;-0.03431762516423839;0.3324888553465525;0.14414692825410794];0.772708911651021;0.25
948;0.5859511625853064;0.7617182624022197;6;0.5389820660501554;[0.49618740157898455;0.6719545013958979;0.6757149235916283;0.8514820234085416];0.7836677487062549;0.25
6349;0.19034965342246113;0.38828053852402045;6;0.5358120876068575;[0.09981370489596775;0.29774458999752706;0.2808856019489545;0.47881648705051383];0.7619604766874293;0.25
8885;0.19872736202156804;0.1910623075329672;6;0.538218762752654;[0.11127916596460323;0.1036141114760024;0.28617555807853284;0.278510503589932];0.7777180950730881;0.25
4164;0.770506552989076;0.7552067091184576;6;0.4449817826857536;[0.6849830729870237;0.6696832291164052;0.8560300329911283;0.8407301891205099];0.7752815198625899;0.25
9541;0.20467240735677866;0.6497390732665103;6;0.37692336748634814;[0.11767060396934667;0.5627372698790782;0.2916742107442106;0.7367408766539423];0.7797361703309805;0.25
8647;0.11209432459591018;0.5211022765971494;5;0.398847101607935;[0.02340486125959447;0.43241281326083364;0.2007837879322259;0.609791739933465];0.7814409219667849;0.25
4228;0.3920544356858744;0.5244350867626677;6;0.6815580869743986;[0.3026980458774091;0.4350786969542024;0.48141082549433967;0.613791476571133];0.7782093194821014;0.25
176;0.11051309981848992;0.7354578488347917;6;0.4254410499555157;[0.023308582638109934;0.6482533316544117;0.19771761699886992;0.8226623660151717];0.7784036486041298;0.25
5872;0.10546499060184236;0.40493534787015506;6;0.5394287490439926;[0.016512503274096063;0.31598286054240876;0.19441747792958866;0.49388783519790136];0.779147278984997;0.25
6136;0.17976068040623672;0.049479306738691164;6;0.5604547292147565;[0.09115126312453986;-0.03913011054300569;0.2683700976879336;0.13808872402038802];0.7763022863857952;0.25
4531;0.01829053920081236;0.36040338748630035;6;0.6075865707419775;[-0.07414807782760036;0.26796477045788764;0.11072915622922508;0.45284200451471307];0.7681262070963778;0.25
2589;0.21854395914450303;0.3340599081610571;6;0.42699930076439363;[0.14046542342976054;0.2559813724463146;0.2966224948592455;0.41213844387579956];0.7720181428578324;0.25
8226;0.4008327272011032;0.3719129846438457;6;0.40206960611830206;[0.3130786960504931;0.2841589534932356;0.4885867583517133;0.4596670157944558];0.7772002594715239;0.25
3266;0.036635111152834576;0.9217020443759802;6;0.29667686030463125;[-0.05624901023435763;0.828817922988788;0.12951923254002679;1.0145861657631725];0.7739395666837329;0.25
1460;0.15341968409661325;0.15540219214190282;6;0.5115380875370655;[0.06441104374022692;0.0663935517855165;0.24242832445299956;0.24441083249828915];0.7730730836194651;0.25
464;0.5413834527696727;0.9276939171168982;6;0.6333089628089615;[0.44834919174175014;0.8346596560889756;0.6344177137975953;1.0207281781448208];0.7760277719854576;0.25
6763;0.19919241861156567;0.6233714601045488;6;0.32380907169298945;[0.1116493409246996;0.5358283824176827;0.28673549629843176;0.7109145377914149];0.7713087232684579;0.25
8939;0.8482291651684726;0.799847312905969;6;0.7881596772653501;[0.7589012260376846;0.710519373775181;0.9375571042992605;0.889175252036757];0.7720409026440234;0.25
5205;0.47571660436690794;0.8644757527066715;6;0.41942495515904205;[0.3865233357507107;0.7752824840904743;0.5649098729831051;0.9536690213228688];0.781480718361072;0.25
4033;0.14626139130393684;0.14490362946341317;6;0.6183654334550739;[0.05932058512422428;0.057962823283700615;0.2332021974836494;0.23184443564312573];0.7730702485065268;0.25
515;0.19763503184152026;0.8648980644925554;6;0.41133840223306306;[0.10834200234969378;0.7756050350007289;0.28692806133334675;0.9541910939843818];0.7665164437131582;0.25
8550;0.9476896113965088;0.2169582563746791;6;0.539322301204531;[0.8659853329202062;0.1352539778983765;1.0293938898728114;0.2986625348509817];0.7716776311787761;0.25
7856;0.1291243503620915;0.20920317732319782;6;0.2945587935988796;[0.0410706382899851;0.12114946525109142;0.2171780624341979;0.2972568893953042];0.7625194583011767;0.25
9769;0.10208553542013038;0.671373808763509;6;0.5655917928166856;[0.01823263382424435;0.5875209071676231;0.18593843701601642;0.755226710359395];0.7775165818752391;0.25
8931;0.37951505427211435;0.03700287681852543;6;0.5509364036892592;[0.2930238490496934;-0.049488328403895485;0.4660062594945353;0.12349408204094635];0.7758161938433659;0.25
1267;0.22055946775376567;0.1663232978481452;6;0.5043337966897216;[0.1341637635741891;0.07992759366856864;0.3069551719333422;0.2527190020277218];0.7719609609769394;0.25
385;0.4387943171192087;0.29121910866743367;6;0.44920356217201796;[0.34736221990837135;0.1997870114565963;0.530226414330046;0.38265120587827106];0.7686757565480484;0.25
5918;0.30870803115087153;0.4116879988486156;6;0.5453814961876966;[0.21759281086782437;0.32057277856556843;0.3998232514339187;0.5028032191316628];0.7718602874148208;0.25
2031;0.08337443578717743;0.7194309373937288;6;0.5117486855843557;[-0.0031028630374384664;0.6329536385691129;0.16985173461179331;0.8059082362183446];0.774724317781041;0.25
270;0.3116422837936249;0.16515671613177807;6;0.48885176965865856;[0.22109282429499763;0.07460725663315079;0.40219174329225216;0.2557061756304053];0.7807227833578423;0.25
9648;0.30310458778085403;0.08659246980500172;6;0.50935116716633;[0.21801331928240528;0.0015012013065529711;0.38819585627930275;0.17168373830345046];0.7779235048117586;0.25
5665;0.3508282204967653;0.38234622472500407;6;0.36941973855856725;[0.26198853968694075;0.2935065439151795;0.4396679013065899;0.47118590553482864];0.7732317339693762;0.25
4544;0.5750829132839677;0.2562516215574415;6;0.44481571326045993;[0.4926394533467451;0.17380816162021892;0.6575263732211902;0.3386950814946641];0.7827477240418903;0.25
9443;0.20987548011738927;0.3984486271634752;6;0.3289304877984113;[0.12440324698472743;0.31297639403081334;0.2953477132500511;0.483920860296137];0.7751724321769562;0.25
6228;0.7999836829947318;0.6346696096867182;7;0.35915034558260706;[0.7139574017015321;0.5486433283935185;0.8860099642879314;0.7206958909799178];0.782182793701995;0.25
1469;0.7299926781171922;0.2953907993681837;6;0.627697518819611;[0.638649092573609;0.20404721382460053;0.8213362636607753;0.3867343849117668];0.7760264431799192;0.25
4851;0.8953758972718139;0.02671433437203319;6;0.5060886810238755;[0.8069550786247023;-0.06170648427507837;0.9837967159189255;0.11513515301914475];0.7660173547905336;0.25
3482;0.5303043479617764;0.44205422246198783;6;0.48889248395829904;[0.4417288960603348;0.3534787705605462;0.6188797998632181;0.5306296743634294];0.7715472332528401;0.25
3680;0.5914660200133515;0.5681521261314606;6;0.4192557991840944;[0.505314208822633;0.4820003149407421;0.6776178312040699;0.6543039373221791];0.7771581821756127;0.25
569;0.7595769935236805;0.48658855583947747;6;0.4115429135441696;[0.6732607715034908;0.4002723338192878;0.8458932155438701;0.5729047778596671];0.7698056105442328;0.25
6752;0.973086025795681;0.4126187074816635;6;0.292160951461939;[0.8896180051245166;0.3291506868104991;1.0565540464668455;0.49608672815282795];0.7771632371032561;0.25
6503;0.43649106541342075;0.26238484510313326;7;0.604075875904847;[0.34996963978506207;0.17586341947477457;0.5230124910417795;0.34890627073149194];0.7707819782754682;0.25
2147;0.5055425073989002;0.0758322082095439;6;0.4954248132304125;[0.4184380236992259;-0.011272275490130365;0.5926469910985744;0.16293669190921817];0.7795740499200844;0.25
7005;0.5769532156118788;0.3644932999309539;6;0.3974696636939669;[0.4879245858207677;0.27546467013984277;0.66598184540299;0.45352192972206506];0.7769635004665124;0.25
8120;0.4073229778321046;0.4809286738602366;6;0.6326885344817146;[0.3193729818932143;0.3929786779213463;0.4952729737709949;0.5688786697991268];0.766249916223506;0.25
3343;0.8017410692695367;0.17252136733144402;6;0.4194227815471152;[0.714311883104433;0.0850921811663404;0.8891702554346403;0.2599505534965476];0.7678482926160426;0.25
9000;0.7688810144403333;0.4426472194823673;6;0.48710328365925415;[0.6822150523187862;0.3559812573608202;0.8555469765618804;0.5293131816039144];0.773352848038357;0.25
2671;0.174358316299627;0.03653291122075214;6;0.43089120657957547;[0.0850115316982352;-0.05281387338063967;0.26370510090101884;0.12587969582214395];0.7760562293719646;0.25
761;0.6467143145616949;0.8712154337644498;7;0.50669192056754;[0.5621874040096213;0.7866885232123761;0.7312412251137685;0.9557423443165234];0.7734074078489164;0.25
6384;0.5267083009633938;0.12796374237746028;6;0.3600396231937789;[0.43900763540638454;0.040263076820450994;0.6144089665204031;0.21566440793446956];0.7677012555452375;0.25
4514;0.7373472593239718;0.1611288948419951;6;0.32816010116727246;[0.6531599858580186;0.07694162137604184;0.821534532789925;0.2453161683079484];0.7748368376796859;0.25
21;0.7559648762064315;0.7513916125293832;6;0.5731602769376255;[0.6695178218915623;0.664944558214514;0.8424119305213007;0.8378386668442525];0.7833000670985959;0.25
5539;0.23667686500114946;0.32538338816886353;6;0.2866849308432289;[0.14949545172233866;0.23820197489005274;0.3238582782799603;0.4125648014476743];0.782944709091882;0.25
4849;0.7331976306821972;0.5952873742848361;6;0.45868913296226593;[0.6421827464579408;0.5042724900605797;0.8242125149064536;0.6863022585090925];0.7817498304160027;0.25
323;0.2654768143665642;0.762885394572089;6;0.5458378997413011;[0.180331666711472;0.6777402469169969;0.35062196202165635;0.8480305422271812];0.7788699317112756;0.25
6372;0.30036395193569276;0.055806697307032915;6;0.3896054223186986;[0.21387023885695472;-0.030687015771705115;0.3868576650144308;0.14230041038577096];0.7797033507163011;0.25
7234;0.21915814148863014;0.3758468346133696;6;0.551072889935974;[0.12801595615326566;0.2847046492780051;0.3103003268239946;0.4669890199487341];0.7759010171678349;0.25
3438;0.6137507650476383;0.2665754781042256;6;0.6050170336119763;[0.5234449210383161;0.1762696340949034;0.7040566090569604;0.35688132211354784];0.7828039817290764;0.25
9565;0.08763590092383941;0.4072796681130276;6;0.5066888449001079;[7.149024513916774E-4;0.3203586696405799;0.17455689939628716;0.49420066658547535];0.777389856628021;0.25
8594;0.5529765313923607;0.365316745000989;5;0.4564347746757772;[0.46463917763745344;0.27697939124608173;0.641313885147268;0.45365409875589624];0.7652738775551643;0.25
5976;0.7445986983038354;0.09102413697549622;6;0.46082047120832104;[0.6566065894953088;0.0030320281669696802;0.832590807112362;0.17901624578402275];0.7713355267027169;0.25
4456;0.6295045239093475;0.6504437456911679;6;0.4773968519518128;[0.5399559888298703;0.5608952106116907;0.7190530589888248;0.7399922807706452];0.7770836910106059;0.25
2416;0.06806146295589902;0.04762512063915422;6;0.48261465613936705;[-0.020100902649778207;-0.040537244966523;0.15622382856157624;0.13578748624483145];0.7762738344821444;0.25
1456;0.10717247659348;0.35507300613457327;6;0.5477211862259357;[0.01797934847317101;0.26587987801426427;0.196365604713789;0.44426613425488226];0.7713619299232223;0.25
5872;0.5915333563405406;0.4208662940971305;6;0.5394287490439926;[0.501820964128761;0.3311539018853508;0.6812457485523202;0.5105786863089101];0.779147278984997;0.25
2374;0.26370907793711656;0.3359091275488926;6;0.7800581087961171;[0.17950378054496283;0.2517038301567389;0.3479143753292703;0.42011442494104634];0.774353841577024;0.25
3222;0.7297460716869553;0.3826400492807487;7;0.5586777332534895;[0.6440403849146425;0.296934362508436;0.815451758459268;0.46834573605306135];0.7769551877399928;0.25
8897;0.076128123341725;0.14887951098680152;6;0.3745989618246264;[-0.007120834464508105;0.06563055318056842;0.15937708114795812;0.23212846879303461];0.7798914156050833;0.25
9013;0.556203619682866;0.597734216460724;6;0.7795798842267095;[0.46271040134163316;0.5042409981194911;0.6496968380240989;0.6912274348019569];0.7744591234927;0.25
6398;0.31499278435240885;0.22910935708991662;6;0.6157564216840338;[0.23175001946419993;0.1458665922017077;0.39823554924061777;0.31235212197812556];0.781135372226771;0.25
9293;0.5694521487865043;0.19318920759191824;6;0.5217340624903201;[0.4784666947595875;0.10220375356500142;0.6604376028134211;0.2841746616188351];0.7796164317287841;0.25
3466;0.9775489114565277;0.40000884558588506;6;0.5986393658355018;[0.8914420440944618;0.31390197822381927;1.0636557788185934;0.48611571294795086];0.7784233825169027;0.25
165;0.3278856230547884;0.18108076008043594;6;0.5287981241795192;[0.243722008837511;0.09691714586315854;0.4120492372720658;0.26524437429771336];0.7719199870484563;0.25
7496;0.9721376627699949;0.6194406098427867;6;0.5179187467111009;[0.886981309986362;0.5342842570591538;1.057294015553628;0.7045969626264196];0.7749769210507176;0.25
1297;0.49353577018588596;0.2400033424836035;6;0.39274882196686156;[0.40520219381364825;0.1516697661113658;0.5818693465581237;0.3283369188558412];0.7741785008297984;0.25
9904;0.779120008498884;0.7277047067891487;6;0.487483286010939;[0.6906513422478489;0.6392360405381136;0.8675886747499191;0.8161733730401838];0.7778799068535381;0.25
1992;0.354080964307923;0.3900534679130382;6;0.4690725121848181;[0.26900510890047574;0.3049776125055909;0.4391568197153703;0.47512932332048546];0.7848283771235296;0.25
352;0.7734305825331322;0.2520424993600701;6;0.5062370474162534;[0.6864566779679966;0.16506859479493452;0.8604044870982679;0.3390164039252057];0.7699626829899021;0.25
5657;0.7810983345064462;0.8359556689739227;6;0.5389662909499912;[0.688974499072619;0.7438318335400955;0.8732221699402734;0.9280795044077499];0.7777585943283252;0.25
155;0.7935423175669468;0.4915440727585726;6;0.3435625723577818;[0.7078704516718007;0.4058722068634265;0.8792141834620929;0.5772159386537187];0.7752639919567966;0.25
8435;0.49819521690711965;0.6120130374941222;6;0.4835967449798121;[0.4093656683665216;0.5231834889535241;0.5870247654477176;0.7008425860347203];0.7673760182893254;0.25
6232;0.41153921846199926;0.384476925708712;6;0.45501783305418797;[0.32219257165070925;0.295130278897422;0.5008858652732893;0.473823572520002];0.780331448486772;0.25
8592;0.9422175023321488;0.23294876849966545;6;0.6817796277729643;[0.8560161559289177;0.14674742209643427;1.02841884873538;0.31915011490289663];0.7748795116216387;0.25
6375;0.048163623683885715;0.5494332632278566;5;0.4919473659298903;[-0.038234945990762756;0.4630346935532081;0.1345621933585342;0.635831832902505];0.774373405897052;0.25
2429;0.39372502414553173;0.4609077534506264;6;0.5794250823680536;[0.3024223778307609;0.3696051071358556;0.48502767046030254;0.5522103997653972];0.7657414604777738;0.25
1276;0.8492243843201557;0.33586236748465204;6;0.5291989246515911;[0.7667568724110491;0.2533948555755454;0.9316918962292623;0.41832987939375865];0.7763844677209497;0.25
1734;0.747227710353927;0.7594861529860919;6;0.46501025555840536;[0.6585870112109814;0.6708454538431463;0.8358684094968726;0.8481268521290375];0.7840247211886184;0.25
4842;0.8802372927956367;0.35730760439168546;6;0.5482845626196233;[0.7941809853841763;0.271251296980225;0.9662936002070971;0.44336391180314594];0.7722209080555497;0.25
3612;0.8793134781244506;0.15324253216143638;6;0.44253688749562925;[0.7913703094030404;0.0652993634400262;0.9672566468458608;0.24118570088284658];0.7647236568822011;0.25
73;0.8218317575181237;0.01853958710493231;6;0.2975141039708231;[0.7308284731947035;-0.07246369721848789;0.9128350418415438;0.1095428714283525];0.783869022643896;0.25
2753;0.07969557469931632;0.38025051462143256;6;0.4032447925687275;[-0.004243377304211024;0.2963115626179052;0.16363452670284367;0.4641894666249599];0.7801133400823032;0.25
583;0.8531386127230518;0.22178545881719752;6;0.5693523518593222;[0.7657002703567045;0.13434711645085018;0.9405769550893991;0.30922380118354487];0.7704278075158111;0.25
1299;0.9455766701023818;0.3213070381451586;6;0.8028035920702361;[0.857840870144584;0.23357123818736084;1.0333124700601795;0.4090428381029564];0.7716536078314472;0.25
8103;0.9551231530471095;0.47563426495558325;6;0.35612460665698353;[0.8697748852016269;0.39028599711010065;1.040471420892592;0.5609825328010658];0.7694201027573241;0.25
3295;0.7301435606100237;0.15080065227802086;6;0.6483196625164056;[0.642441535574136;0.06309862724213308;0.8178455856459115;0.23850267731390865];0.7697449029665703;0.25
9075;0.6882844545638912;0.21918164762487963;5;0.4132536679687556;[0.604671938606522;0.13556913166751045;0.7718969705212604;0.3027941635822488];0.7711971029267504;0.25
5630;0.22168200005514993;0.354771361239605;6;0.39511536723747787;[0.12891079019910304;0.26200015138355814;0.31445320991119685;0.4475425710956519];0.7742630249421849;0.25
338;0.7693898263656705;0.7242598475678117;6;0.49414883549087113;[0.6850297630685732;0.6398997842707144;0.8537498896627679;0.808619910864909];0.7745021455037862;0.25
7341;0.3346060211623031;0.5702601754068585;6;0.4922150459996428;[0.24919036004917178;0.48484451429372716;0.4200216822754344;0.6556758365199897];0.7809613369299322;0.25
6703;0.9867395455245825;0.5007111595354876;6;0.5160130861238931;[0.9008553023720958;0.4148269163830008;1.0726237886770693;0.5865954026879745];0.7769399037613661;0.25
3175;0.8793558808508749;0.695224662443001;5;0.2928312083825816;[0.7910289014732069;0.606897683065333;0.9676828602285429;0.7835516418206689];0.7789950500820093;0.25
9562;0.9843567633030141;0.7867781142646144;6;0.31830517723639074;[0.8996345383310196;0.7020558892926199;1.0690789882750087;0.871500339236609];0.774286404929986;0.25
7332;0.09009256839201851;0.1900264164967438;6;0.44155149950753925;[0.002938891023306342;0.10287273912803162;0.17724624576073067;0.27718009386545595];0.7685454280105184;0.25
5328;0.023456749182263592;0.7394870860470593;6;0.35301417761444753;[-0.06966714039464274;0.646363196470153;0.11658063875916992;0.8326109756239656];0.7749120492047223;0.25
1608;0.8538999111424637;0.4387290370616462;6;0.31369512383698817;[0.7664146725261399;0.3512437984453224;0.9413851497587874;0.52621427567797];0.7774487760005899;0.25
7326;0.6834169033713127;0.4069714344816834;6;0.550861143476767;[0.5976930088038678;0.3212475399142385;0.7691407979387576;0.49269532904912827];0.7709447252458586;0.25
3045;0.9022457356227088;0.3169084942954793;6;0.6405731049071872;[0.8151069368578845;0.22976969553065496;0.9893845343875332;0.4040472930603036];0.7774365209823818;0.25
8177;0.9398961722608453;0.512025877318393;6;0.6248560508938692;[0.8499998505783742;0.4221295556359219;1.0297924939433165;0.6019221990008641];0.7820986208048701;0.25
7502;0.7945744954337007;0.29226955648111763;6;0.3644758592547801;[0.7065683113878026;0.20426337243521947;0.8825806794795988;0.3802757405270158];0.7728442446498234;0.25
150;0.41579179292546736;0.950777984260732;6;0.651133674757322;[0.3255753948824841;0.8605615862177488;0.5060081909684506;1.0409943823037153];0.7678009977971929;0.25
2721;0.8928456865156374;0.345726718205548;6;0.36673282792089423;[0.8022512939445301;0.2551323256344406;0.9834400790867448;0.4363211107766554];0.7822221973532258;0.25
2576;0.807636701609894;0.3286283746249472;6;0.6259086102135338;[0.7196544682783861;0.24064614129343934;0.8956189349414019;0.4166106079564551];0.7757702421035226;0.25
8440;0.0845349816288552;0.09499397100718363;6;0.700054441412714;[-0.004931134115036692;0.005527855263291734;0.1740010973727471;0.1844600867510755];0.7746633588442613;0.25
4479;0.6828403359806345;0.802919389774204;6;0.531350625293558;[0.5957288065968322;0.7158078603904017;0.7699518653644368;0.8900309191580063];0.7743438032524609;0.25
1328;0.6743447854493105;0.11827339111403817;6;0.5070310316813064;[0.590164482628031;0.0340930882927587;0.7585250882705901;0.20245369393531765];0.7727726606160782;0.25
5890;0.36923960301210973;0.17171979765440815;6;0.4232948026976416;[0.2799418259493226;0.082422020591621;0.45853738007489686;0.2610175747171953];0.7648770074241225;0.25
2334;0.728235577858561;0.23864082292048078;6;0.4433594034875286;[0.6394807203817217;0.14988596544364152;0.8169904353354003;0.32739568039732003];0.776485932868853;0.25
2802;0.9898829307451535;0.26822878715600396;6;0.5907595571458456;[0.9058405915984228;0.18418644800927322;1.0739252698918842;0.3522711263027347];0.7837128110616493;0.25
9938;0.26604955556860366;0.35376693249069235;6;0.5211406543933127;[0.17591157563756266;0.26362895255965135;0.35618753549964466;0.44390491242173336];0.7798049471571568;0.25
1765;0.5843781477031234;0.6386572829479784;5;0.5471260599855748;[0.4932833016961651;0.5475624369410201;0.6754729937100816;0.7297521289549367];0.7720188431165961;0.25
630;0.5996895126546902;0.264917645811956;6;0.5320611075738951;[0.5142759717887897;0.17950410494605548;0.6851030535205906;0.35033118667785645];0.7693743093354941;0.25
6155;0.8701653597010706;0.5354821943245939;6;0.44998622028074076;[0.7813867943022264;0.44670362892574966;0.9589439250999148;0.6242607597234381];0.7756575015465563;0.25
4490;0.7337202857425317;0.5883743843868537;6;0.45985803775759704;[0.6434530652647484;0.4981071639090705;0.8239875062203149;0.678641604864637];0.7724104623319815;0.25
2214;0.24796268085749662;0.29755333161415254;6;0.4846291078908623;[0.1619850496142543;0.21157570037091022;0.33394031210073893;0.38353096285739485];0.7715702129549847;0.25
8493;0.5292817505086727;0.38034873170096517;6;0.529696737493977;[0.44524540636610943;0.29631238755840195;0.6133180946512359;0.4643850758435284];0.7813746271161416;0.25
3511;0.5227335227395642;0.39095418151140426;6;0.5532230108458241;[0.4321192117963956;0.3003398705682357;0.6133478336827327;0.48156849245457284];0.7797797376429102;0.25
3903;0.6089754347129466;0.4506789464925961;6;0.4211023562823651;[0.5229558086780968;0.36465932045774624;0.6949950607477964;0.536698572527446];0.7733633472254117;0.25
723;0.5147264506908701;0.1111143469031022;6;0.42978825157705075;[0.42859186286261564;0.024979759074847743;0.6008610385191245;0.19724893473135668];0.7704700817580996;0.25
6018;0.3785281124026121;0.2368262800871495;6;0.5627852011241372;[0.29576219598752257;0.15406036367206;0.4612940288177016;0.319592196502239];0.7706797154724393;0.25
1961;0.9820962142940246;0.7375588517446614;6;0.1813184176377724;[0.8926797209694666;0.6481423584201034;1.0715127076185826;0.8269753450692194];0.7726632519307135;0.25
5412;0.509818355865665;0.1469183193258518;6;0.5240032910211554;[0.42873512325633867;0.06583508671652542;0.5909015884749914;0.22800155193517818];0.7787062323216782;0.25
4138;0.45724630450790144;0.009035417717856431;6;0.5626240977372368;[0.36839806283413934;-0.07981282395590567;0.5460945461816635;0.09788365939161853];0.7793597130954992;0.25
4586;0.46800221738883696;0.9148058406450144;6;0.5958461050331844;[0.3786384965046982;0.8254421197608756;0.5573659382729758;1.004169561529153];0.7754199841322815;0.25
7889;0.3737208220847742;0.47131740034426983;5;0.4554318097305073;[0.28573791552956346;0.3833344937890591;0.46170372863998493;0.5593003068994806];0.7748381951357766;0.25
4136;0.1336808394922625;0.45848890046280955;6;0.5306151717471805;[0.048470578943159565;0.3732786399137066;0.21889110004136544;0.5436991610119125];0.7848977556925256;0.25
7862;0.8448786471434112;0.1829853326321532;6;0.3352611633753023;[0.7556029083491556;0.09370959383789756;0.9341543859376669;0.2722610714264088];0.7760900035687741;0.25
7271;0.7646881421870527;0.6645327307563949;6;0.7239332211024052;[0.676954621747679;0.5767992103170211;0.8524216626264265;0.7522662511957686];0.7743087119787299;0.25
7322;0.5932725231267311;0.4885388536805407;6;0.5815140472923053;[0.5050913748266788;0.4003577053804884;0.6814536714267834;0.5767200019805929];0.7741691662020982;0.25
1043;0.9789042804251372;0.8173700294156924;6;0.41224745520664874;[0.8967948032804554;0.7352605522710105;1.061013757569819;0.8994795065603742];0.778314456260898;0.25
9000;0.6058030147097087;0.2866964215991164;6;0.48710328365925415;[0.5184714400571593;0.19936484694656698;0.693134589362258;0.37402799625166583];0.773352848038357;0.25
6227;0.7107792194713314;0.9382727530207794;6;0.4770483280691725;[0.619596859676614;0.847090393226062;0.8019615792660487;1.0294551128154967];0.774562681563164;0.25
9851;0.6833256627528184;0.7079713441941676;6;0.45211246703299235;[0.601670664246605;0.6263163456879542;0.7649806612590317;0.789626342700381];0.7810665457086059;0.25
9112;0.09937633534484702;0.7169029707926869;6;0.4837187670435455;[0.00917069705117693;0.6266973324990168;0.18958197363851712;0.8071086090863571];0.7805208168257147;0.25
4419;0.8993117749907726;0.040332431308366;6;0.6344227401878597;[0.813216581794256;-0.045762761888150594;0.9854069681872892;0.1264276245048826];0.7683343244629279;0.25
3538;0.8966277340859362;0.5821917122406863;6;0.3918850844609682;[0.8075647759392335;0.49312875409398366;0.9856906922326389;0.671254670387389];0.7721516019767798;0.25
513;0.678412072167742;0.4245086155716914;6;0.584271008192118;[0.5878365279015753;0.33393307130552463;0.7689876164339088;0.5150841598378582];0.7756855825492395;0.25
9001;0.7527537606270047;0.22186379832356468;6;0.5735938172961259;[0.6643545870114493;0.13346462470800935;0.8411529342425601;0.31026297193912];0.7740909286107981;0.25
1914;0.5561684702147507;0.47755417662258914;6;0.6307640350409315;[0.46644243795307505;0.3878281443609135;0.6458945024764263;0.5672802088842648];0.7708536402291519;0.25
7610;0.08042550086112199;0.47930031153300234;6;0.5539423239150987;[-0.013326187596010591;0.3855486230758698;0.17417718931825457;0.5730519999901349];0.7759566681103002;0.25
6135;0.9062970289411818;0.7749547802269319;6;0.41806810932913646;[0.8180896114693439;0.686747362755094;0.9945044464130197;0.8631621976987698];0.7857053531937965;0.25
2860;0.6865116077193192;0.18616200894232227;6;0.5125000455746106;[0.5972556379561882;0.09690603917919129;0.7757675774824502;0.27541797870545326];0.7697938747301782;0.25
7241;0.5750814869751255;0.31770602491659433;6;0.4618330516822099;[0.4871380675191086;0.22976260546057742;0.6630249064311424;0.40564944437261125];0.7811206381413255;0.25
2971;0.8966615509238002;0.16237033207289417;6;0.47506992546047855;[0.8093025295375262;0.07501131068662027;0.9840205723100741;0.24972935345916808];0.7755216086711405;0.25
3300;0.29449312799369476;0.37554445951559867;6;0.6702086587378785;[0.21115927191569353;0.2922106034375974;0.377826984071696;0.45887831559359993];0.7832031210022451;0.25
7270;0.9710944243697721;0.28898264087104886;6;0.5241027710611506;[0.8849406553050112;0.20282887180628795;1.057248193434533;0.37513640993580977];0.777897186329153;0.25
7860;0.3297723871026429;0.390642349451624;6;0.5430465832318118;[0.24413548066320898;0.3050054430121901;0.4154092935420768;0.4762792558910579];0.7747919529063009;0.25
3329;0.9302281574921244;0.824214572631532;6;0.48447546643751943;[0.8469626944182397;0.7409491095576473;1.013493620566009;0.9074800357054167];0.7751296616251285;0.25
6545;0.8123651531673886;0.0995977219722825;6;0.5439771361308685;[0.7277804341818918;0.015013002986785678;0.8969498721528854;0.18418244095777933];0.7783821251223657;0.25
5458;0.8009749740299075;0.9532545883363205;6;0.44310696165603836;[0.7190678364085128;0.8713474507149258;0.8828821116513021;1.0351617259577153];0.7764795543177642;0.25
314;0.14885989414749645;0.3426310702153195;6;0.46787610926889256;[0.06042955718182999;0.2542007332496531;0.2372902311131629;0.43106140718098596];0.7802831918792331;0.25
9427;0.6777922301970991;0.7243856166458914;6;0.4725710524507532;[0.5864914154795873;0.6330848019283796;0.769093044914611;0.8156864313634032];0.7748140410528096;0.25
4843;0.7642931554826592;0.6961133881552909;6;0.5104092065776623;[0.6772434784663616;0.6090637111389933;0.8513428324989568;0.7831630651715885];0.7683309141804262;0.25
3453;0.7006384817792255;0.19764615747831693;6;0.5026282883910183;[0.6119418381521318;0.10894951385122326;0.7893351254063192;0.2863428011054106];0.7824466337543664;0.25
9299;0.9493736203341573;0.3626569473030404;6;0.5788597769237264;[0.8659854482826594;0.2792687752515425;1.0327617923856551;0.4460451193545383];0.773877301193105;0.25
4860;0.15775295089029606;0.551492580510643;6;0.501537965123199;[0.07082162293513822;0.46456125255548514;0.2446842788454539;0.6384239084658008];0.7718395674013745;0.25
8417;0.22174071799674588;0.17466525075080266;6;0.34697505703821474;[0.12875710434159862;0.0816816370956554;0.3147243316518932;0.2676488644059499];0.7674567494930563;0.25
7316;0.7111283694179359;0.6844206460455853;6;0.4649541604427109;[0.627085141939876;0.6003774185675255;0.7951715968959958;0.7684638735236451];0.7822390677451596;0.25
8185;0.5992322848284836;0.5725735732595773;6;0.6270029165655786;[0.5131514771087324;0.4864927655398261;0.6853130925482347;0.6586543809793284];0.7746413451183507;0.25
967;0.6123720397000565;0.3452648120161386;6;0.30530917752425146;[0.5250654306243371;0.2579582029404192;0.6996786487757759;0.43257142109185803];0.7724656098114714;0.25
9329;0.5744275264231982;0.19760558704044134;6;0.532339239757925;[0.4864514296692353;0.1096294902864785;0.6624036231771611;0.2855816837944042];0.7792099814940926;0.25
4062;0.7883201759381963;0.4478857771270027;6;0.5856701755622553;[0.7018180698528098;0.36138367104161623;0.8748222820235827;0.5343878832123892];0.7749601950125842;0.25
6119;0.6802111381544214;0.7279359314335326;7;0.5417367526000947;[0.589809384190957;0.6375341774700682;0.7706128921178858;0.818337685396997];0.7751371033136046;0.25
1288;0.3821178808654216;0.23925130005778672;6;0.6465912465213675;[0.2953217761515392;0.15245519534390434;0.46891398557930397;0.3260474047716691];0.764839550217382;0.25
6377;0.4301570119344465;0.6275024094601727;6;0.49285270800932984;[0.3417133840912096;0.5390587816169358;0.5186006397776834;0.7159460373034096];0.7761197917424744;0.25
538;0.03458477069503396;0.47289300088728814;6;0.3712801193317038;[-0.05231241570589304;0.3859958144863611;0.12148195709596096;0.5597901872882152];0.7705318521637516;0.25
1242;0.553296484102219;0.038947116723675845;6;0.4650205211166418;[0.46010855037883436;-0.0542408169997088;0.6464844178256036;0.13213505044706048];0.7725663461131953;0.25
4076;0.3277553142532702;0.3368805534547383;6;0.6367523645316936;[0.23954356642195684;0.24866880562342492;0.41596706208458356;0.42509230128605163];0.7808314868997656;0.25
9776;0.3969281861956106;0.14648270247211664;6;0.539797328968347;[0.3103287213787402;0.05988323765524624;0.483527651012481;0.23308216728898706];0.7808651202103467;0.25
8093;0.6190095866792416;0.6904321764011376;6;0.48809171014762637;[0.5311241894092856;0.6025467791311817;0.7068949839491975;0.7783175736710936];0.7792928095100876;0.25
3669;0.9037264646503125;0.0297645614541468;6;0.5032928306466117;[0.8156754742447568;-0.058286428951408883;0.9917774550558681;0.11781555185970248];0.7770403878088106;0.25
603;0.9855455473191217;0.8899405466216419;6;0.3131359035653444;[0.8978314806655366;0.8022264799680568;1.0732596139727069;0.977654613275227];0.778797600486669;0.25
1480;0.18500053049280285;0.7215159626934609;6;0.5290759106953659;[0.0951830821652356;0.6316985143658936;0.27481797882037007;0.8113334110210281];0.7807054666585853;0.25
7145;0.5158224746202607;0.44814121948226726;6;0.49082134052530446;[0.4274666428746547;0.3597853877366613;0.6041783063658666;0.5364970512278733];0.774503896764149;0.25
4531;0.5147651827453849;0.07461291439617015;6;0.6075865707419775;[0.4324463033600502;-0.00770596498916451;0.5970840621307195;0.15693179378150482];0.7681262070963778;0.25
4603;0.712240106749834;0.724760795074875;6;0.5675262225814576;[0.6227386254337877;0.6352593137588287;0.8017415880658803;0.8142622763909213];0.7728985871404656;0.25
8215;0.9751361028092315;0.5435660001528551;6;0.5117658760441224;[0.8872929947742753;0.4557228921178989;1.0629792108441876;0.6314091081878113];0.783227634091793;0.25
3868;0.4537454636634438;0.13753532869134685;6;0.33080815774653427;[0.3585328797638446;0.04232274479174768;0.548958047563043;0.23274791259094602];0.777114861986987;0.25
9482;0.7285202945949618;0.07115029299782216;7;0.6231799414309598;[0.64364058877963;-0.013729412817509584;0.8134000004102936;0.1560299988131539];0.7724415836891555;0.25
6527;0.9502727331405192;0.018145647618377947;6;0.7045701382600186;[0.8675251397825741;-0.06460194573956717;1.0330203264984643;0.10089324097632306];0.7861404954085893;0.25
6156;0.3712905445568674;0.5860791620693419;6;0.6638834050640774;[0.2789529594698702;0.49374157698234467;0.4636281296438646;0.678416747156339];0.778761284727321;0.25
2429;0.8744590640345505;0.5459284257361569;6;0.5794250823680536;[0.7850622568554533;0.45653161855705965;0.9638558712136478;0.6353252329152541];0.7657414604777738;0.25
971;0.3722815105383853;0.560435077361647;6;0.5273613117749497;[0.2853173283510768;0.4734708951743385;0.4592456927256938;0.6473992595489555];0.7715371608362942;0.25
7001;0.9877359016543411;0.3224475809941331;6;0.4949813997423394;[0.9019924886811379;0.2367041680209299;1.0734793146275443;0.4081909939673364];0.766310610057926;0.25
7532;0.1266602540879721;0.7818836776990248;6;0.4865214996022049;[0.040074061667432714;0.6952974852784854;0.2132464465085115;0.8684698701195641];0.7716969026323685;0.25
8787;0.34134566614227146;0.3437448812043511;5;0.4306749144979095;[0.2521190051572203;0.25451822021929993;0.43057232712732263;0.43297154218940226];0.7748566508740667;0.25
350;0.6040124523802304;0.5405312090349277;6;0.6053464605694219;[0.5147995850680542;0.4513183417227516;0.6932253196924065;0.6297440763471038];0.7789623984234421;0.25
3825;0.4367502983003944;0.6089228152480008;6;0.33513729497940314;[0.3549148730877303;0.5270873900353367;0.5185857235130585;0.690758240460665];0.7716068623651305;0.25
9265;0.7599790625750507;0.12826723837114484;6;0.37514340573969357;[0.6764044700932235;0.04469264588931769;0.8435536550568778;0.21184183085297198];0.7741427414072067;0.25
157;0.6839400503647179;0.7105660756855174;7;0.574462437316501;[0.5959599549160111;0.6225859802368106;0.7719201458134248;0.7985461711342243];0.7810354693170357;0.25
5212;0.5377903441836027;0.06992991961678527;6;0.6255044185530866;[0.4494702744623855;-0.0183901501044319;0.6261104139048199;0.15824998933800244];0.7726543895231746;0.25
1039;0.08069106617787392;0.24046758167873314;5;0.5187700409076;[-0.011890373911487284;0.14788614158937194;0.17327250626723512;0.33304902176809437];0.7744284131431012;0.25
3812;0.8068883676221486;0.6262077195965693;6;0.37501466188618554;[0.7186477118694554;0.5379670638438762;0.8951290233748417;0.7144483753492624];0.7680414569596058;0.25
4500;0.6392302003340566;0.1977300946650913;6;0.4907327577543789;[0.5527727759452077;0.1112726702762424;0.7256876247229056;0.28418751905394024];0.777410708124814;0.25
139;0.35057931007071275;0.4561437114692305;6;0.4932349820263803;[0.2624300694493843;0.36799447084790204;0.4387285506920412;0.544292952090559];0.7774238931465934;0.25
6607;0.9786452880083929;0.7282486432144769;6;0.3630552514883376;[0.8890495093639585;0.6386528645700426;1.0682410666528273;0.8178444218589113];0.7792028958574005;0.25
7396;0.5009512018951531;0.48266325241387664;6;0.5293857760093222;[0.41388207500872887;0.39559412552745243;0.5880203287815773;0.5697323793003009];0.7844591617376663;0.25
662;0.41587123694402317;0.910543781091304;6;0.42078285833154244;[0.33138904972470234;0.8260615938719831;0.500353424163344;0.9950259683106248];0.7691882735169293;0.25
5227;0.9733657121440524;0.7417043961527567;6;0.49339128307819513;[0.885338810497403;0.6536774945061073;1.061392613790702;0.8297312977994061];0.783210269595939;0.25
2898;0.3404462474299484;0.9990257841022167;6;0.5830538303414087;[0.25161375895093624;0.9101932956232045;0.42927873590896054;1.087858272581229];0.7792580021903954;0.25
9973;0.35042914294229205;0.04255639349314866;6;0.42119937343640157;[0.2600673318280632;-0.04780541762108019;0.4407909540565209;0.13291820460737752];0.7818479606553769;0.25
5986;0.1837837118331937;0.964368881365613;6;0.5344084393583469;[0.0965903305593443;0.8771755000917636;0.2709770931070431;1.0515622626394625];0.7766813477734692;0.25
2911;0.40366925374519114;0.2948705715907415;6;0.47387135818903053;[0.31316998335443746;0.2043713011999878;0.4941685241359448;0.38536984198149515];0.7743370918874521;0.25
6924;0.7626702596637439;0.7991190197903231;6;0.6753537368162332;[0.6765299015779862;0.7129786617045654;0.8488106177495016;0.8852593778760808];0.771193380698754;0.25
5488;0.9541031477100957;0.9786150733003799;6;0.6569738408614351;[0.8617663021041617;0.8862782276944459;1.0464399933160298;1.070951918906314];0.7819816656440512;0.25
2076;0.37744107107941416;0.051183757851631206;6;0.477333548465648;[0.2915603485354985;-0.03469696469228445;0.4633217936233298;0.13706448039554686];0.7783681172133937;0.25
5151;0.21706818918786894;0.9084993736393114;6;0.7305231689575359;[0.1306192870439759;0.8220504714954184;0.30351709133176197;0.9949482757832044];0.7738803456029336;0.25
3750;0.34079353994817563;0.658811339845939;6;0.5634048088360455;[0.2512358629200637;0.5692536628178271;0.43035121697628753;0.7483690168740509];0.774520726791834;0.25
611;0.6305701837316045;0.4649881243735534;6;0.43498477297320803;[0.5470436057346898;0.38146154637663876;0.7140967617285191;0.5485147023704681];0.778202702084401;0.25
4383;0.8301248721931996;0.2166549170476324;6;0.26322182587683707;[0.743467137800589;0.12999718265502186;0.9167826065858102;0.30331265144024294];0.7762169235271936;0.25
2852;0.41906536518465465;0.9523000592057929;6;0.5108147312222284;[0.33122465867758616;0.8644593526987243;0.5069060716917231;1.0401407657128614];0.7766525768565897;0.25
9192;0.10523826788577939;0.7145711858774113;6;0.4268928493215569;[0.014491159607477419;0.6238240775991093;0.19598537616408135;0.8053182941557133];0.7702710533562064;0.25
5694;0.5442279440979835;0.4650474130296202;6;0.3277720855783589;[0.4562785527116583;0.377098021643295;0.6321773354843087;0.5529968044159455];0.7732945731061995;0.25
2421;0.059607366201129414;0.2762019639859101;6;0.5383453099650367;[-0.03090833709311719;0.18568626069166352;0.15012306949537602;0.36671766728015676];0.7691306141312084;0.25
2700;0.5546730374157801;0.5343835251699685;6;0.4333295866242991;[0.4671402207783312;0.44685070853251957;0.642205854053229;0.6219163418074174];0.7736611120800467;0.25
6096;0.268492972683162;0.4871266357539615;6;0.45471361158065743;[0.18530242048503726;0.4039360835558367;0.3516835248812868;0.5703171879520863];0.7713040095299849;0.25
8445;0.11734784628221481;0.15755886887033277;6;0.6132426528355477;[0.029185607662330026;0.06939663025044798;0.2055100849020996;0.24572110749021756];0.7736732545395466;0.25
8633;0.11324432844940177;0.8570176864107668;7;0.48388216046674043;[0.02828523887912905;0.772058596840494;0.1982034180196745;0.9419767759810396];0.7757921186331531;0.25
6425;0.12107160612967877;0.12010954893308878;6;0.6268463256286709;[0.03293192290284272;0.03196986570625274;0.2092112893565148;0.20824923215992483];0.7744728034031171;0.25
7241;0.43447767071601234;0.8363191784670403;6;0.4618330516822099;[0.3536298816343968;0.7554713893854247;0.5153254597976279;0.9171669675486559];0.7811206381413255;0.25
7977;0.7942074473329237;0.7685851026487389;6;0.6567175269208596;[0.7051330283139219;0.6795106836297371;0.8832818663519255;0.8576595216677407];0.7690707745018956;0.25
4490;0.15890726205830918;0.7055976888962682;6;0.45985803775759704;[0.07297677636502112;0.6196672032029801;0.24483774775159725;0.7915281745895563];0.7724104623319815;0.25
5241;0.4139960451450053;0.3479834987238599;6;0.6108440804661412;[0.32470435761889055;0.25869181119774515;0.50328773267112;0.4372751862499747];0.7805975887422261;0.25
6649;0.6584524340461899;0.37672762747442096;6;0.5244359217714484;[0.5701244414739071;0.28839963490213805;0.7467804266184728;0.46505562004670387];0.7838283877739299;0.25
3457;0.5644656791541631;0.7127249667770161;6;0.5481015877785359;[0.4768208962765571;0.6250801838994101;0.6521104620317691;0.8003697496546222];0.7821146260064347;0.25
4201;0.24559968746346472;0.2592744720860035;6;0.5012615945032561;[0.15817846837797786;0.17185325300051665;0.33302090654895156;0.34669569117149035];0.7872153749152921;0.25
1611;0.49670339866455615;0.42539750427010237;6;0.5833109374612558;[0.4093081417620781;0.3380022473676243;0.5840986555670342;0.5127927611725804];0.7795873719558117;0.25
6925;0.9854806306228702;0.8712953767465194;6;0.5766920293511142;[0.8928598510415584;0.7786745971652076;1.078101410204182;0.9639161563278311];0.7713255458254196;0.25
5705;0.042793118394722496;0.30811364696999666;6;0.5794566832168041;[-0.039981057287742566;0.2253394712875316;0.12556729407718756;0.3908878226524617];0.7677662827524525;0.25
2572;0.05262970249422408;0.29631359700555093;6;0.3530855997419009;[-0.035892148421675096;0.20779174608965176;0.14115155341012325;0.3848354479214501];0.7781863036786705;0.25
5865;0.3902834003472976;0.47275709891302303;6;0.5529267245524581;[0.3017245786858578;0.38419827725158323;0.4788422220087374;0.5613159205744629];0.7727265322383363;0.25
1817;0.31002136019063103;0.6394685950674055;6;0.322816711608917;[0.22479705554491994;0.5542442904216944;0.39524566483634216;0.7246928997131166];0.7799045318635733;0.25
9112;0.7025270165637969;0.937827523722038;6;0.4837187670435455;[0.6174694805784682;0.8527699877367093;0.7875845525491256;1.0228850597073667];0.7805208168257147;0.25
5334;0.044565557846542536;0.26546841013862577;5;0.43709648686021574;[-0.04031222528218778;0.18059062700989545;0.12944334097527285;0.35034619326735605];0.7756820175790309;0.25
3995;0.44825239726532873;0.2101766242480435;6;0.4154812170360747;[0.3647961110234187;0.12672033800613347;0.5317086835072388;0.29363291048995355];0.7801709621422963;0.25
8054;0.5186053917341616;0.8582819408568142;6;0.33286829334176454;[0.4290008451619018;0.7686773942845544;0.6082099383064214;0.947886487429074];0.7659628305313668;0.25
3657;0.3494722692938248;0.6194709038991886;6;0.6013928414973898;[0.2616466761847379;0.5316453107901017;0.4372978624029117;0.7072964970082755];0.775011254569014;0.25
9930;0.5281207310027907;0.28846972126761583;6;0.47081630365521737;[0.4395930612606568;0.19994205152548197;0.6166484007449246;0.3769973910097497];0.7727493285766664;0.25
9711;0.027572624018563474;0.8439516629222448;6;0.47176209764590915;[-0.05786257336986746;0.7585164655338138;0.1130078214069944;0.9293868603106757];0.7708003932923096;0.25
5794;0.32316272922632194;0.5276489147056889;6;0.5592201519408908;[0.23716854045068853;0.44165472593005545;0.40915691800195536;0.6136431034813223];0.77803712438905;0.25
1059;0.22522046821303204;0.8177591962739387;5;0.4611748121061301;[0.14003730682258503;0.7325760348834917;0.31040362960347906;0.9029423576643857];0.7815241965684571;0.25
7356;0.24114457877002934;0.6579543562023721;6;0.6139337621193279;[0.15566705987773388;0.5724768373100766;0.3266220976623248;0.7434318750946676];0.7776678186065854;0.25
4664;0.15404072785643835;0.13787790064076366;6;0.5103157168390053;[0.06280382057491524;0.046640993359240546;0.24527763513796147;0.22911480792228678];0.7803872419923995;0.25
2437;0.9880789166939825;0.5108453070871863;6;0.36157361521288167;[0.9018197639492977;0.4245861543425015;1.0743380694386673;0.5971044598318711];0.7771657487552759;0.25
8536;0.20916154993313568;0.8732940606728564;6;0.35489331078387487;[0.12277084344321597;0.7869033541829367;0.2955522564230554;0.9596847671627762];0.7765752050343481;0.25
5176;0.485200480456213;0.6668525944921293;6;0.5462104888583044;[0.3990601894249506;0.5807123034608669;0.5713407714874754;0.7529928855233917];0.7744833063274905;0.25
8933;0.5800892518065238;0.6310372415514689;6;0.6608790397066058;[0.4934695634070796;0.5444175531520247;0.666708940205968;0.7176569299509131];0.7761196256569575;0.25
7342;0.4379616954062723;0.31665618904040227;6;0.5287059733778756;[0.3525823387457787;0.23127683237990868;0.5233410520667658;0.40203554570089584];0.7660273918731753;0.25
4264;0.32621407880802383;0.5943272413072942;6;0.3625497175460948;[0.240685885776724;0.5087990482759943;0.41174227183932366;0.6798554343385941];0.7624217724100948;0.25
6871;0.22478534474018336;0.732151005343807;6;0.4520093808121587;[0.13949457229204532;0.6468602328956689;0.3100761171883214;0.817441777791945];0.770476518235742;0.25
8104;0.6591206212544389;0.39666251851117007;6;0.5133793120085509;[0.5739436452434321;0.31148554250016325;0.7442975972654458;0.4818394945221769];0.7697439252741864;0.25
1708;0.05253414007326948;0.9315572682276121;6;0.5187456074102669;[-0.03424029320015373;0.8447828349541888;0.1393085733466927;1.0183317015010354];0.7736172585342744;0.25
8268;0.3685297398060543;0.6363522332412757;6;0.4634868380059334;[0.2792871884486259;0.5471096818838472;0.4577722911634827;0.7255947845987041];0.773761913640824;0.25
6165;0.02450196678657085;0.706587876196496;6;0.48013884737712637;[-0.06375982631103905;0.6183260830988861;0.11276375988418075;0.7948496692941058];0.7779970493435523;0.25
3021;0.5453076320505389;0.3645762192587255;6;0.4979962851173559;[0.4622609506846553;0.2815295378928419;0.6283543134164224;0.44762290062460913];0.7727730215619708;0.25
3908;0.16677076183737358;0.816725950498807;6;0.5362646529031171;[0.08017222186113242;0.7301274105225659;0.2533693018136147;0.9033244904750481];0.7732809336603228;0.25
6040;0.7936893444890321;0.6539825375819752;6;0.6414003670122105;[0.7041026805102715;0.5643958736032146;0.8832760084677926;0.7435692015607358];0.7653014900300307;0.25
1916;0.89993921243221;0.7829680626951263;6;0.43771791477082445;[0.8164031217251548;0.6994319719880712;0.9834753031392651;0.8665041534021815];0.7750046911493796;0.25
1632;0.28021847332027927;0.9604889817055728;6;0.5564722066080622;[0.1903380211351614;0.870608529520455;0.37009892550539714;1.0503694338906906];0.7728715873903537;0.25
707;0.7468367234325746;0.7046646448794949;6;0.43386115978126594;[0.6585742425370502;0.6164021639839705;0.8350992043280989;0.7929271257750192];0.7773885288461084;0.25
9182;0.17936665471504631;0.997324307035305;6;0.44347367629493367;[0.09407970377531027;0.9120373560955689;0.26465360565478235;1.0826112579750409];0.7760643963561806;0.25
3515;0.4243782498640436;0.546787712233638;6;0.4280938492309685;[0.3339378236374779;0.4563472860070723;0.5148186760906093;0.6372281384602037];0.7749895309466261;0.25
1405;0.5604492401744078;0.6622107891433026;6;0.6076220045358978;[0.46935842621910123;0.5711199751879961;0.6515400541297143;0.753301603098609];0.7675547536149532;0.25
6015;0.47224945176065336;0.5394302886305503;6;0.32248584096390964;[0.3852286229185433;0.45240945978844027;0.5592702806027634;0.6264511174726604];0.7711900602595966;0.25
9983;0.7310828449588826;0.8585871394887443;6;0.5733697953431579;[0.6467695098514202;0.7742738043812819;0.8153961800663451;0.9429004745962067];0.7768171500146777;0.25
7814;0.5245043766267208;0.9715366214542829;6;0.3597370288968738;[0.43581748478207244;0.8828497296096345;0.6131912684713692;1.0602235132989313];0.7717235725980663;0.25
5563;0.016372529742301523;0.4268699949197742;6;0.6218967567890704;[-0.07054527470323792;0.33995219047423475;0.10329033418784096;0.5137877993653136];0.7820517685164274;0.25
8999;0.5435190773948069;0.4977119172341453;6;0.29782956763072144;[0.45822460920407754;0.412417449043416;0.6288135455855361;0.5830063854248746];0.7729564097320003;0.25
7291;0.22693058656543844;0.49162094244960763;6;0.4903114276514422;[0.14063277270589616;0.40532312859006536;0.3132284004249807;0.5779187563091499];0.7665068046433998;0.25
3443;0.6654063565519305;0.4145376920108071;6;0.5628944929564357;[0.5798655682447473;0.328996903703624;0.7509471448591136;0.5000784803179902];0.7792110662293241;0.25
9637;0.015622450669147303;0.8793099026324357;6;0.48542548919050355;[-0.0718487570552692;0.7918386949080192;0.10309365839356381;0.9667811103568522];0.7677635070239045;0.25
8897;0.06039332500579861;0.7269442154787071;6;0.3745989618246264;[-0.028395362488984305;0.6381555279839242;0.14918201250058152;0.8157329029734901];0.7798914156050833;0.25
2965;0.18201986905053005;0.9862608245086577;6;0.6059103734158113;[0.09313422630206668;0.8973751817601944;0.2709055117989934;1.0751464672571212];0.7757260602414189;0.25
8226;0.11742015651399168;0.6622033494699154;6;0.40206960611830206;[0.03250086950978154;0.5772840624657053;0.20233944351820182;0.7471226364741256];0.7772002594715239;0.25
5299;0.03173873934697333;0.7832437138677283;6;0.5019219577008386;[-0.05537744432932529;0.6961275301914297;0.11885492302327194;0.8703598975440269];0.7755169564881385;0.25
1974;0.9105828942717532;0.5528985740684789;6;0.43454403594226565;[0.8195294659406046;0.46184514573733026;1.0016363226029017;0.6439520023996275];0.7744689608396094;0.25
7354;0.6515027326306688;0.7932144799487008;6;0.341173495098516;[0.5621579441205536;0.7038696914385856;0.740847521140784;0.8825592684588159];0.7736985123431778;0.25
1633;0.42297719057321925;0.48786027736117654;6;0.5175219643547427;[0.3389062523478933;0.4037893391358506;0.5070481287985452;0.5719312155865025];0.7824294302371914;0.25
8731;0.1736729766792422;0.824587636208782;6;0.4983870270095154;[0.08470486738140695;0.7356195269109467;0.26264108597707747;0.9135557455066172];0.766944795186023;0.25
6063;0.4050621316500709;0.8017966698864251;6;0.49577108091956085;[0.31517219533703;0.7119067335733842;0.49495206796311175;0.8916866061994659];0.7816654887482085;0.25
1697;0.92302416192327;0.8000925600927054;6;0.5956277769349833;[0.8391330680168385;0.7162014661862739;1.0069152558297014;0.8839836539991368];0.7747163966581199;0.25
4731;0.37338328166009804;0.6869880346996357;6;0.32184047329106324;[0.28506697920875645;0.5986717322482941;0.46169958411143963;0.7753043371509772];0.775473700114012;0.25
6508;0.21670521712241853;0.2154702280975872;7;0.5495515576088273;[0.13143472177557494;0.13019973275074362;0.30197571246926214;0.3007407234444308];0.766322610320631;0.25
8090;0.7236820043955858;0.3139961111035944;6;0.39885526824237727;[0.6384135589820328;0.22872766569004127;0.8089504498091389;0.3992645565171475];0.773484294850324;0.25
4050;0.38976296176930497;0.7750392493389047;6;0.8457169558066997;[0.3071510463756498;0.6924273339452496;0.4723748771629601;0.8576511647325598];0.7778761168200261;0.25
2788;0.8421011668579497;0.797338040056702;6;0.40339288802979223;[0.7579749910577432;0.7132118642564955;0.9262273426581561;0.8814642158569084];0.7775593631233306;0.25
4138;0.6121032545008762;0.8355989975158448;6;0.5626240977372368;[0.5281545923689268;0.7516503353838954;0.6960519166328256;0.9195476596477942];0.7793597130954992;0.25
5187;0.2608490413968113;0.06073081974517647;6;0.41882446439544685;[0.17375951385476454;-0.0263587077968703;0.3479385689388581;0.14782034728722324];0.7710427737857634;0.25
2503;0.4532695386250195;0.5811346084206745;6;0.31886478592174616;[0.36740154896804467;0.4952666187636997;0.5391375282819943;0.6670025980776494];0.7732457876660902;0.25
3253;0.23812976524493448;0.7209203937273838;6;0.6349990012957684;[0.15114672944719834;0.6339373579296477;0.3251128010426706;0.80790342952512];0.7768389488770426;0.25
4888;0.34645118227414284;0.5565101137789836;6;0.4042465690755846;[0.25537375413285324;0.465432685637694;0.43752861041543245;0.6475875419202732];0.7829367573308552;0.25
8381;0.4063043916868947;0.27629305425986783;6;0.6549687295169162;[0.31858290592769056;0.1885715685006637;0.4940258774460988;0.36401454001907196];0.7764185131500471;0.25
1884;0.4631539197686274;0.8412436095655974;6;0.4315386091392449;[0.3760445709898018;0.7541342607867718;0.550263268547453;0.928352958344423];0.7705610678946067;0.25
2351;0.2197794952629017;0.9294194839443174;6;0.456419351469369;[0.1325988946923536;0.8422388833737693;0.30696009583344974;1.0166000845148655];0.7613260758827065;0.25
63;0.3032882212838053;0.6151784690374374;6;0.4830574470188831;[0.21191258125253276;0.5238028290061649;0.3946638613150778;0.70655410906871];0.7869573016673473;0.25
1076;0.4977115306302842;0.6484405306864969;6;0.39685518934478925;[0.40678358563305317;0.5575125856892659;0.5886394756275153;0.7393684756837279];0.7652789336181768;0.25
2502;0.6480269579874331;0.8058835625547053;6;0.5678320457724426;[0.5595965966057768;0.717453201173049;0.7364573193690895;0.8943139239363616];0.7764625250237265;0.25
5555;0.08881388345396737;0.41611345645782405;6;0.5093835977507062;[-0.0016662730088333189;0.32563329999502333;0.17929403991676807;0.5065936129206248];0.7732326262165068;0.25
5487;0.4749467716473791;0.6896235352236899;6;0.5849384554731787;[0.39052680987397803;0.6052035734502889;0.5593667334207801;0.774043496997091];0.7779128511784072;0.25
2429;0.3686375635522925;0.8737111951613963;6;0.5794250823680536;[0.2821261314165845;0.7871997630256883;0.4551489956880005;0.9602226272971043];0.7657414604777738;0.25
9097;0.8025554876114547;0.6375955522442965;6;0.3665209753335438;[0.7153195972029219;0.5503596618357638;0.8897913780199874;0.7248314426528293];0.7766826983397468;0.25
3247;0.8752431958904097;0.9001604565462261;6;0.6741649226329665;[0.7857276001475365;0.810644860803353;0.9647587916332828;0.9896760522890993];0.7737175168923792;0.25
2032;0.3239074490502513;0.7195740999310553;6;0.5417242237312889;[0.23583163406193475;0.6314982849427386;0.4119832640385679;0.8076499149193719];0.7831388878381723;0.25
3288;0.48901110749578236;0.5652012647761819;6;0.7326844954221429;[0.4028021281407594;0.47899228542115896;0.5752200868508054;0.651410244131205];0.7640701826796301;0.25
8075;0.8114541358284;0.9173738026537401;6;0.219352075379951;[0.7279754963999695;0.8338951632253097;0.8949327752568305;1.0008524420821705];0.7704193868694809;0.25
1971;0.5641946585885578;0.9768809726183223;6;0.575073684718038;[0.4774660505954195;0.8901523646251841;0.650923266581696;1.0636095806114605];0.7807500919333681;0.25
1139;0.3157093391485661;0.5250307516351439;6;0.5512110316803105;[0.22704246593763713;0.436363878424215;0.40437621235949506;0.6136976248460728];0.7842662067153374;0.25
5487;0.1422656448423995;0.6848577204367854;6;0.5849384554731787;[0.05615920468504344;0.5987512802794294;0.2283720849997556;0.7709641605941414];0.7779128511784072;0.25
2846;0.34852443841403435;0.08671216909565271;6;0.638612459663351;[0.26410670922445834;0.002294439906076695;0.4329421676036104;0.17112989828522873];0.7768606407352815;0.25
728;0.08574513341823728;0.7123977811400706;6;0.3868238479883496;[3.996001599507748E-4;0.627052247881784;0.17109066667652378;0.7977433143983571];0.7721294334162585;0.25
3468;0.40017500875967443;0.3851999717791342;6;0.6360400056906297;[0.3096679910072734;0.2946929540267331;0.4906820265120755;0.47570698953153523];0.7745307515153487;0.25
2826;0.01558997783120114;0.605683688319755;6;0.4557263560302395;[-0.06715922976844364;0.5229344807201103;0.09833918543084592;0.6884328959193998];0.7763765260290862;0.25
5908;0.019985332211833795;0.20363257968873116;6;0.6667748735199206;[-0.0677167231813933;0.11593052429550407;0.10768738760506089;0.2913346350819582];0.7683942873489473;0.25
548;0.8005417472240519;0.6897515709662345;6;0.41288509097691045;[0.7142046830172084;0.603414506759391;0.8868788114308954;0.776088635173078];0.7732478395259909;0.25
1844;0.9730984495570791;0.8462335627675722;6;0.5081574514854563;[0.8892117230335267;0.7623468362440198;1.0569851760806317;0.9301202892911247];0.772054261357753;0.25
5711;0.10357770363164762;0.8221762431843832;6;0.445978788522595;[0.014129246596128908;0.7327277861488645;0.19302616066716632;0.9116247002199019];0.7793455433937063;0.25
8778;0.8861525339285177;0.4433666791466307;6;0.38861441204052627;[0.7987442335919687;0.3559583788100817;0.9735608342650667;0.5307749794831798];0.7756166805644698;0.25
1;0.08539306153819021;0.9436106905133019;6;0.4578610115816133;[-4.0575622560797E-4;0.8578118727495038;0.17119187930198837;1.0294095082771002];0.7782314815586558;0.25
5533;0.01090490389214993;0.775335024743376;6;0.4255931995809303;[-0.07566681212155872;0.6887633087296674;0.09747661990585858;0.8619067407570846];0.773199660829081;0.25
183;0.3750151079506885;0.9230933165512869;6;0.6203126460512779;[0.2904006040748387;0.8384788126754371;0.4596296118265383;1.0077078204271366];0.7681710476241511;0.25
8414;0.16214566775773911;0.8756319374695094;6;0.43986667160520326;[0.0776156840907577;0.791101953802528;0.24667565142472053;0.9601619211364908];0.7709815959626805;0.25
4524;0.4950477181963242;0.612348071540907;6;0.5604068954174902;[0.4094209316323274;0.5267212849769102;0.580674504760321;0.6979748581049038];0.7712915939187076;0.25
8432;0.06457452911788636;0.7865511089153165;6;0.5617901606437186;[-0.027112742045020913;0.6948638377524092;0.15626180028079362;0.8782383800782239];0.7767205428467805;0.25
5143;0.7505917384184266;0.41019432600515643;6;0.40948840618967053;[0.6600850493725036;0.31968763695923336;0.8410984274643497;0.5007010150510796];0.7838331550900621;0.25
5269;0.6926241747678035;0.5574813234315189;6;0.3606150689078216;[0.6076941606076471;0.4725513092713626;0.7775541889279598;0.6424113375916752];0.7719673949425153;0.25
96;0.3399974405827132;0.7874047594610076;6;0.8238336498071057;[0.25617489207453004;0.7035822109528245;0.42381998909089635;0.8712273079691908];0.7793434571048795;0.25
2823;0.7837821299191602;0.6884644248156171;6;0.45963766647842713;[0.6979053699818052;0.6025876648782621;0.8696588898565152;0.7743411847529721];0.7718470544056045;0.25
5725;0.21967687334058666;0.9193298800458422;6;0.6687307059619325;[0.13307769826267907;0.8327307049679346;0.30627604841849426;1.0059290551237496];0.7746515961395268;0.25
