3622;0.7073038886341204;0.5103032444766977;6;0.5492179654722879;[0.6178458941272835;0.4208452499698609;0.7967618831409573;0.5997612389835345];0.781550774591614;0.25
2189;0.2609497103306222;0.2538997356358517;6;0.5747308347753747;[0.1743987514316827;0.16734877673691223;0.3475006692295617;0.3404506945347912];0.7741741920949488;0.25
5355;0.8333576435657001;0.3088304833901116;6;0.44295828365908346;[0.7442521956682261;0.2197250354926376;0.9224630914631741;0.3979359312875856];0.7725797042768108;0.25
2031;0.07080535486628314;0.8973056249853288;6;0.5117486855843557;[-0.015354368169792798;0.8111459019492528;0.15696507790235908;0.9834653480214048];0.774724317781041;0.25
9226;0.8076210943934096;0.02476926613106778;6;0.3641746339222375;[0.7230807289874536;-0.059771099274888176;0.8921614597993656;0.10930963153702374];0.7765614465674344;0.25
5581;0.7777932323843377;0.03966908603640207;6;0.4250692435354412;[0.6890075599894085;-0.04911658635852707;0.8665789047792669;0.1284547584313312];0.7714468548082518;0.25
6875;0.25732141151484983;0.20740055398177093;6;0.4377706106068097;[0.16991269868128187;0.11999184114820297;0.34473012434841777;0.2948092668153389];0.7712903266678978;0.25
50;0.28709174458519554;0.2719335029744854;6;0.6285933430732977;[0.20144254342983053;0.18628430181912037;0.37274094574056055;0.3575827041298504];0.7800625481376434;0.25
7905;0.6402467707405981;0.11843396465348396;6;0.5154463557757072;[0.5488008156920418;0.026988009604927615;0.7316927257891545;0.2098799197020403];0.7786734800079137;0.25
131;0.4677488525129395;0.37492117446872203;6;0.4791152313218212;[0.3809134050760579;0.28808572703184043;0.5545842999498211;0.4617566219056036];0.7710589509151325;0.25
6373;0.14086542439667016;0.8317530845350184;6;0.4566869495490755;[0.05199464352060139;0.7428823036589496;0.2297362052727389;0.9206238654110872];0.785244924429361;0.25
2253;0.8931925716094808;0.38731246634876304;6;0.4165624271437153;[0.8083335196471745;0.3024534143864567;0.9780516235717872;0.4721715183110694];0.7695550883554685;0.25
8808;0.11461740451739308;0.613779529218829;6;0.5688309820832511;[0.026797639021956504;0.5259597637233924;0.20243717001282965;0.7015992947142655];0.7727107551923424;0.25
3449;0.2921584059114662;0.09043373391243785;6;0.44120454383647145;[0.2072369062656981;0.0055122342666697605;0.37707990555723425;0.17535523355820593];0.7694559302770754;0.25
919;0.028544306827893218;0.6881230481141926;6;0.4191645381322261;[-0.06448480794863776;0.5950939333376616;0.12157342160442419;0.7811521628907235];0.7785657703846415;0.25
2077;0.6242883222010922;0.32524896393644753;7;0.3938971814957843;[0.5396705965359938;0.2406312382713491;0.7089060478661906;0.40986668960154593];0.7737820460663621;0.25
9896;0.5067932709238703;0.30620454909857153;6;0.5786434212611197;[0.42272964267290747;0.22214092084760872;0.5908568991748331;0.39026817734953434];0.7743356579706995;0.25
4361;0.0424768509778467;0.3787738355480418;6;0.42971967714726267;[-0.04566606575770932;0.29063091881248576;0.13061976771340272;0.4669167522835978];0.7650944016778991;0.25
1533;0.5073104346456656;0.801124131096794;6;0.45131139424998395;[0.42130037685042504;0.7151140733015535;0.5933204924409061;0.8871341888920345];0.7779967439186604;0.25
4145;0.646193241000814;0.5926901907026292;7;0.36578391315940006;[0.5604004933183973;0.5068974430202124;0.7319859886832307;0.6784829383850459];0.7695694308250968;0.25
9700;0.5742795447283413;0.33297624855946917;6;0.4419957679440645;[0.4853053990686361;0.244002102899764;0.6632536903880465;0.42195039421917435];0.7793412255363475;0.25
7296;0.32683520113119063;0.8673501257163806;6;0.4811421892298736;[0.23728883724869287;0.7778037618338829;0.4163815650136884;0.9568964895988783];0.7746852016554956;0.25
1423;0.036395566050859085;0.17780741520411764;6;0.5923769610522214;[-0.05329408375330494;0.08811776539995361;0.1260852158550231;0.26749706500828163];0.7767283868519753;0.25
8208;0.1012556522857278;0.050950605594904275;6;0.5685264113112054;[0.010124975955902143;-0.040180070734921386;0.19238632861555346;0.14208128192472994];0.7775842160011849;0.25
697;0.7459336822504488;0.4757482255868614;6;0.4810540953504333;[0.6631481509997148;0.39296269433612746;0.8287192135011827;0.5585337568375954];0.7781660328848012;0.25
7412;0.27285029612948886;0.34696498919629243;6;0.45836595718097;[0.1856024100777266;0.25971710314453017;0.3600981821812511;0.4342128752480547];0.779973843883176;0.25
5012;0.08396029251382303;0.34991975137507886;6;0.4312844781710289;[-0.00325254659019078;0.262706912271065;0.17117313161783684;0.4371325904790927];0.7694822701813891;0.25
5686;0.8366247657750646;0.4868473662228432;6;0.4655133432332757;[0.7499552162332696;0.40017781668104807;0.9232943153168597;0.5735169157646383];0.7718235695532506;0.25
9504;0.603859229759419;0.35118302995343775;6;0.5391566302838839;[0.5139490284143443;0.2612728286083631;0.6937694311044936;0.4410932312985124];0.7816785213709407;0.25
7566;0.5089408297101662;0.1374036998464176;6;0.561288464757364;[0.4215583547944114;0.050021224930662786;0.596323304625921;0.22478617476217239];0.7761803586659108;0.25
4734;0.0746284990800439;0.5355931543763028;6;0.528834479993013;[-0.010847404135388955;0.45011725116087;0.16010440229547676;0.6210690575917357];0.7774757702875587;0.25
9342;0.7219081687741759;0.27064469779536054;6;0.31162101195843894;[0.6368652285615692;0.185601757582754;0.8069511089867825;0.3556876380079671];0.7789954770533941;0.25
3838;0.48348676686563336;0.2885327001308784;5;0.43599947885352763;[0.3919008561999122;0.19694678946515728;0.5750726775313545;0.3801186107965995];0.7776439230643344;0.25
8122;0.04759914839051799;0.051977856018269014;6;0.5127709618870913;[-0.04369714677419401;-0.03931843914644298;0.13889544355522998;0.143274151182981];0.7780300452535069;0.25
5903;0.6131018051262778;0.6756236079780575;6;0.6267084969667511;[0.5242038154267593;0.5867256182785391;0.7019997948257962;0.764521597677576];0.7721259752023518;0.25
7891;0.19262566354887917;0.1272221843635272;6;0.41611999197034033;[0.10264640168366093;0.03724292249830896;0.28260492541409743;0.21720144622874543];0.7749022066074586;0.25
5880;0.7246878789613602;0.6875928977392916;6;0.627529451720453;[0.6341104945286637;0.5970155133065951;0.8152652633940567;0.778170282171988];0.7742881653939286;0.25
2849;0.49497523480483735;0.06500832104424803;6;0.42823805139786214;[0.409993683170503;-0.019973230590086294;0.5799567864391717;0.14998987267858235];0.769577577082364;0.25
7535;0.45969119703916694;0.31086567700359236;6;0.5597751258589913;[0.37250655025023355;0.22368103021465896;0.5468758438281004;0.39805032379252575];0.7811805585587005;0.25
1598;0.5268862105039649;0.3005799766287783;5;0.5036414835281792;[0.43773361927201715;0.21142738539683054;0.6160388017359126;0.389732567860726];0.7772530526019157;0.25
5078;0.17628979390815935;0.8905147017996744;6;0.5448260447790017;[0.08802160754903444;0.8022465154405495;0.2645579802672843;0.9787828881587993];0.7796710767381281;0.25
8075;0.3394413396794803;0.7578432809012466;6;0.219352075379951;[0.25219383274567414;0.6705957739674404;0.4266888466132865;0.8450907878350529];0.7704193868694809;0.25
3344;0.929859145569443;0.699200064247721;5;0.6496548840763878;[0.8437240052554981;0.613064923933776;1.0159942858833881;0.785335204561666];0.773835904515255;0.25
735;0.18495424185496367;0.10499839008965756;6;0.5027001880733063;[0.0962455534138994;0.01628970164859328;0.27366293029602795;0.19370707853072183];0.7814709715682867;0.25
7803;0.13265732791147092;0.8551017378097941;6;0.39357094580078755;[0.044293034304111994;0.7667374442024353;0.22102162151882984;0.943466031417153];0.7661447478990736;0.25
2177;0.874205419412711;0.3517735162907565;6;0.4848294852417993;[0.787896261996305;0.2654643588743505;0.960514576829117;0.4380826737071625];0.7826292348274402;0.25
6007;0.18269790126789376;0.23956300702736533;6;0.48653182607142714;[0.0961404027222946;0.15300550848176617;0.2692553998134929;0.32612050557296446];0.7858692561554779;0.25
9013;0.3722648262639998;0.3874510556515709;6;0.7795798842267095;[0.2853180348888501;0.3005042642764212;0.4592116176391495;0.4743978470267206];0.7744591234927;0.25
6841;0.07503773839541902;0.14610689025072549;6;0.5023733043361734;[-0.014848117374149261;0.0562210344811572;0.1649235941649873;0.23599274602029377];0.7748796448929902;0.25
1294;0.5848392205643611;0.16087785417570669;6;0.3550146523949206;[0.49755638687053577;0.07359502048188135;0.6721220542581865;0.24816068786953202];0.7787962241694423;0.25
8337;0.10557569754093962;0.3448277130217443;6;0.5177784362871466;[0.0125879700000677;0.2518399854808724;0.19856342508181155;0.43781544056261623];0.777149101891501;0.25
205;0.06994121300350961;0.4557913742972441;6;0.4685406226311172;[-0.018406606807835707;0.36744355448589877;0.15828903281485493;0.5441391941085894];0.7750186447826697;0.25
8023;0.36801431726214273;0.3646598777513961;5;0.47056759779314905;[0.2808249264856435;0.27747048697489685;0.45520370803864196;0.4518492685278953];0.7845516993829572;0.25
4635;0.038803050295704855;0.18420241481666;6;0.45971751268881755;[-0.049158230103751435;0.09624113441720371;0.12676433069516113;0.2721636952161163];0.7762998483791025;0.25
6713;0.023058080493801647;0.07789174492233329;6;0.4195931611175812;[-0.06100342326174844;-0.0061697588332167985;0.10711958424935174;0.16195324867788338];0.7762629756248407;0.25
3300;0.35780269933885084;0.5839058441652336;6;0.6702086587378785;[0.2712554772104732;0.497358622036856;0.44434992146722846;0.6704530662936112];0.7832031210022451;0.25
8124;0.7509516039866182;0.02383882746967883;6;0.5870987098263062;[0.6630953005976215;-0.06401747591931793;0.838807907375615;0.11169513085867559];0.7719124237739724;0.25
5293;0.5668715000211121;0.3252120623298528;5;0.44397270857185744;[0.4798322679375966;0.2381728302463373;0.6539107321046276;0.4122512944133683];0.7784246215193444;0.25
7548;0.6777552560512938;0.4511968276962366;6;0.44023636400348226;[0.5877286656996943;0.3611702373446371;0.7677818464028934;0.5412234180478361];0.7686402049182195;0.25
2416;0.7759746972016253;0.6993792510337464;6;0.48261465613936705;[0.69233825055694;0.6157428043890611;0.8596111438463105;0.7830156976784317];0.7762738344821444;0.25
2110;0.21819653464012187;0.37871247467725266;6;0.5939682757352323;[0.1322198788158383;0.29273581885296907;0.30417319046440544;0.46468913050153626];0.7860505271416162;0.25
4659;0.21542343748820897;0.3614258521322922;6;0.4958607322549685;[0.13339630909775083;0.27939872374183405;0.29745056587866714;0.4434529805227504];0.7807459228743504;0.25
1288;0.5736472917648497;0.16652974969922119;6;0.6465912465213675;[0.4887405124494004;0.08162297038377188;0.6585540710802991;0.2514365290146705];0.764839550217382;0.25
8167;0.7806442293764817;0.27145208180673425;7;0.5655274812664306;[0.6932475195522472;0.1840553719824997;0.8680409392007162;0.35884879163096883];0.7741321465986303;0.25
2653;0.486278077778032;0.42409557505295764;7;0.5285906344541186;[0.39746078381927996;0.33527828109420554;0.575095371736784;0.5129128690117097];0.770831034669083;0.25
9768;0.755117586070591;0.4949485909164552;6;0.5807867232420605;[0.6685873596717067;0.40841836451757085;0.8416478124694753;0.5814788173153396];0.7728099799548258;0.25
3295;0.14999005876191115;0.5683689147188924;6;0.6483196625164056;[0.06798154205503756;0.4863603980120188;0.23199857546878475;0.650377431425766];0.7697449029665703;0.25
8931;0.7831810463503688;0.00389489346075228;6;0.5509364036892592;[0.6943040865671947;-0.08498206632242188;0.8720580061335429;0.09277185324392644];0.7758161938433659;0.25
5475;0.6092422442899394;0.34520806628447964;6;0.6592145658746161;[0.5251624949979377;0.26112831699247785;0.6933219935819412;0.42928781557648144];0.7669117410201575;0.25
2420;0.10517687805396658;0.48770716901861616;5;0.2882210784921528;[0.015071193315951345;0.39760148428060094;0.1952825627919818;0.5778128537566314];0.7702796448474858;0.25
6678;0.44601915562193584;0.7339342776932215;5;0.5338636787836739;[0.35978822222538825;0.6477033442966739;0.5322500890184835;0.8201652110897691];0.7641125010606878;0.25
8782;0.14215645839361715;0.17560763578218325;6;0.5009886375249101;[0.05528167701488493;0.08873285440345102;0.22903123977234938;0.26248241716091547];0.7706187404787569;0.25
9293;0.09066380292605328;0.06772137949377227;6;0.5217340624903201;[0.005496407554845831;-0.017446015877435175;0.17583119829726074;0.1528887748649797];0.7796164317287841;0.25
4045;0.44126654936965315;0.2835587674079957;6;0.31847409644293434;[0.35411744510531845;0.19640966314366098;0.5284156536339879;0.3707078716723304];0.7705389585279312;0.25
6135;0.21684645997126417;0.4444366887064629;6;0.41806810932913646;[0.12708239446303804;0.3546726231982368;0.3066105254794903;0.534200754214689];0.7857053531937965;0.25
3131;0.9308673879891617;0.3895040278580204;6;0.4453839125220497;[0.842166474142213;0.3008031140110718;1.0195683018361104;0.478204941704969];0.7684749735382327;0.25
278;0.3841566652075979;0.35118868873172604;6;0.6562980727853741;[0.2951098419570177;0.2621418654811458;0.47320348845817806;0.44023551198230626];0.7660483467661279;0.25
5845;0.10151425759650917;0.25859649162102155;7;0.6689932314863205;[0.018341891477166417;0.1754241255016788;0.18468662371585193;0.3417688577403643];0.7671748715167757;0.25
7658;0.1392558007560792;0.1429955162224156;6;0.4858966438641361;[0.0505889806980743;0.05432869616441069;0.22792262081408413;0.23166233628042052];0.7693194490148719;0.25
4154;0.9662266108863038;0.09588915911022668;6;0.3813778674065235;[0.8792165790829007;0.008879127306823623;1.0532366426897068;0.18289919091362972];0.7740873512194202;0.25
8370;0.8972893488388873;0.21318835237849307;6;0.57144540056988;[0.8106644675117576;0.12656347105136334;0.9839142301660171;0.2998132337056228];0.7754764451560774;0.25
5534;0.6932282752384136;0.23694506025127376;6;0.43020310938088174;[0.6111583281666683;0.15487511317952843;0.7752982223101589;0.31901500732301913];0.773905171317082;0.25
8080;0.24280458402229207;0.25092155836896146;6;0.511177147880794;[0.15937170181843377;0.16748867616510316;0.32623746622615035;0.33435444057281977];0.7820176534280109;0.25
5356;0.0406218409635562;0.11161767269818992;5;0.4794539677955142;[-0.04804322849689574;0.022952603237737984;0.12928691042400814;0.20028274215864186];0.7658842891193184;0.25
494;0.20662324138374955;0.8411774172052741;6;0.45431059690017145;[0.11829333750013714;0.7528475133216617;0.29495314526736194;0.9295073210888865];0.773369375580467;0.25
7078;0.35706589401372557;0.2102819195139538;6;0.6039248647074444;[0.26965359719429993;0.12286962269452814;0.4444781908331512;0.29769421633337945];0.7726485353466903;0.25
2109;0.2506834450702789;0.4477105553936426;6;0.3972949616959748;[0.16260783632665654;0.3596349466500202;0.33875905381390126;0.5357861641372649];0.7841735596116856;0.25
7395;0.5001106101530137;0.168867712025979;6;0.48320100111864167;[0.41403977914370843;0.08279688101667372;0.586181441162319;0.2549385430352843];0.7755643868085577;0.25
1332;0.3654552601192236;0.5301134626045472;6;0.5991132360120052;[0.27534392731422275;0.44000212979954634;0.4555665929242244;0.620224795409548];0.7724426332544682;0.25
8302;0.6466148178645195;0.46911424710269817;6;0.6153427338563684;[0.5638856270579932;0.3863850562961718;0.7293440086710458;0.5518434379092245];0.7701911882133868;0.25
1000;0.6071800924954347;0.9253597110954006;6;0.5330319549656194;[0.5208797104137641;0.83905932901373;0.6934804745771053;1.0116600931770712];0.7733216414555546;0.25
5596;0.3575620464946866;0.4920529990600593;6;0.5615862970186183;[0.2741146505986276;0.4086056031640003;0.4410094423907456;0.5755003949561183];0.7664094582309833;0.25
3282;0.860444667110694;0.6483954815999124;6;0.383672885870901;[0.7732279084434954;0.5611787229327139;0.9476614257778926;0.735612240267111];0.7861710414448971;0.25
9896;0.39739168317174506;0.30705297464134185;6;0.5786434212611197;[0.31060822055556003;0.22026951202515682;0.4841751457879301;0.3938364372575269];0.7743356579706995;0.25
646;0.4622945169210153;0.8582039186737718;7;0.4803099602613702;[0.37133001995436754;0.767239421707124;0.5532590138876631;0.9491684156404195];0.7700245330052162;0.25
7715;0.36621470969543024;0.6523394833453127;6;0.600398279173658;[0.27453494776155324;0.5606597214114357;0.45789447162930724;0.7440192452791896];0.7622646991721371;0.25
5831;0.7944578846499959;0.12920287101890177;7;0.20038378273715635;[0.70495910476237;0.039704091131275904;0.8839566645376218;0.21870165090652763];0.7710214202526307;0.25
2713;0.7388154663239097;0.545052363282925;6;0.5806090648976028;[0.6530767805563429;0.4593136775153582;0.8245541520914765;0.6307910490504918];0.7768688334215139;0.25
2745;0.6791182442781823;0.817644981093765;6;0.3618860257988101;[0.5911692893398063;0.729696026155389;0.7670671992165584;0.9055939360321411];0.7711755520623449;0.25
6669;0.8175752919586295;0.28666811024532085;6;0.7283885611721459;[0.7278574249222974;0.19695024320898874;0.9072931589949617;0.37638597728165296];0.775151220601869;0.25
6865;0.8768437590318445;0.6365390122321433;6;0.39773099354999064;[0.7925345507976814;0.5522298039979802;0.9611529672660076;0.7208482204663064];0.7735892497271312;0.25
3987;0.26743839004951714;0.012294480344694853;6;0.48837460986622505;[0.1809468081759547;-0.07419710152886758;0.35392997192307957;0.09878606221825728];0.7761672105790229;0.25
4121;0.10022936057103868;0.5992402329995293;5;0.4341856548197442;[0.013396292076087349;0.512407164504578;0.18706242906599002;0.6860733014944806];0.7777315502449768;0.25
947;0.836532706388004;0.609581309302005;6;0.5100215541373179;[0.7471231863578175;0.5201717892718185;0.9259422264181906;0.6989908293321916];0.7693479830793739;0.25
6810;0.10884248354794474;0.3385162282445634;6;0.3827349650928356;[0.019112678674732528;0.2487864233713512;0.19857228842115693;0.4282460331177756];0.7706981017376817;0.25
1984;0.31543632976924324;0.7478153561995716;6;0.46945311922182054;[0.2282712483103026;0.660650274740631;0.4026014112281839;0.8349804376585123];0.7807925741326414;0.25
4425;0.004480739771825892;0.38780122702404796;6;0.4367689266078625;[-0.08259927723960422;0.30072121001261787;0.09156075678325601;0.47488124403547805];0.7799496970178597;0.25
8447;0.17441798382292495;0.20329910800592066;6;0.5362693039539408;[0.08763886486347196;0.11651998904646767;0.26119710278237795;0.29007822696537366];0.7812487612346241;0.25
2342;0.36639076348850197;0.26431576755809905;6;0.3300890876315784;[0.2794868605283236;0.1774118645979207;0.45329466644868033;0.3512196705182774];0.7752790659798309;0.25
9095;0.22843884889399652;0.1606734859432866;6;0.6276902547469685;[0.14224200996465905;0.07447664701394913;0.31463568782333395;0.24687032487262406];0.7741498420672843;0.25
1265;0.20429110057669136;0.06393394536246758;5;0.48512977021551434;[0.11789222631350055;-0.02246492890072324;0.2906899748398822;0.1503328196256584];0.7757805937695714;0.25
8265;0.1050761633273839;0.8911355993135791;6;0.6681997059689427;[0.01653626616201119;0.8025957021482064;0.1936160604927566;0.9796754964789518];0.7712942043514206;0.25
5504;0.14977793147855625;0.927630882348932;7;0.6037224021112092;[0.06041491408018289;0.8382678649505586;0.2391409488769296;1.0169938997473054];0.7720397542903803;0.25
7546;0.7524952725908044;0.2912102494912224;6;0.5215408764994455;[0.6639326008083446;0.2026475777087626;0.8410579443732642;0.3797729212736821];0.7862180520467821;0.25
4248;0.24264338912288944;0.3728592790979597;6;0.5756725629367001;[0.15578683619178563;0.2860027261668559;0.32949994205399324;0.45971583202906346];0.7764445970393302;0.25
8809;0.31843186909380583;0.18394922067497055;6;0.6114904400745327;[0.2267946717374347;0.09231202331859942;0.41006906645017693;0.27558641803134165];0.7718205884425481;0.25
5846;0.6523846044378125;0.7301150538250913;6;0.43905453731302235;[0.5697181904854778;0.6474486398727566;0.7350510183901473;0.8127814677774261];0.7703482266962755;0.25
8412;0.8302560415745932;0.024886481703266572;6;0.46459471487564374;[0.7474171194944169;-0.057952440376909706;0.9130949636547695;0.10772540378344285];0.7683282809335871;0.25
5400;0.26237252643625975;0.828083542985644;6;0.2770870939481359;[0.1772971114389802;0.7430081279883645;0.3474479414335393;0.9131589579829236];0.7720747483840302;0.25
2438;0.5568268105264286;0.7198964983369368;7;0.5531562170613988;[0.4745045332269471;0.6375742210374553;0.6391490878259101;0.8022187756364183];0.7740082431038489;0.25
6312;0.4822805123511851;0.29144211769826567;6;0.3962435812466767;[0.3915558475138695;0.2007174528609501;0.5730051771885006;0.38216678253558123];0.7742743082730397;0.25
8721;0.3589756684059509;0.33154981789564686;6;0.5144587905706066;[0.2716359542049157;0.24421010369461166;0.4463153826069861;0.41888953209668206];0.7749191098969619;0.25
4044;0.4201345479938584;0.1059494436452557;6;0.49822061298637393;[0.334144310308276;0.019959205959673307;0.5061247856794409;0.1919396813308381];0.7707076569691655;0.25
1289;0.2854237128515233;0.44066414213910643;6;0.28162980769893975;[0.19842152305726998;0.3536619523448531;0.3724259026457766;0.5276663319333598];0.7792602650767427;0.25
8771;0.277142230033951;0.8780954601408002;6;0.5672433561990354;[0.19156821483194678;0.792521444938796;0.36271624523595525;0.9636694753428044];0.7696037935586078;0.25
3657;0.07906579827895802;0.3232580814611978;6;0.6013928414973898;[-0.010027294505683154;0.2341649886765566;0.1681588910635992;0.41235117424583895];0.775011254569014;0.25
5856;0.39763706100174345;0.1545551888498158;6;0.41817614418971283;[0.3117001169901591;0.06861824483823148;0.4835740050133278;0.24049213286140014];0.7751760761997912;0.25
1068;0.02501471824619589;0.16687466684782526;6;0.40941458163089545;[-0.06655668730555496;0.07530326129607441;0.11658612379794674;0.2584460723995761];0.7746344996866837;0.25
7973;0.42503546782763674;0.44779962272942797;7;0.5137097061124447;[0.3425958165279555;0.36535997142974674;0.5074751191273179;0.5302392740291092];0.7775518793756548;0.25
3294;0.46937758270457397;0.7407088031419004;6;0.5788993310478551;[0.38415658597649327;0.6554878064138197;0.5545985794326547;0.825929799869981];0.7629268173729059;0.25
5054;0.9446755249459944;0.3311960816918539;6;0.4762604260065139;[0.8548929973660766;0.24141355411193605;1.0344580525259122;0.4209786092717717];0.7730679784270301;0.25
1888;0.045065425894125516;0.40421068042441477;6;0.49729530397153704;[-0.04598279072572453;0.3131624638045647;0.13611364251397556;0.49525889704426485];0.7763499980345261;0.25
9121;0.007211013245942088;0.6588495150022093;6;0.41248721706266955;[-0.08063152351186516;0.571006978244402;0.09505355000374933;0.7466920517600166];0.7688631065375702;0.25
4164;0.9443974889257948;0.5937296097643948;6;0.4449817826857536;[0.8574633273184638;0.5067954481570638;1.0313316505331258;0.6806637713717258];0.7752815198625899;0.25
6601;0.5150490813921265;0.6666630873466843;6;0.48999990100725155;[0.42746149750738127;0.5790755034619391;0.6026366652768717;0.7542506712314295];0.7795779625918501;0.25
4203;0.6630641303875296;0.38466172342566846;6;0.5943573580677004;[0.5791811375091069;0.3007787305472458;0.7469471232659524;0.4685447163040911];0.7699420152007821;0.25
9399;0.7524529626577879;0.9498551830632752;6;0.6495317532157918;[0.6638206222539548;0.861222842659442;0.8410853030616211;1.0384875234671085];0.7617360372426617;0.25
5708;0.78209256347587;0.9834356223874656;6;0.3122284714897915;[0.6923724192027536;0.8937154781143493;0.8718127077489863;1.073155766660582];0.7773708106255909;0.25
7654;0.4895539057811496;0.08864932237944598;6;0.3795907621831195;[0.4044439072785544;0.0035393238768507557;0.5746639042837448;0.1737593208820412];0.7771962210888346;0.25
6054;0.7629306098134021;0.490312495865762;6;0.4114757803627148;[0.6793660947664699;0.4067479808188298;0.8464951248603343;0.5738770109126942];0.7668007008705081;0.25
362;0.6550212844686906;0.27051602635186817;6;0.45015612118907844;[0.5712414175284378;0.18673615941161542;0.7388011514089433;0.3542958932921209];0.7762160557139908;0.25
7882;0.12579390870527607;0.31706264652796945;6;0.428749713980985;[0.03516453137935782;0.2264332692020512;0.21642328603119432;0.4076920238538877];0.7751906946401369;0.25
202;0.77464534898143;0.6582687941456112;6;0.5561829044222041;[0.6891066853876853;0.5727301305518665;0.8601840125751747;0.743807457739356];0.7700165173596587;0.25
4199;0.9160588832810611;0.3450025730610408;6;0.4112685840644698;[0.8255402080539203;0.2544838978339;1.006577558508202;0.4355212482881816];0.7809144836869975;0.25
970;0.49497158673726593;0.011166535998336113;6;0.6450762376183847;[0.40841380073643685;-0.07539125000249294;0.581529372738095;0.09772432199916517];0.7772681982402428;0.25
7546;0.527407051822504;0.10011759444109783;6;0.5215408764994455;[0.4417027935739923;0.014413336192586071;0.6131113100710158;0.1858218526896096];0.7862180520467821;0.25
1672;0.9988733512754873;0.6933883206082287;7;0.47773469406086566;[0.9075890107751994;0.6021039801079409;1.0901576917757752;0.7846726611085166];0.7749109813310767;0.25
6056;0.6766637018787365;0.8011822666474981;6;0.4530249156237056;[0.5873290275785644;0.7118475923473261;0.7659983761789085;0.8905169409476702];0.7779609185174764;0.25
3416;0.3960325795592561;0.37455970150295015;6;0.548114412798691;[0.30829292287925014;0.2868200448229442;0.483772236239262;0.4622993581829561];0.7737866569945997;0.25
8194;0.4104934932893235;0.917505540591095;6;0.6425221702920928;[0.3251087674994298;0.8321208148012014;0.4958782190792172;1.0028902663809887];0.7726730312108335;0.25
2688;0.17497604478147988;0.6030644730653149;6;0.43700908707614144;[0.0849295750421794;0.5130180033260143;0.26502251452078035;0.6931109428046154];0.7794086736476329;0.25
7724;0.8319258864087048;0.3450572812006371;6;0.3319356144880252;[0.7460386062221616;0.2591700010140938;0.917813166595248;0.4309445613871804];0.7746567471610611;0.25
1091;0.5574224583459251;0.5917657009212473;6;0.3271970632401998;[0.4640497943712433;0.49839303694656545;0.6507951223206069;0.685138364895929];0.7808424115978018;0.25
8228;0.8231097654609203;0.9670545431592583;6;0.5379714943316791;[0.7380025430328958;0.8819473207312338;0.9082169878889448;1.0521617655872828];0.7737989341695956;0.25
2785;0.5978996228826807;0.48461394034239313;6;0.5425975968636308;[0.5119568883262537;0.39867120578596615;0.6838423574391077;0.5705566748988201];0.7758470786150222;0.25
87;0.8910264915620608;0.213758238830329;6;0.5132580949049024;[0.802537122086782;0.1252688693550501;0.9795158610373397;0.3022476083056079];0.7820904875101471;0.25
4679;0.42748067745710255;0.004135004136391562;6;0.2864260272554437;[0.3416691684679699;-0.08167650485274108;0.5132921864462352;0.08994651312552421];0.7706559650018452;0.25
7977;0.9013870051495023;0.8190330388458615;6;0.6567175269208596;[0.8180955239130994;0.7357415576094586;0.9846784863859053;0.9023245200822645];0.7690707745018956;0.25
1934;0.8499275285963477;2.168331589103012E-4;6;0.4600151544366924;[0.7650446613158882;-0.0846660341215492;0.9348103958768071;0.0850997004393698];0.781582702335875;0.25
7351;0.9784173602070604;0.05598533903640518;6;0.6228776305735593;[0.8911683262627419;-0.03126369490791332;1.0656663941513789;0.14323437298072367];0.7759523620359814;0.25
7753;0.947287103761553;0.8987404270107746;6;0.517961559487393;[0.864727762303633;0.8161810855528546;1.029846445219473;0.9812997684686946];0.7835585032473416;0.25
2716;0.7443639719451206;0.3951055969761328;6;0.6311850008676047;[0.663300818657328;0.3140424436883402;0.8254271252329132;0.47616875026392536];0.7660246809155361;0.25
7117;0.913876836332661;0.3426727935665537;6;0.4388248447936315;[0.8263913222157787;0.2551872794496714;1.0013623504495432;0.43015830768343605];0.7766356976605693;0.25
9728;0.7012967649756066;0.9023395751918123;6;0.5443579789653512;[0.6142723405475421;0.8153151507637478;0.788321189403671;0.9893639996198768];0.7829934146210092;0.25
6118;0.6803834681962371;0.42910259129435085;6;0.5002218948793519;[0.5901872976014579;0.3389064206995718;0.7705796387910162;0.5192987618891299];0.7671607603768184;0.25
3952;0.5038272429012266;0.4243593033369951;6;0.45077191897444907;[0.417095507781688;0.33762756821745654;0.5905589780207652;0.5110910384565337];0.7692139560962555;0.25
6564;0.8650526367881097;0.22702650070423358;6;0.3359773709023071;[0.7766523631816662;0.13862622709779004;0.9534529103945533;0.3154267743106771];0.7720029975491247;0.25
3750;0.8081494261960518;0.769875993418996;6;0.5634048088360455;[0.7157730515811661;0.6774996188041104;0.9005258008109375;0.8622523680338817];0.774520726791834;0.25
8017;0.7076457623391794;0.12735067772602113;6;0.7342883045188243;[0.6214826827235121;0.0411875981103539;0.7938088419548467;0.21351375734168837];0.7730473560985268;0.25
4232;0.9018858226826615;0.5207912348188529;6;0.4173682276098404;[0.8122748490370155;0.43118026117320696;0.9914967963283075;0.6104022084644989];0.7761347291985325;0.25
9529;0.6447893810855886;0.1264215108804457;6;0.5078614512512875;[0.5554450670717961;0.037077196866653145;0.7341336950993811;0.21576582489423826];0.7831599487229975;0.25
6948;0.35211568500279855;0.7259924113630801;6;0.18240953087282452;[0.26215825700582557;0.6360349833661072;0.44207311299977153;0.815949839360053];0.7659844728308405;0.25
1152;0.20211083132982188;0.2887761723492176;6;0.41653961286826646;[0.11958886745897632;0.20625420847837203;0.2846327952006674;0.37129813622006314];0.7733952173818847;0.25
3933;0.5482452558289043;0.9930776592580889;6;0.3881568415660549;[0.4586808832417639;0.9035132866709485;0.6378096284160446;1.0826420318452292];0.7849977693001833;0.25
7854;0.741982802497273;0.8365348091943521;6;0.4077600918461579;[0.6508058212442558;0.7453578279413349;0.8331597837502902;0.9277117904473693];0.7856835300505753;0.25
3900;0.4105252986828629;0.528196227140634;6;0.6013793719424438;[0.32259665191401476;0.4402675803717858;0.49845394545171107;0.6161248739094821];0.7742585645592098;0.25
1487;0.653952510187782;0.1021998998926203;6;0.44396209341683657;[0.5646966908966212;0.012944080601459518;0.7432083294789428;0.19145571918378107];0.7789203767756848;0.25
9373;0.9281483438922892;0.34021641970880195;6;0.5759591076441386;[0.8407648891033821;0.25283296491989493;1.0155317986811963;0.427599874497709];0.7853148415883949;0.25
1613;0.8739352403312637;0.17459139717327435;7;0.5075242940566856;[0.7871828796185062;0.08783903646051681;0.9606876010440212;0.26134375788603187];0.7781445351580782;0.25
6473;0.3855698692047827;0.07437564460917101;6;0.46454784828123064;[0.29831639668374593;-0.012877827911865772;0.47282334172581947;0.16162911713020778];0.782112531302886;0.25
3646;0.17457626807648685;0.25046345094203126;6;0.4793812564970565;[0.08572669079951455;0.16161387366505897;0.26342584535345914;0.33931302821900355];0.7722757187121768;0.25
144;0.42048536468453124;0.055381183717418236;5;0.574452304324628;[0.332734746345956;-0.03236943462115699;0.5082359830231065;0.14313180205599346];0.7732087051419063;0.25
381;0.8709990633411872;0.7836460994730486;6;0.6090239327453962;[0.7862666135468236;0.6989136496786851;0.9557315131355507;0.8683785492674122];0.7724635876971953;0.25
7679;0.5527035562840588;0.5930371696697063;6;0.4548273971868101;[0.46439975611119055;0.5047333694968381;0.641007356456927;0.6813409698425745];0.7747913200050052;0.25
5338;0.5356751254860703;0.2012783872965887;6;0.574126417905704;[0.4459235397079334;0.11152680151845179;0.6254267112642072;0.2910299730747256];0.7691062132422407;0.25
2307;0.130472902663459;0.39876496959666097;6;0.37190475722084404;[0.04355971128566889;0.31185177821887083;0.21738609404124914;0.4856781609744511];0.7869276394526405;0.25
2600;0.968838277892206;0.6721521834771262;6;0.3560478667068986;[0.8830994246467528;0.5864133302316731;1.054577131137659;0.7578910367225794];0.7770814347832102;0.25
8536;0.207598458839667;0.25963738673252723;6;0.35489331078387487;[0.11745221669773824;0.1694911445905985;0.2977447009815957;0.34978362887445597];0.7765752050343481;0.25
5943;0.5972083797783854;0.9475293099730693;5;0.549738661586708;[0.5108743078404769;0.8611952380351608;0.6835424517162938;1.0338633819109777];0.7714948065665722;0.25
3325;0.30481162015654384;0.17207995342573215;6;0.4801669699692016;[0.2185642307119957;0.08583256398118402;0.39105900960109197;0.25832734287028025];0.7735896822366055;0.25
3493;0.4904624769159206;0.6773814286872513;7;0.3368749571114318;[0.40071343917987734;0.587632390951208;0.5802115146519639;0.7671304664232945];0.7745877191213814;0.25
1449;0.3053781633593893;0.07576718918430542;7;0.5862225192717576;[0.21472518987943992;-0.014885784295643939;0.39603113683933866;0.16642016266425477];0.7698932287366262;0.25
8267;0.6667493058627716;0.09585627658944751;6;0.4134237252023648;[0.5749077012766782;0.0040146720033541194;0.758590910448865;0.1876978811755409];0.779060263028727;0.25
9716;0.9186387515395262;0.4048553208989344;6;0.6653545063278594;[0.8298629439439319;0.31607951330334005;1.0074145591351207;0.4936311284945287];0.7768683518812503;0.25
6828;0.5131346358156504;0.7782044179325207;6;0.38150642144359376;[0.4228091368433349;0.6878789189602051;0.603460134787966;0.8685299169048363];0.7788781966327382;0.25
2467;0.32836057597631896;0.8131716493400942;6;0.4359307100684852;[0.24033250005198267;0.725143573415758;0.4163886519006552;0.9011997252644305];0.780110441262839;0.25
4758;0.22821317456745394;0.26893606522806235;6;0.5450390484935957;[0.1352413507020186;0.175964241362627;0.3211849984328893;0.3619078890934977];0.7802375950682763;0.25
9932;0.5503217605286316;0.17980521223162704;6;0.5586975561224805;[0.4640147584867912;0.09349821018978664;0.636628762570472;0.26611221427346743];0.7712488619689521;0.25
7056;0.6971059886806413;0.14839570302398786;6;0.6411527377500845;[0.6135530477273311;0.06484276207067766;0.7806589296339516;0.23194864397729806];0.7723822848312695;0.25
4485;0.8578043384429161;0.7371988561764219;6;0.5962325363285609;[0.7702096334643669;0.6496041511978726;0.9453990434214654;0.8247935611549712];0.770295507519807;0.25
4299;0.8903584689628394;0.936513980058452;6;0.5141127317412056;[0.804211147050482;0.8503666581460946;0.9765057908751968;1.0226613019708095];0.7736488726764033;0.25
1422;0.9363885096149122;0.21941589147842638;6;0.44371819444021254;[0.8460101008543093;0.12903748271782353;1.026766918375515;0.3097943002390292];0.7731561329554529;0.25
8863;0.9730463303968648;0.34910219598841824;6;0.5547351767145683;[0.8889127115149829;0.2649685771065362;1.0571799492787468;0.4332358148703003];0.7685088827890665;0.25
3483;0.796074706093938;0.3819683743640968;6;0.4902464043904285;[0.7062658204228891;0.29215948869304786;0.885883591764987;0.47177726003514575];0.7763035495788245;0.25
8790;0.397295100917233;0.10776622108530598;6;0.3361560160146779;[0.31008476615252845;0.020555886320601388;0.4845054356819376;0.19497655585001056];0.7671016317475781;0.25
4429;0.8979244995086921;0.33981541787930014;6;0.4857059443774223;[0.8106408138600175;0.2525317322306255;0.9852081851573667;0.42709910352797475];0.7774660918553031;0.25
9128;0.504025208236466;0.8946115754689857;6;0.5739916063409111;[0.41883104734934;0.8094174145818598;0.589219369123592;0.9798057363561117];0.7726032609885066;0.25
4022;0.27189211601167385;0.12849808115693404;6;0.6511032720750435;[0.18146390141971339;0.038069866564973576;0.36232033060363433;0.2189262957488945];0.7700481494398433;0.25
4106;0.6128172110685319;0.3362132971531339;6;0.39325944474868274;[0.5288230984353457;0.2522191845199477;0.6968113237017182;0.42020740978632015];0.7821983524928189;0.25
4297;0.26202317312766;0.7067598585334527;6;0.5066954286070796;[0.17850375892117748;0.6232404443269701;0.3455425873341425;0.7902792727399353];0.7744316757475189;0.25
635;0.19038429309460791;0.2706535712223551;6;0.5288024100755779;[0.10540560501838034;0.18567488314612754;0.27536298117083546;0.35563225929858266];0.7697653106874258;0.25
3841;0.8425597177268711;0.44210582010355626;6;0.5062112590343377;[0.7512913048858643;0.3508374072625494;0.933828130567878;0.5333742329445631];0.7737856757630232;0.25
349;0.6246160218462681;0.761047718373582;6;0.36495489235151124;[0.5354321826899052;0.6718638792172191;0.7137998610026309;0.8502315575299448];0.7797238123351763;0.25
5296;0.8471115334271254;0.15598998589498708;6;0.6193888947795154;[0.7586975834864855;0.06757603595434714;0.9355254833677653;0.24440393583562703];0.7755428919893024;0.25
9828;0.279001288877025;0.3491015862800195;6;0.6706440305118567;[0.1914415872262615;0.261541884629256;0.36656099052778857;0.43666128793078307];0.7706702715851822;0.25
6160;0.38437995746271025;0.6431814161167231;6;0.5804398997921222;[0.30008860709674756;0.5588900657507604;0.46867130782867295;0.7274727664826858];0.7713061090081413;0.25
2903;0.7457955181544703;0.5662413941640991;6;0.47547499527478676;[0.6562944073647272;0.47674028337435603;0.8352966289442134;0.6557425049538422];0.7684442527904443;0.25
6195;0.6550447298041115;0.30082239192479493;6;0.49666864457035664;[0.5657390964036495;0.2115167585243329;0.7443503632045736;0.3901280253252569];0.7845427007654416;0.25
2903;0.6315070038979911;0.2423457635398371;6;0.47547499527478676;[0.5437217148266636;0.15456047446850973;0.7192922929693185;0.3301310526111645];0.7684442527904443;0.25
9490;0.7646672135693745;0.2458186765454695;6;0.6190865096480649;[0.6708613267861708;0.15201278976226584;0.8584731003525782;0.33962456332867313];0.7719903325086779;0.25
9611;0.502862166749065;0.7519322051494652;5;0.4982337337009753;[0.41412614273839576;0.663196181138796;0.5915981907597343;0.8406682291601345];0.7808479442347992;0.25
7341;0.6770644347731637;0.037457313055775265;6;0.4922150459996428;[0.588086141079594;-0.051520980637794464;0.7660427284667334;0.126435606749345];0.7809613369299322;0.25
4498;0.14890765423664787;0.47525318545633155;6;0.5818153180546061;[0.06094080551378636;0.38728633673347;0.23687450295950938;0.5632200341791931];0.7733165659925576;0.25
730;0.522483209173755;0.2502301372210447;6;0.4843775667688341;[0.43481639764604585;0.16256332569333554;0.6101500207014642;0.33789694874875387];0.7822917305253576;0.25
3315;0.5046294469338012;0.30985070334768255;5;0.3262736566581026;[0.41643491961088364;0.221656176024765;0.5928239742567187;0.3980452306706001];0.7722258427093588;0.25
278;0.10879153164437472;0.3664727294151275;6;0.6562980727853741;[0.02149269770199276;0.2791738954727455;0.1960903655867567;0.45377156335750946];0.7660483467661279;0.25
7452;0.6458411997120062;0.4290891443314859;6;0.6713500106657245;[0.5576945951308947;0.3409425397503745;0.7339878042931176;0.5172357489125974];0.7763183622648803;0.25
6519;0.43516834872795324;0.037051345052916185;6;0.44906621790169615;[0.34531115278050234;-0.05280585089453471;0.5250255446754042;0.12690854100036708];0.7862340276051049;0.25
7094;0.8730901877436343;0.6020352117861023;6;0.32982296770864006;[0.7846226705836766;0.5135676946261446;0.961557704903592;0.69050272894606];0.76808583814759;0.25
3467;0.6969401286051375;0.5870580243243552;6;0.46050331692852103;[0.6103740081283718;0.5004919038475895;0.7835062490819032;0.6736241448011209];0.7815238616722027;0.25
2694;0.7332372753486205;0.4138481345950811;6;0.5534618808102854;[0.646360124902581;0.32697098414904163;0.82011442579466;0.5007252850411206];0.7747732051189125;0.25
9695;0.9047916302287282;0.22528629838298747;6;0.6123362412822833;[0.821131495885511;0.14162616403977024;0.9884517645719454;0.3089464327262047];0.7741894637982801;0.25
6219;0.4536352651200434;0.6836575574867542;6;0.5395182519361408;[0.36184373884747995;0.5918660312141908;0.5454267913926067;0.7754490837593175];0.7716603694186274;0.25
3690;0.6934727023489257;0.02154828569987205;6;0.44270619798506095;[0.6058821349065704;-0.06604228174248325;0.7810632697912809;0.10913885314222735];0.782619017529688;0.25
4046;0.9970082919779732;0.26436483440898245;6;0.4380343407672724;[0.9084644187524407;0.17582096118344992;1.0855521652035058;0.352908707634515];0.7684999173115159;0.25
444;0.9052790389568743;0.09847219744113275;6;0.5406052920238681;[0.8134485330949456;0.0066416915792039954;0.9971095448188031;0.1903027033030615];0.7821456537074346;0.25
7861;0.5222217337411748;0.9494656981582023;6;0.5985241915642298;[0.4355354593768005;0.862779423793828;0.608908008105549;1.0361519725225765];0.7749762981592104;0.25
4990;0.7415921173280569;0.3729170285440705;6;0.4723286868736669;[0.6540934673493783;0.285418378565392;0.8290907673067354;0.460415678522749];0.7779368685521163;0.25
4559;0.7919925333468253;0.41913700963760353;6;0.4580689478171993;[0.7037990584795208;0.33094353477029914;0.8801860082141297;0.5073304845049079];0.7646872124658293;0.25
1379;0.05845700264541076;0.11147458032444571;6;0.4669812282440895;[-0.030531585928655652;0.022485991750379297;0.14744559121947717;0.20046316889851212];0.7688168891347097;0.25
8480;0.7300374584668532;0.02245262553037869;6;0.5520705044743591;[0.6423771240523803;-0.0652077088840941;0.817697792881326;0.11011295994485149];0.7760235171133377;0.25
2993;0.8038075410473987;0.5057617204718236;6;0.4707648238962744;[0.719200925118721;0.42115510454314586;0.8884141569760764;0.5903683364005012];0.7743697135264904;0.25
8910;0.9976748553607878;0.40134632546040394;6;0.5855111395232419;[0.9074666882133456;0.31113815831296177;1.08788302250823;0.4915544926078461];0.7696634032897591;0.25
6200;0.6178304008941263;0.8197798333885877;6;0.5573614789562776;[0.5274896987503345;0.7294391312447959;0.7081711030379182;0.9101205355323796];0.7821019413316896;0.25
3373;0.8498660964706133;0.3007605234870394;7;0.4482777013845236;[0.7578467870435268;0.208741214059953;0.9418854058976998;0.3927798329141258];0.7704809191206111;0.25
3546;0.36979873329059354;0.100303120920055;6;0.5949934966345439;[0.27820962984982;0.008714017479281466;0.4613878367313671;0.19189222436082853];0.7644179679716308;0.25
9538;0.6739041280741019;0.21682666891898178;7;0.47354467363169855;[0.5861025701070313;0.1290251109519111;0.7617056860411726;0.30462822688605246];0.7806667433095918;0.25
6352;0.7760041325147409;0.08420732166358894;6;0.622841924980753;[0.6853256525015338;-0.006471158349618145;0.866682612527948;0.17488580167679602];0.7752598687399835;0.25
8885;0.8184139641962671;0.9494740072580602;6;0.538218762752654;[0.7276875203647591;0.8587475634265522;0.9091404080277751;1.0402004510895682];0.7777180950730881;0.25
6232;0.6193058291331075;0.12536158448803078;6;0.45501783305418797;[0.5303845259510106;0.03644028130593385;0.7082271323152044;0.2142828876701277];0.780331448486772;0.25
3236;0.8398212726870038;0.482197259844243;6;0.6487557246895885;[0.7519995007965506;0.3943754879537898;0.9276430445774569;0.5700190317346961];0.7697589676685385;0.25
1029;0.823900488015171;0.16085040680667892;6;0.5317328471517562;[0.7319267720353559;0.0688766908268639;0.9158742039949861;0.2528241227864939];0.7704062569811806;0.25
3238;0.7439400583868704;0.2935858150181513;6;0.4928688211851524;[0.6588899346758363;0.20853569130711724;0.8289901820979044;0.37863593872918533];0.7795971496814367;0.25
7901;0.4731658275829047;0.3311643310021151;6;0.4736444469313685;[0.3859130006346417;0.2439115040538521;0.5604186545311678;0.41841715795037815];0.7747513011548962;0.25
3584;0.5881289539633288;0.5999907733013772;6;0.5620743689597852;[0.5003169700978098;0.5121787894358583;0.6759409378288477;0.6878027571668961];0.7808547550225426;0.25
7841;0.6481639763764934;0.6186509450316613;6;0.6702149229048104;[0.5624193897074294;0.5329063583625974;0.7339085630455573;0.7043955317007252];0.7807074607801039;0.25
4709;0.6333671373143442;0.4954908176974584;6;0.37172033502191487;[0.5436686414090047;0.4057923217921189;0.7230656332196838;0.5851893136027979];0.7658111090307428;0.25
9236;0.6332349404530351;0.10741873616779266;6;0.33621598071075615;[0.5478314678135591;0.022015263528316606;0.7186384130925111;0.1928222088072687];0.7684297056856404;0.25
5876;0.5905381861091754;0.7244410408006496;6;0.5752195506952963;[0.5005741809362259;0.6344770356277001;0.680502191282125;0.8144050459735992];0.780268637225476;0.25
414;0.5420308118521785;0.6653508592826387;6;0.344035656603796;[0.4501556139741156;0.5734756614045757;0.6339060097302414;0.7572260571607017];0.7808747633891896;0.25
2616;3.101168782928543E-4;0.2510317492195263;6;0.45204544479336783;[-0.08585786796506029;0.16486376437617317;0.086478101721646;0.33719973406287945];0.775813925725079;0.25
4476;0.3211189836366599;0.4382407609141309;6;0.2606395597166776;[0.237838411746152;0.354960189023623;0.40439955552716783;0.5215213328046389];0.7716361093922649;0.25
4317;0.6886146680660751;0.20735195047551658;6;0.601057053052517;[0.5978181775038606;0.11655545991330205;0.7794111586282896;0.2981484410377311];0.7771562922028666;0.25
759;0.6201289691136976;0.295578489068482;6;0.4869735600546197;[0.5329279026586127;0.20837742261339698;0.7073300355687826;0.382779555523567];0.7666277163577535;0.25
7397;0.608419870305674;0.6629281506556728;6;0.4681678723259107;[0.5126120249764123;0.5671203053264111;0.7042277156349357;0.7587359959849345];0.7736624999036534;0.25
4895;0.7743458314291036;0.37381976985820836;6;0.47601592303466356;[0.6884287754118767;0.2879027138409815;0.8602628874463305;0.45973682587543524];0.7719081580556401;0.25
3588;0.049688182654027496;0.5858497523429229;6;0.6168194116838961;[-0.039372813862432965;0.4967887558264624;0.13874917917048796;0.6749107488593834];0.779612786544268;0.25
6652;0.5560059000211296;0.4551468419776418;6;0.6450677292204392;[0.468091452868877;0.36723239482538916;0.6439203471733822;0.5430612891298945];0.7766761221437236;0.25
5700;0.39974221024529566;0.6808868549495718;6;0.5519812434381619;[0.30607576872377307;0.5872204134280492;0.49340865176681825;0.7745532964710944];0.7810122374232954;0.25
2342;0.5446947508351756;0.896708544286401;6;0.3300890876315784;[0.4572468810214958;0.8092606744727212;0.6321426206488554;0.9841564141000808];0.7752790659798309;0.25
1360;0.1567372475789692;0.8352091989784489;6;0.4433695180542237;[0.07125394416392132;0.7497258955634011;0.24222055099401707;0.9206925023934968];0.776743674049288;0.25
9319;0.2260504942668817;0.7558078382426138;6;0.5676358838646357;[0.14214734474810847;0.6719046887238406;0.30995364378565493;0.839710987761387];0.771872412598763;0.25
6442;0.028109431192991835;0.5113864375375676;6;0.28954402426143944;[-0.054723143960940177;0.42855386238363563;0.11094200634692385;0.5942190126914997];0.7763798727666873;0.25
8182;0.2833922889560788;0.6801600346938901;5;0.5591302947698239;[0.19260616322858265;0.589373908966394;0.374178414683575;0.7709461604213862];0.7792120448984335;0.25
5825;0.03946502768856236;0.7428656988458542;6;0.5670177360807165;[-0.04429568365586502;0.6591049875014268;0.12322573903298974;0.8266264101902816];0.7824728159161471;0.25
2469;0.17465896965944802;0.8267819337540154;6;0.49377772220213134;[0.08903366795553311;0.7411566320501005;0.26028427136336296;0.9124072354579303];0.7704887219577345;0.25
1907;0.35031789931498236;0.4580647672981543;6;0.552293617832863;[0.25788970477888173;0.3656365727620537;0.442746093851083;0.5504929618342549];0.7761872769933794;0.25
958;0.3762185412981246;0.8530735167081801;6;0.48811787117929945;[0.28959543263368104;0.7664504080437365;0.46284164996256816;0.9396966253726237];0.7676728946428426;0.25
7816;0.20068134259903203;0.8909830037066826;6;0.4889133286669378;[0.11734005723234509;0.8076417183399957;0.284022627965719;0.9743242890733695];0.7756817524748989;0.25
5130;0.24751371106515638;0.6118389510037372;6;0.4557957418377949;[0.1591048555850498;0.5234300955236306;0.335922566545263;0.7002478064838438];0.7674857868895001;0.25
7344;0.539319000318161;0.5193121679396383;6;0.6557915282903923;[0.4550912541836784;0.43508442180515566;0.6235467464526437;0.603539914074121];0.7730005791771656;0.25
7228;0.6330195602785009;0.8900882372831669;6;0.5229038152230646;[0.5466000004729767;0.8036686774776427;0.7194391200840251;0.9765077970886911];0.7769704316856254;0.25
47;0.8033617732061917;0.9266449637913268;6;0.520549136434858;[0.7117965353746359;0.835079725959771;0.8949270110377475;1.0182102016228824];0.7675243158795302;0.25
5829;0.30024652848477906;0.05380824267458506;6;0.42322114771813246;[0.20685366935556398;-0.03958461645463002;0.39363938761399414;0.14720110180380014];0.7704043160411407;0.25
484;0.990290354091074;0.6650534511583432;6;0.386766371913889;[0.902827111222147;0.5775902082894162;1.077753596960001;0.7525166940272703];0.7704791847270782;0.25
4022;0.3973123141588424;0.26558350098231753;6;0.6511032720750435;[0.3097345524587511;0.17800573928222624;0.4848900758589337;0.3531612626824088];0.7700481494398433;0.25
218;0.18988857096415634;0.33821060531569597;6;0.5703362894158283;[0.10471507708765826;0.2530371114391979;0.27506206484065443;0.42338409919219405];0.7773380675779864;0.25
9944;0.09621537795571478;0.3792082432317695;6;0.1929887989033734;[0.007901106058995383;0.2908939713350501;0.18452964985243417;0.46752251512848886];0.7672266358108575;0.25
1985;0.01572179807731161;0.8545820406141628;6;0.5161090397742523;[-0.0729488094303388;0.7659114331065123;0.10439240558496202;0.9432526481218132];0.7763794300164736;0.25
6109;0.40838687402340346;0.5192992468371603;6;0.629957387721384;[0.31995268415338407;0.43086505696714095;0.49682106389342284;0.6077334367071797];0.7758267570691376;0.25
6631;0.20669145184035587;0.4731036726283154;6;0.4633000953350348;[0.11863592710985713;0.3850481478978166;0.2947469765708546;0.5611591973588141];0.7682871530842302;0.25
7838;0.490154348774772;0.966317243457889;6;0.2234825960237103;[0.403098405854703;0.87926130053782;0.577210291694841;1.053373186377958];0.772466126587694;0.25
2545;0.3056288863125303;0.6210504481861095;6;0.5220563080851827;[0.22010289833779212;0.5355244602113713;0.39115487428726853;0.7065764361608478];0.7759462744393631;0.25
9412;0.11306118305331539;0.9835721127465192;6;0.2665395488976572;[0.020692564768963098;0.891203494462167;0.2054298013376677;1.0759407310308715];0.7792631561081481;0.25
4319;0.34552556828801984;0.8007445121259571;7;0.6360003281175985;[0.2587194713101658;0.7139384151481031;0.43233166526587385;0.8875506091038111];0.78098780606594;0.25
1064;0.314661171816717;0.7096070218066118;6;0.5087004849561736;[0.22386696731545394;0.6188128173053488;0.40545537631798;0.8004012263078749];0.7775629449276402;0.25
6405;0.16482771483864136;0.47001709069737346;6;0.44255897189233595;[0.07300157072146359;0.3781909465801957;0.25665385895581916;0.5618432348145512];0.7701836788891687;0.25
3035;0.5043532477114968;0.4627976904826726;6;0.5214075845064248;[0.41361770583536606;0.37206214860654185;0.5950887895876276;0.5535332323588034];0.7753215099636;0.25
5035;0.038760349426468194;0.7949722010267551;5;0.6508502123963436;[-0.0483993611992036;0.7078124904010834;0.12592006005214;0.8821319116524269];0.7603450331929326;0.25
2611;0.36973845195741784;0.9188877242929857;6;0.44332139186350134;[0.28542233705423564;0.8345716093898036;0.45405456686060003;1.003203839196168];0.7795052768774886;0.25
9905;0.16535936643642968;0.8279412819027112;6;0.6242183019291685;[0.07844564480966901;0.7410275602759505;0.2522730880631904;0.9148550035294719];0.7661923418345185;0.25
1223;0.4233009457427057;0.3282732014011668;6;0.46900758838162404;[0.3320635360381562;0.23703579169661726;0.5145383554472552;0.4195106111057163];0.7768272222436724;0.25
8617;0.062317797116852536;0.8636729332264402;6;0.5081346534771155;[-0.029114365526931127;0.7722407705826566;0.1537499597606362;0.9551050958702239];0.7790833146074642;0.25
6201;0.3185880468789193;0.6319377307357219;6;0.43702312528556414;[0.2270757414370839;0.5404254252938865;0.4101003523207547;0.7234500361775573];0.7774277122286651;0.25
8904;0.9808668669201595;0.13660087191850856;6;0.4263630024349747;[0.8937657402393921;0.0494997452377412;1.0679679936009268;0.22370199859927592];0.7762787653672797;0.25
5154;0.7568324266118365;0.685418676283341;6;0.3666671441441438;[0.6675787005656099;0.5961649502371144;0.8460861526580631;0.7746724023295676];0.7712764156631391;0.25
214;0.032847330355619014;0.6177098497697551;6;0.5880192641726167;[-0.05639961951899003;0.528462899895146;0.12209428023022806;0.7069567996443641];0.7726173380279598;0.25
7788;0.7336859884679447;0.6540386142972933;6;0.583396660762345;[0.6498759039325372;0.5702285297618858;0.8174960730033523;0.7378486988327008];0.7718197235291949;0.25
1563;0.4773518233528307;0.9694684004685772;6;0.48829741212268013;[0.3878892356931067;0.8800058128088531;0.5668144110125548;1.0589309881283013];0.773367397192638;0.25
5863;0.6604177610279875;0.8549014747401181;6;0.4910197269324559;[0.572669684203382;0.7671533979155125;0.748165837852593;0.9426495515647237];0.7677654586854542;0.25
736;0.9596835898929252;0.9652508403225666;5;0.5751699008445453;[0.8733478019637142;0.8789150523933555;1.0460193778221363;1.0515866282517776];0.7795634048549382;0.25
7846;0.49773230253789025;0.9688283829911822;6;0.5722518122105349;[0.4096365283502561;0.8807326088035481;0.5858280767255244;1.0569241571788164];0.7753400668456336;0.25
2741;0.48792888705134824;0.4957080773074706;6;0.5011686701625365;[0.40164324381088623;0.40942243406700857;0.5742145302918102;0.5819937205479325];0.7768611004138196;0.25
7954;0.1605865374601135;0.10259876792732181;6;0.4032763817469226;[0.0762880917212085;0.018300322188416804;0.24488498319901852;0.1868972136662268];0.7798954923576749;0.25
5090;0.31723849591425896;0.5273362961149821;5;0.6992149712843867;[0.22924886168625064;0.4393466618869738;0.4052281301422673;0.6153259303429904];0.7732660908164875;0.25
7523;0.7111142855192619;0.7902489779538864;6;0.2705312224562281;[0.6216258562854264;0.7007605487200509;0.8006027147530974;0.8797374071877219];0.7787158923187029;0.25
5021;0.20951586792805188;0.9036329590899326;6;0.5701641893108436;[0.11848943485643576;0.8126065260183164;0.300542300999668;0.9946593921615487];0.7746734747286003;0.25
9889;0.7062327101170887;0.8326383466659214;6;0.40476657022838114;[0.6160788317537043;0.742484468302537;0.7963865884804731;0.9227922250293058];0.7768866534584727;0.25
6604;0.21119903708048515;0.6272853778198655;6;0.5467987833128871;[0.12286108519557805;0.5389474259349584;0.29953698896539227;0.7156233297047726];0.7675866613928933;0.25
9297;0.531364275208982;0.2648324705583862;6;0.4614341479178991;[0.4454095299175211;0.1788777252669253;0.6173190205004428;0.3507872158498471];0.7737731352612447;0.25
5531;0.15814193368938406;0.8683377360475103;6;0.5933219840557336;[0.06767137816101079;0.7778671805191371;0.24861248921775733;0.9588082915758835];0.7744163480583651;0.25
2364;0.6989604066597905;0.9846271837124241;6;0.5318128320325342;[0.6091061755987036;0.8947729526513372;0.7888146377208775;1.0744814147735111];0.7749305514427406;0.25
4791;0.8847865561979075;0.5003712945848351;6;0.375496068070702;[0.802221369942245;0.4178061083291726;0.9673517424535699;0.5829364808404975];0.7772998372396211;0.25
1840;0.9481426827424266;0.6898977275517411;6;0.4162299393032537;[0.8636155865130435;0.6053706313223579;1.0326697789718098;0.7744248237811242];0.7785452201687809;0.25
6393;0.40915108300652914;0.8217217958637584;6;0.54313951546505;[0.3208838673930809;0.7334545802503101;0.4974182986199774;0.9099890114772067];0.7744570895723042;0.25
4381;0.1257214560973261;0.6420558365152529;7;0.5504810255457382;[0.039563991605713486;0.5558983720236402;0.2118789205889387;0.7282133010068655];0.7779635668271427;0.25
6342;0.553786897555842;0.40199458943285926;6;0.6079650158002078;[0.4709477219113491;0.31915541378836637;0.6366260732003349;0.48483376507735215];0.7708166506270848;0.25
1327;0.8783339773658657;0.38247120136489765;6;0.31161861217390746;[0.7925962737976292;0.29673349779666114;0.9640716809341022;0.46820890493313416];0.7798751890253904;0.25
7199;0.5363834827876657;0.2746699129908995;6;0.4452434701172312;[0.4504435053738205;0.1887299355770543;0.6223234602015109;0.36060989040474467];0.7858682584257951;0.25
4701;0.27113229437741093;0.9002229633815367;6;0.5748407202194824;[0.18443604581300888;0.8135267148171347;0.357828542941813;0.9869192119459388];0.7794416571883209;0.25
7629;0.11595536651249974;0.4560983564555462;7;0.3708922072130876;[0.022087191688141508;0.362230181631188;0.209823541336858;0.5499665312799045];0.7833301870583632;0.25
36;0.6274993330446758;0.5957797662963427;6;0.44570816722959167;[0.5406607266882277;0.5089411599398945;0.7143379394011238;0.6826183726527908];0.7767991615431656;0.25
7243;0.34042924992400014;0.37939590261114536;6;0.4238913549152327;[0.2545271115530532;0.2934937642401984;0.4263313882949471;0.4652980409820923];0.763535769268572;0.25
5687;0.9418701173706482;0.517905678735274;6;0.2353080599992184;[0.8579689905853317;0.43400455194995763;1.0257712441559645;0.6018068055205905];0.7747320527155627;0.25
2217;0.456419294005288;0.2877760607087094;6;0.5299050700303767;[0.36794578419384544;0.19930255089726684;0.5448928038167307;0.376249570520152];0.7737889473812729;0.25
1906;0.6374371942557385;0.95891704118177;6;0.6701213477157121;[0.55053443458623;0.8720142815122615;0.7243399539252471;1.0458198008512787];0.7718007406905774;0.25
9777;0.5240606423150816;0.6340947668874912;7;0.5337691096678795;[0.4396407231646087;0.5496748477370182;0.6084805614655546;0.7185146860379642];0.776898474747393;0.25
6684;0.29674392485576045;0.4473850745405145;6;0.6530250482523974;[0.20972022266496043;0.3603613723497145;0.3837676270465605;0.5344087767313145];0.768791048747204;0.25
8346;0.025847370861665386;0.5029504573134211;5;0.5046776121841826;[-0.062481995299412174;0.4146210911523436;0.11417673702274295;0.5912798234744987];0.766871592184461;0.25
5182;0.37953449109102216;0.7213863940844382;6;0.5257029998201089;[0.2939773583309229;0.6358292613243389;0.4650916238511214;0.8069435268445374];0.781014206901176;0.25
8384;0.6259690280715251;0.7355945153711341;6;0.5271377708597168;[0.5344806920497542;0.6441061793493632;0.717457364093296;0.8270828513929049];0.7742304076317249;0.25
4902;0.09964622898836853;0.5321333259910541;6;0.44456375742215576;[0.012411803223932483;0.44489890022661804;0.18688065475280458;0.6193677517554902];0.775793492950482;0.25
1828;0.2160623271414771;0.9633253699339461;6;0.6166871730228962;[0.1259219291763221;0.8731849719687912;0.3062027251066321;1.053465767899101];0.7698672587982407;0.25
8955;0.9954342098280411;0.6070954156301661;6;0.5680416408109018;[0.9135739803503332;0.5252351861524582;1.0772944393057489;0.688955645107874];0.7792188365273566;0.25
1209;0.6725252759439146;0.9710445353533369;6;0.3748053206732373;[0.5856665777828757;0.8841858371922979;0.7593839741049536;1.0579032335143759];0.7738528349629842;0.25
6604;0.5339161277138003;0.33636083672293704;6;0.5467987833128871;[0.4463673567779652;0.24881206578710197;0.6214648986496354;0.4239096076587721];0.7675866613928933;0.25
2884;0.23206940229233666;0.7534929457645784;6;0.5580450593604993;[0.14530523048941105;0.6667287739616528;0.31883357409526225;0.840257117567504];0.7753829892297819;0.25
242;0.39441865269270093;0.8167409371955807;6;0.44739670705859147;[0.306986510251098;0.7293087947539778;0.48185079513430384;0.9041730796371836];0.7718460622188198;0.25
3365;0.949435936865974;0.6182173367503028;6;0.4875182976172436;[0.8615216798323664;0.5303030797166951;1.0373501938995817;0.7061315937839104];0.7746095846996824;0.25
7538;0.10720250505290049;0.22867465964665712;6;0.5654350225263108;[0.021730327813053424;0.14320248240681005;0.19267468229274756;0.3141468368865042];0.7769503040093942;0.25
4986;0.19913979566959933;0.7938010669403964;6;0.6516225162402105;[0.11065390409163792;0.705315175362435;0.28762568724756077;0.8822869585183578];0.7723975625736734;0.25
2684;0.4620739765587204;0.5210765674150521;6;0.5698955362337446;[0.3716858622033537;0.43068845305968545;0.5524620909140872;0.6114646817704189];0.7696554463234131;0.25
6622;0.43712363197933257;0.40351850812825646;6;0.5350945675614933;[0.35071330555248;0.31710818170140387;0.5235339584061851;0.48992883455510905];0.775468717513621;0.25
6569;0.2749583128677639;0.6926056480275171;6;0.6108355963206754;[0.18752899343665586;0.6051763285964091;0.36238763229887194;0.7800349674586251];0.76652029622315;0.25
6564;0.9938282370537896;0.47076844459427586;6;0.3359773709023071;[0.9071709019439103;0.3841111094843964;1.080485572163669;0.5574257797041553];0.7720029975491247;0.25
945;0.4882497270774069;0.022240405507243488;6;0.52912148449054;[0.3976969724533463;-0.06831234911681712;0.5788024817014675;0.1127931601313041];0.7718177360470277;0.25
6546;0.875080616555838;0.937800701929405;6;0.3658547094600807;[0.7877533492344723;0.8504734346080393;0.9624078838772038;1.0251279692507707];0.7771231124002811;0.25
1501;0.5179419688380873;0.6638879667887051;6;0.5415601827506088;[0.4319539273522037;0.5778999253028215;0.6039300103239709;0.7498760082745887];0.767731960595796;0.25
3774;0.5271614407968168;0.7856611326598253;6;0.6834879857319929;[0.43842951254310025;0.6969292044061087;0.6158933690505334;0.8743930609135419];0.7803411690708437;0.25
1560;0.0888147578099178;0.8375846418122126;6;0.5267128242195093;[1.8282392285255689E-4;0.7489527079251473;0.17744669169698302;0.9262165756992778];0.770895440631526;0.25
4758;0.5721770166770068;0.8464072143266625;6;0.5450390484935957;[0.4861382765676698;0.7603684742173256;0.6582157567863438;0.9324459544359995];0.7802375950682763;0.25
1320;0.6392827388760534;0.9037222156441431;6;0.594655130170798;[0.5528173050859969;0.8172567818540867;0.7257481726661098;0.9901876494341996];0.7793135570421887;0.25
8675;0.8489767546110735;0.5920560184280618;6;0.46004052367913834;[0.7611972356944177;0.504276499511406;0.9367562735277293;0.6798355373447176];0.7728697904187173;0.25
3457;0.20440590036121964;0.41196971847166625;6;0.5481015877785359;[0.11951799536169846;0.32708181347214504;0.2892938053607408;0.49685762347118745];0.7821146260064347;0.25
6052;0.12100755738877308;0.5412041553436523;6;0.4831367759927099;[0.03268553407920269;0.4528821320340819;0.20932958069834348;0.6295261786532227];0.7754648987541022;0.25
2477;0.2970683546766833;0.8563205447228788;6;0.5382454268148017;[0.2087403880270558;0.7679925780732513;0.3853963213263108;0.9446485113725063];0.7701009038883188;0.25
2951;0.9601982966054571;0.2201458341205681;6;0.5272728819554998;[0.8756568929969772;0.13560443051208831;1.044739700213937;0.3046872377290479];0.7752258952542903;0.25
533;0.15052483035583425;0.2937368848078652;6;0.4235301357146336;[0.06455966618504118;0.2077717206370721;0.23648999452662733;0.3797020489786583];0.7804022138602558;0.25
7856;0.6266611595982532;0.8711118721996018;6;0.2945587935988796;[0.5376237750296156;0.7820744876309642;0.7156985441668908;0.9601492567682395];0.7625194583011767;0.25
8429;0.08962923741209988;0.20259915154226582;6;0.44627594663531406;[0.00842407295603581;0.12139398708620175;0.17083440186816395;0.2838043159983299];0.7773065775882779;0.25
6325;0.43633218116757605;0.6153017360828285;6;0.7195848939855072;[0.3505307259099136;0.529500280825166;0.5221336364252386;0.7011031913404909];0.7763138524154599;0.25
531;0.5060140315472199;0.20062328141498798;6;0.33786511559886145;[0.42047772259388744;0.11508697246165549;0.5915503405005524;0.28615959036832045];0.7802512329937646;0.25
566;0.8566898080077594;0.17189678823768517;6;0.4543324173905118;[0.7721420327728435;0.0873490130027693;0.9412375832426753;0.25644456347260103];0.7687859729859255;0.25
2217;0.5741086102174442;0.3005069606137907;6;0.5299050700303767;[0.482607096187959;0.20900544658430548;0.6656101242469294;0.3920084746432759];0.7737889473812729;0.25
4964;0.8017620203209574;0.566505498319863;5;0.42418914222220816;[0.7139433145722482;0.47868679257115376;0.8895807260696666;0.6543242040685722];0.7881935031983939;0.25
2096;0.7503211357954376;0.5687416640053147;6;0.5289131751175875;[0.6625559088746006;0.4809764370844777;0.8380863627162746;0.6565068909261517];0.7736300908520316;0.25
6825;0.025209246402341845;0.5066862916205763;7;0.4640564302597892;[-0.06549625967157191;0.41598078554666257;0.1159147524762556;0.59739179769449];0.7701729594282952;0.25
3855;0.7459521905601502;0.9599284318943289;6;0.4345495574553179;[0.6550186794837523;0.868994920817931;0.8368857016365481;1.0508619429707269];0.7783393738769241;0.25
7113;0.8381865312510851;0.9159129951770872;6;0.5019615653589536;[0.7548607877671216;0.8325872516931239;0.9215122747350486;0.9992387386610506];0.773794729818042;0.25
3959;0.16284623242129417;0.808669880173436;7;0.4400569577311172;[0.08103340391637823;0.72685705166852;0.24465906092621012;0.890482708678352];0.7717915092569204;0.25
7993;0.48476041244384516;0.20571108697673957;6;0.5127059082617252;[0.39559711264236336;0.11654778717525778;0.5739237122453269;0.29487438677822136];0.7803156603313901;0.25
4731;0.7970222985880816;0.9558725410141197;6;0.32184047329106324;[0.7063293665196335;0.8651796089456716;0.8877152306565297;1.0465654730825678];0.775473700114012;0.25
7813;0.3161029288248878;0.542012078838704;6;0.6113094849408621;[0.22991678770274354;0.4558259377165597;0.402289069947032;0.6281982199608482];0.7746642120572971;0.25
2957;0.2149522307865519;0.6924937101681264;6;0.5258073677367749;[0.1303551902406832;0.6078966696222577;0.2995492713324206;0.7770907507139951];0.7795880560046886;0.25
24;0.5328355470083148;0.8589363839583198;6;0.48748933263347993;[0.44371731487434884;0.7698181518243539;0.6219537791422808;0.9480546160922858];0.777762206592718;0.25
7236;0.039870103531394196;0.9141718912202481;6;0.42839852866765016;[-0.048066613509053516;0.8262351741798004;0.1278068205718419;1.0021086082606958];0.776808617907749;0.25
9728;0.6024933373399334;0.40575025784701724;6;0.5443579789653512;[0.5131021694958473;0.31635909000293116;0.6918845051840194;0.4951414256911033];0.7829934146210092;0.25
6746;0.9483077043948142;0.937197117634196;6;0.4953177188608293;[0.856551602489299;0.8454410157286808;1.0400638063003294;1.0289532195397113];0.7784664470723475;0.25
4088;0.18612488929740617;0.9111563759026348;6;0.6219499773789673;[0.10031477831080256;0.8253462649160311;0.2719350002840098;0.9969664868892384];0.7777564452413995;0.25
5858;0.34726267512740094;0.7580888361589089;6;0.5423110220204496;[0.26227374843703777;0.6730999094685457;0.4322516018177641;0.843077762849272];0.7797035152357779;0.25
8896;0.9563285591006732;0.40957365842322074;6;0.46783206216580714;[0.8681538937213066;0.3213989930438541;1.0445032244800398;0.4977483238025874];0.7656545231754757;0.25
5072;0.1736377057703941;0.8235248515079855;6;0.41048808790096797;[0.08639066059381276;0.7362778063314042;0.2608847509469755;0.9107718966845668];0.7852105565454439;0.25
4726;0.7870132486088348;0.3671787256791513;6;0.3144289566270849;[0.698773254033597;0.2789387311039135;0.8752532431840726;0.45541872025438906];0.7727385983902931;0.25
6350;0.037381770188319396;0.8196663763304979;6;0.6238453423690858;[-0.04873106118602917;0.7335535449561493;0.12349460156266796;0.9057792077048464];0.7720461942206868;0.25
2018;0.07369547198225143;0.7434814701475727;7;0.502885778020842;[-0.007257489996761582;0.6625285081685597;0.15464843396126443;0.8244344321265857];0.7718101919422029;0.25
9048;0.5272626916257677;0.6329006621935426;6;0.3736244490491704;[0.4380079835043368;0.5436459540721117;0.6165173997471985;0.7221553703149735];0.775734393879978;0.25
5914;0.4076516408850247;0.7453343817810557;6;0.6818261386065773;[0.3223754022114035;0.6600581431074345;0.4929278795586459;0.8306106204546769];0.7738008261835121;0.25
5002;0.25841710645271637;0.8660317435576872;6;0.49927856099111584;[0.16774962980559413;0.7753642669105649;0.3490845830998386;0.9566992202048095];0.7742244133636867;0.25
2321;0.31702523908906866;0.5635820628148558;6;0.5749925468746898;[0.22601891136393795;0.47257573508972506;0.4080315668141994;0.6545883905399865];0.7681049704673498;0.25
4823;0.5367614498850898;0.6595101869248803;6;0.5105406656185264;[0.4496961829182481;0.5724449199580386;0.6238267168519315;0.746575453891722];0.7734338242839698;0.25
