1366;0.5787575078943348;0.2416929407055407;6;0.5569221545789358;[0.4911254606221306;0.15406089343333648;0.666389555166539;0.3293249879777449];0.7746346809414663;0.25
9703;0.19836556349817203;0.39711660803946397;6;0.5984883949670365;[0.11214123846406117;0.3108922830053531;0.2845898885322829;0.48334093307357484];0.773363540138866;0.25
4006;0.6804068535556078;0.38269554394324745;6;0.49414769834178623;[0.592217654774241;0.2945063451618807;0.7685960523369746;0.4708847427246142];0.7731435135379288;0.25
6442;0.8045640063683933;0.04581775061448537;6;0.28954402426143944;[0.7187487826640659;-0.03999747308984196;0.8903792300727207;0.1316329743188127];0.7763798727666873;0.25
3950;0.287738116077794;0.6417482860026154;6;0.5863906833332694;[0.19854498424713515;0.5525551541719566;0.3769312479084528;0.7309414178332742];0.7821407614713013;0.25
1372;0.6298983567618259;0.6954882376659111;5;0.47447197909422184;[0.5376778365113739;0.603267717415459;0.722118877012278;0.7877087579163631];0.7703961460362299;0.25
6571;0.10292278687045942;0.5965776456722247;6;0.5351327447321846;[0.01360954794403825;0.5072644067458035;0.1922360257968806;0.6858908845986459];0.768569474345728;0.25
1045;0.41566336045986796;0.18379677305080516;6;0.5323831488227457;[0.3274040306555118;0.095537443246449;0.5039226902642241;0.27205610285516135];0.7746555039776206;0.25
5834;0.5573189981739118;0.15884883781087053;5;0.5662778342017696;[0.47183020417574795;0.07336004381270661;0.6428077921720757;0.24433763180903445];0.7757329269668507;0.25
4991;0.07868168708478476;0.3724804415197812;6;0.598964845135723;[-0.008609954236248649;0.2851888001987478;0.1659733284058182;0.4597720828408146];0.7732444959813399;0.25
2444;0.3354867185466991;0.4871478390960901;5;0.39637246141421445;[0.24683039784759533;0.3984915183969864;0.4241430392458029;0.5758041597951938];0.7689864580012854;0.25
376;0.4642574746554359;0.3387208513808311;6;0.4817369016049173;[0.3707748651146654;0.24523824184006057;0.5577400841962064;0.43220346092160156];0.7700771582069508;0.25
6311;0.37129499794366627;0.2589528211374178;6;0.4447092644743295;[0.28236843789655364;0.1700262610903052;0.4602215579907789;0.34787938118453043];0.7718420939731373;0.25
6700;0.5071134871281052;0.0842723363577986;6;0.6586952271795503;[0.41810293039792346;-0.004738220372383181;0.596124043858287;0.1732828930879804];0.76506362697242;0.25
4305;0.5696110994958402;0.4252157989865497;6;0.41844880718474353;[0.48874677844568243;0.3443514779363919;0.6504754205459979;0.5060801200367074];0.7739054634103422;0.25
9211;0.19838143026943736;0.6032685779396143;7;0.4834964522606677;[0.10782944394290353;0.5127165916130805;0.28893341659597116;0.6938205642661481];0.780761098559039;0.25
4052;0.5293184605331684;0.9819782046439721;6;0.6162345956965581;[0.44166076356689454;0.8943205076776982;0.6169761574994423;1.069635901610246];0.7772745413165036;0.25
9423;0.14599079251312955;0.9598851323286027;6;0.5551248345706371;[0.05936374249873347;0.8732580823142067;0.23261784252752563;1.0465121823429988];0.7728928323875365;0.25
5893;0.847252873967064;0.1830158007113932;6;0.5170761856520357;[0.7585822339630869;0.09434516070741611;0.935923513971041;0.2716864407153703];0.7735949642170068;0.25
5033;0.5070667570085325;0.7218934829258233;5;0.4701110895167808;[0.42174132847499146;0.6365680543922823;0.5923921855420736;0.8072189114593644];0.7704250406433648;0.25
6785;0.3899298511862088;0.4445030076515124;6;0.5306199502770762;[0.3042791943466484;0.358852350811952;0.47558050802576923;0.5301536644910728];0.7778407828165385;0.25
4783;0.6591056954196257;0.003929602430395612;6;0.4659656463637228;[0.5757449588614365;-0.07943113412779364;0.7424664319778149;0.08729033898858486];0.7737930188697374;0.25
7173;0.5259630346490105;0.232760702521037;7;0.33071876200871997;[0.4433007878195107;0.1500984556915372;0.6086252814785102;0.31542294935053683];0.7806294200823086;0.25
2371;0.573451629067192;0.8597418701869146;6;0.5431460317880432;[0.48291550095274816;0.7692057420724707;0.6639877571816359;0.9502779983013585];0.7752668997208362;0.25
7019;0.06688339099217921;0.31359977123144867;6;0.32392585650300676;[-0.022964929013772728;0.22375145122549672;0.15673171099813116;0.4034480912374006];0.7823435795152311;0.25
4302;0.8400447831077545;0.21988226604058542;5;0.6070440755572324;[0.7530700700390173;0.1329075529718481;0.9270194961764918;0.30685697910932275];0.7695147582506606;0.25
2535;0.5761028711260976;0.8327845319424347;6;0.550736933972746;[0.4890040736201429;0.7456857344364801;0.6632016686320522;0.9198833294483894];0.7741134009186736;0.25
3967;0.04822554991146191;0.6370353510923537;6;0.4648050798010057;[-0.037904210504795116;0.5509055906760967;0.13435531032771894;0.7231651115086106];0.7731050847034566;0.25
6861;0.6396747381296217;0.5672215801674629;6;0.3963925824527712;[0.5538538143966876;0.4814006564345288;0.7254956618625559;0.6530425039003971];0.7727923656509283;0.25
1847;0.6909705815784366;0.5435864492469005;6;0.4337441176178492;[0.6004664928280237;0.45308236049648754;0.7814746703288495;0.6340905379973134];0.7751534457467991;0.25
8982;0.41221966503937824;0.28560951562992576;6;0.4747567239881164;[0.31954835034611717;0.1929382009366647;0.5048909797326393;0.3782808303231868];0.7680074791169448;0.25
3582;0.5440523500311492;0.16090090660517847;6;0.4823484812936835;[0.4535108454134247;0.07035940198745402;0.6345938546488736;0.2514424112229029];0.7727335555077215;0.25
9128;0.42420671000061316;0.2991074677621071;6;0.5739916063409111;[0.33780714145452095;0.21270789921601493;0.5106062785467054;0.38550703630819927];0.7726032609885066;0.25
5856;0.4928511557524493;0.5948104179366314;6;0.41817614418971283;[0.4024931886955606;0.5044524508797427;0.583209122809338;0.6851683849935201];0.7751760761997912;0.25
391;0.6053157127914228;0.6422801043847711;6;0.5501823071850513;[0.5180747840481812;0.5550391756415296;0.6925566415346645;0.7295210331280126];0.7728532766897713;0.25
7630;0.023819366177374235;0.556709394076208;6;0.5076775298135928;[-0.06325345709115009;0.4696365708076837;0.11089218944589856;0.6437822173447323];0.7741090251347355;0.25
306;0.22318046819098303;0.4691723469310346;6;0.41486863364720683;[0.1352720389527693;0.38126391769282086;0.31108889742919676;0.5570807761692483];0.7746899521708998;0.25
7291;0.1785862853804246;0.17206332458445436;6;0.4903114276514422;[0.09104196653033962;0.08451900573436939;0.26613060423050955;0.25960764343453935];0.7665068046433998;0.25
2728;0.6947301523635661;0.06587411787397321;6;0.47533292157040385;[0.6083548771070458;-0.020501157382547056;0.7811054276200863;0.15224939313049346];0.7739392779858251;0.25
6558;0.04588835545880182;0.9052032430052268;6;0.5379570383494594;[-0.04528800838676464;0.8140268791596603;0.13706471930436828;0.9963796068507933];0.7744018763504681;0.25
4032;0.22842529290023808;0.8429939971596525;6;0.6754391453792545;[0.14201950250593356;0.756588206765348;0.31483108329454257;0.929399787553957];0.7749195897352835;0.25
5036;0.3335070254517836;0.6541610544719347;7;0.543128925601376;[0.24645500336671738;0.5671090323868685;0.42055904753684986;0.741213076557001];0.7783367363703739;0.25
9611;0.05837790127789427;0.2709879759371432;5;0.4982337337009753;[-0.02557155482884252;0.1870385198304064;0.14232735738463106;0.35493743204387995];0.7808479442347992;0.25
6979;0.5434647624387754;0.12471731836662864;6;0.4895918111220105;[0.45441548963721995;0.03566804556507319;0.6325140352403309;0.21376659116818408];0.7745996286693052;0.25
1571;0.4841221528172207;0.7958491843223775;5;0.5559946196931344;[0.3986080285815868;0.7103350600867435;0.5696362770528547;0.8813633085580115];0.7752444670767377;0.25
5960;0.8728236378216329;0.1995119865052098;7;0.38936001024078265;[0.7834123326978197;0.11010068138139667;0.962234942945446;0.2889232916290229];0.7697601312214691;0.25
2994;0.4684048895391476;0.3704845460326572;6;0.42863265681508395;[0.38159854580390096;0.28367820229741053;0.5552112332743943;0.45729088976790383];0.7704439719059107;0.25
5499;0.1386717148231193;0.17331290060159465;6;0.3588679276908595;[0.04601998490976428;0.08066117068823964;0.23132344473647432;0.2659646305149497];0.7728961029264613;0.25
950;0.2845772904096245;0.0415503320076519;5;0.3678244477890046;[0.1992151059222822;-0.04381185247969038;0.36993947489696677;0.1269125164949942];0.7847843200967531;0.25
3466;0.6000502259514386;0.303185262573302;6;0.5986393658355018;[0.5131229954990757;0.21625803212093905;0.6869774564038016;0.39011249302566486];0.7784233825169027;0.25
9676;0.22647417595533045;0.14747768724723356;6;0.5252321862340324;[0.13820194708282968;0.05920545837473279;0.3147464048278312;0.23574991611973434];0.7741026685689747;0.25
6198;0.23358473008487515;0.6417134562955518;6;0.38922582555855656;[0.14413114247064673;0.5522598686813234;0.32303831769910357;0.7311670439097802];0.7796373407424483;0.25
1546;0.02237986059264363;0.27426687281434486;6;0.4772848666287865;[-0.06657354983250725;0.185313462389194;0.11133327101779451;0.36322028323949573];0.7757731718943869;0.25
4604;0.14988874636647878;0.4209233165479501;6;0.4167136076295424;[0.06279837929208375;0.3338329494735551;0.2369791134408738;0.5080136836223451];0.78266464691346;0.25
95;0.7570341272378167;0.20488493689518544;6;0.5935924067553178;[0.670333980978331;0.11818479063569966;0.8437342734973025;0.29158508315467124];0.7619439430745206;0.25
8502;0.1159418234796882;0.08471088269631247;6;0.48093131463740413;[0.03192830601585882;6.973652324830798E-4;0.19995534094351758;0.16872440016014184];0.7773784588304828;0.25
8552;0.6953374849897855;0.14589423705904153;6;0.5912522390217159;[0.6085692194774521;0.05912597154670812;0.782105750502119;0.23266250257137494];0.7690844664073073;0.25
6539;0.42522797756877095;0.4804131239839617;6;0.4722117674290732;[0.3400818008877224;0.3952669473029131;0.5103741542498195;0.5655593006650103];0.7789691546502066;0.25
3986;0.17243011996141838;0.43002447022031226;6;0.5367422407024974;[0.08142753240202727;0.33902188266092115;0.2634327075208095;0.5210270577797034];0.7823201724189957;0.25
1154;0.562316917214049;0.8998700245645989;6;0.5201489568611125;[0.47504498602888157;0.8125980933794315;0.6495888483992164;0.9871419557497663];0.7721855001646797;0.25
3309;0.10621138684327111;0.8406424537691357;6;0.6227930251159621;[0.017718437411478785;0.7521495043373434;0.19470433627506345;0.929135403200928];0.7814620175226409;0.25
6593;0.839838265446264;0.3608196303539951;6;0.5514579584366485;[0.7532659815256847;0.27424734643341575;0.9264105493668434;0.4473919142745745];0.7753300470826551;0.25
3347;0.5009724953958934;0.19269198589182893;6;0.5554825038330956;[0.40919022831166885;0.10090971880760438;0.5927547624801179;0.28447425297605344];0.7702357764937966;0.25
8514;0.9108429480610323;0.16205602318430498;6;0.3901162288137789;[0.8209929407149534;0.07220601583822613;1.0006929554071111;0.25190603053038385];0.7721753965054801;0.25
2309;0.9424353440020992;0.6516883579931494;7;0.5254102016104213;[0.8508504039035372;0.5601034178945874;1.0340202841006612;0.7432732980917114];0.7788092228209883;0.25
8538;0.6271142277832868;0.6358858575768269;6;0.5394625325944977;[0.537980406428012;0.5467520362215521;0.7162480491385617;0.7250196789321017];0.7833159431157026;0.25
6862;0.981399545388626;0.5768540297668323;6;0.6035475392672481;[0.8969936542293524;0.49244813860755876;1.0658054365478995;0.6612599209261059];0.7730472491453363;0.25
2957;0.46826576377534523;0.24131130556564945;6;0.5258073677367749;[0.37949208140034313;0.15253762319064734;0.5570394461503473;0.33008498794065155];0.7795880560046886;0.25
7402;0.9063380893496326;0.49061665083530565;6;0.5614185288816606;[0.8187851596417588;0.40306372112743194;0.9938910190575063;0.5781695805431794];0.7702264012894555;0.25
445;0.2838979803299603;0.03399017242449917;6;0.36889500293347366;[0.19589788792884666;-0.054009919976614446;0.3718980727310739;0.12199026482561279];0.7739647366557783;0.25
8020;0.3788907858480657;0.16363551283187616;6;0.45204332656457735;[0.29306925633568914;0.0778139833194996;0.4647123153604422;0.24945704234425273];0.773771668315992;0.25
3046;0.9845000061863873;0.9525685406492717;6;0.3422558374863499;[0.8998942082349325;0.8679627426978168;1.069105804137842;1.0371743386007264];0.7819234922511086;0.25
6990;0.0753154870836123;0.7786233165697009;6;0.47883160940014724;[-0.009677592317365313;0.6936302371687233;0.1603085664845899;0.8636163959706784];0.7753465617117727;0.25
4642;0.3582112886336934;0.7279230171622295;6;0.4213393120387648;[0.27379386260495053;0.6435055911334867;0.44262871466243625;0.8123404431909723];0.7798894123361657;0.25
5393;0.6866532370258263;0.3356027247179171;6;0.38856612569471516;[0.5998541815513019;0.24880366924339264;0.7734522925003506;0.4224017801924415];0.7718402808365848;0.25
2579;0.02839129521727468;0.7989702532551408;5;0.5455043668142769;[-0.06436447695951045;0.7062144810783557;0.12114706739405981;0.8917260254319259];0.7729259198093732;0.25
6685;0.33775308938792276;0.4844595372742841;6;0.551007352284994;[0.24917068214709415;0.3958771300334555;0.42633549662875136;0.5730419445151127];0.7727218286592988;0.25
3900;0.7835386182751574;0.9372092993107631;6;0.6013793719424438;[0.6960924979675407;0.8497631790031465;0.870984738582774;1.02465541961838];0.7742585645592098;0.25
9611;0.5655894972167188;0.5770034847423363;5;0.4982337337009753;[0.479089334997819;0.49050332252343654;0.6520896594356186;0.6635036469612361];0.7808479442347992;0.25
1859;0.23670176519163683;0.6711134058679277;6;0.32333620320353607;[0.1454639818747323;0.5798756225510231;0.32793954850854135;0.7623511891848322];0.7834113795516094;0.25
5878;0.4721147401722352;0.7478498400982865;6;0.4313773423331324;[0.3865007808468506;0.6622358807729019;0.5577286994976198;0.8334637994236711];0.7694487293121501;0.25
4047;0.6041829968822581;0.5925936548870431;6;0.2977863553859401;[0.5149563193991078;0.5033669774038928;0.6934096743654083;0.6818203323701933];0.7744209149228072;0.25
9142;0.03504620858205426;0.47875689810766714;6;0.4507755906026656;[-0.05260859375200208;0.39110209577361077;0.1227010109161106;0.5664117004417235];0.7722625589073593;0.25
5527;0.8246466537485412;0.10617437841597901;6;0.5282982915923736;[0.737636481013489;0.019164205680926832;0.9116568264835934;0.1931845511510312];0.7718084292336073;0.25
1147;0.2654572684158639;0.048107077221112765;7;0.4469232225886382;[0.17792354645633568;-0.03942664473841549;0.35299099037539217;0.13564079918064104];0.7766784081109814;0.25
6367;0.2849658747110399;0.17199748742880003;6;0.5035205653291798;[0.19715039975574078;0.08418201247350092;0.372781349666339;0.2598129623840991];0.771588283433425;0.25
8517;0.41036684157828673;0.2491806511628717;6;0.43272651462802264;[0.31714990597208015;0.15596371555666513;0.5035837771844933;0.3423975867690783];0.7709016501930306;0.25
2431;0.8194273761518508;0.24854028603479733;6;0.5137689134298681;[0.7276533264890275;0.156766236371974;0.9112014258146741;0.34031433569762065];0.7741366157301143;0.25
7299;0.5835518318653882;0.6436090783518139;6;0.5559370838398809;[0.4949849512647498;0.5550421977511756;0.6721187124660265;0.7321759589524522];0.7705149733135133;0.25
183;0.34674251912258297;0.4866311024269697;6;0.6203126460512779;[0.2579282649442556;0.39781684824864233;0.43555677330091036;0.575445356605297];0.7681710476241511;0.25
7071;0.6463422659251221;0.3319077172216328;6;0.5873506903366907;[0.559724206080258;0.24528965737676872;0.7329603257699863;0.4185257770664969];0.7758019965079287;0.25
4663;0.15042768764105818;0.043448810696248674;6;0.5707261017017635;[0.061820234620661565;-0.04515864232414794;0.23903514066145481;0.1320562637166453];0.7890767621475506;0.25
2029;0.6317046755695579;0.3891142560444897;6;0.4845538186081132;[0.5448239096582268;0.3022334901331586;0.718585441480889;0.4759950219558208];0.776487534066538;0.25
3438;0.28328367513290503;0.5359833274478575;6;0.6050170336119763;[0.19763540845884164;0.4503350607737941;0.3689319418069684;0.6216315941219208];0.7828039817290764;0.25
6908;0.045618883406923466;0.3795863540428145;6;0.4606381482034303;[-0.04215235442599821;0.2918151162098928;0.13339012123984514;0.46735759187573617];0.7807618650045532;0.25
1047;0.6986792280508388;0.021821834784600147;6;0.4012791710339658;[0.6099564773849956;-0.06690091588124308;0.787401978716682;0.11054458545044338];0.7734933337466793;0.25
9112;0.6838974596661;0.1642932527498423;6;0.4837187670435455;[0.5983347400673299;0.07873053315107215;0.7694601792648702;0.24985597234861245];0.7805208168257147;0.25
2373;0.46787941843810654;0.5967475488006677;6;0.7056055674259325;[0.3786000181913823;0.5074681485539434;0.5571588186848309;0.686026949047392];0.7744104122763337;0.25
7546;0.7677770644807285;0.6991319481514365;6;0.5215408764994455;[0.6805508907553729;0.611905774426081;0.855003238206084;0.7863581218767921];0.7862180520467821;0.25
5295;0.44824033092872206;0.572058934086614;6;0.5120538591012257;[0.36352363276896343;0.4873422359268554;0.5329570290884807;0.6567756322463727];0.7796458459335219;0.25
2416;0.7006039708641913;0.696421599991567;6;0.48261465613936705;[0.6112998044999626;0.6071174336273383;0.7899081372284201;0.7857257663557958];0.7762738344821444;0.25
2301;0.035162149514670504;0.6482502206897303;6;0.495548697145364;[-0.0550415590666429;0.5580465121084168;0.1253658580959839;0.7384539292710437];0.776558575232358;0.25
6199;0.0709225794381963;0.2629441364547389;6;0.47557844858277903;[-0.017615266260976314;0.1744062907555663;0.1594604251373689;0.3514819821539115];0.7759655008711945;0.25
4509;0.2005325675698293;0.009803451656416884;6;0.36727829249976734;[0.11463032582918425;-0.07609879008422815;0.2864348093104743;0.09570569339706192];0.7916455916654724;0.25
8871;0.08220948256982943;0.37624742455154636;6;0.5973082800546617;[-0.005648310557245018;0.28838963142447194;0.17006727569690389;0.4641052176786208];0.7838238250435804;0.25
6253;0.19959573782298307;0.5989944793931541;7;0.4073992575562653;[0.11547962319063257;0.5148783647608036;0.2837118524553336;0.6831105940255046];0.7723593901648373;0.25
8862;0.395678765922175;0.4824484457236245;6;0.43000567466933026;[0.30840780465495626;0.39517748445640577;0.4829497271893937;0.5697194069908432];0.7737080839551957;0.25
4051;0.2525255738611804;0.49255857713073076;7;0.44292077624040993;[0.16464439844691015;0.4046774017164605;0.34040674927545067;0.580439752545001];0.7772069090497536;0.25
6195;0.1378302097400319;0.5905508759686249;6;0.49666864457035664;[0.049799047567213706;0.5025197137958066;0.2258613719128501;0.6785820381414431];0.7845427007654416;0.25
1472;0.7232096698209329;0.333556485833559;6;0.5134698824923917;[0.6348083082721304;0.24515512428475647;0.8116110313697354;0.42195784738236153];0.7808186155401654;0.25
8943;0.7836538101858911;0.0854244296630531;6;0.43426491834519976;[0.6952520141840615;-0.0029773663387764743;0.8720556061877207;0.17382622566488265];0.7691802154169101;0.25
6661;3.468584110500883E-4;0.019255534208975578;6;0.4704786040798131;[-0.0885694177261815;-0.06966074192825601;0.08926313454828168;0.10817181034620717];0.7708712845267427;0.25
8970;0.3300621045181418;0.3428074570672822;6;0.6543728633593909;[0.24401543490978347;0.25676078745892394;0.41610877412650005;0.4288541266756405];0.7754183565855571;0.25
5738;0.006500616753649546;0.4260747259413792;6;0.5055364528388132;[-0.0816740124502528;0.33790009673747684;0.09467524595755189;0.5142493551452816];0.7788792930852081;0.25
897;0.18340019950894076;0.9315333490638453;7;0.562732118916177;[0.09558591959754688;0.8437190691524514;0.27121447942033466;1.0193476289752392];0.7717643523459796;0.25
3152;0.639743302778729;0.04154207705065477;6;0.6375665666304793;[0.5516236078897696;-0.04657761783830468;0.7278629976676885;0.1296617719396142];0.7743005453793494;0.25
7911;0.44906122250115743;0.8730468375871727;6;0.6256689807238348;[0.3603965773901226;0.7843821924761378;0.5377258676121923;0.9617114826982076];0.7795920254162345;0.25
3384;0.6125408850757135;0.2041241635957156;6;0.3902256479842492;[0.526893670379084;0.11847694889908615;0.698188099772343;0.28977137829234506];0.7805663464907185;0.25
8727;0.5291974113219691;0.11432254751914542;6;0.3552991022803229;[0.44574880881183343;0.030873945009009807;0.6126460138321047;0.19777115002928103];0.7786127878547998;0.25
4501;0.33147290687129144;0.4165289565020074;6;0.7457985540665039;[0.24324264490108954;0.3282986945318055;0.41970316884149333;0.5047592184722093];0.7720300150895069;0.25
9595;0.4981467671042765;0.33370183450406044;6;0.37210528195608394;[0.40638353703041474;0.24193860443019866;0.5899099971781383;0.4254650645779222];0.7820786855967838;0.25
6703;0.8037320599422694;0.050376768691081375;6;0.5160130861238931;[0.7126584533859935;-0.04069683786519443;0.8948056664985452;0.14145037524735718];0.7769399037613661;0.25
9682;0.3397077898870082;0.3069427121958484;6;0.42971876263543374;[0.25029039858153024;0.21752532089037038;0.4291251811924862;0.39636010350132644];0.7807955990384534;0.25
880;0.599792548704778;0.07653009760535855;6;0.5036295872076281;[0.5136662604685418;-0.00959619063087773;0.6859188369410143;0.1626563858415948];0.7787620236790438;0.25
7867;0.026051716434864425;0.19284270702599707;6;0.4218109286816024;[-0.0634411943146708;0.10334979627646185;0.11554462718439965;0.2823356177755323];0.7831858438784229;0.25
6070;0.6304703274611214;0.027632147804908247;6;0.4455059095755386;[0.5434941437592796;-0.059344035896933545;0.7174465111629632;0.11460833150675004];0.7769682829021506;0.25
3710;0.5218879091914028;0.6642202272331781;6;0.547034554594787;[0.4341343322355809;0.5764666502773561;0.6096414861472248;0.7519738041890001];0.7717033963555957;0.25
4129;0.4578245811864359;0.4807927074669447;5;0.540836868726846;[0.36932707031947043;0.39229519659997925;0.5463220920534013;0.5692902183339101];0.7764616351844779;0.25
6368;0.3894868010000355;0.6903092654836073;6;0.546675955435438;[0.2997592220744489;0.6005816865580207;0.47921437992562216;0.7800368444091939];0.7809631182997224;0.25
6114;0.26956215503722225;0.11640033003231337;6;0.6051998460947987;[0.18006803994826753;0.02690621494335864;0.35905627012617697;0.2058944451212681];0.7664035043243066;0.25
202;0.30553675234995425;0.3405456395078033;6;0.5561829044222041;[0.21486297725570902;0.24987186441355808;0.3962105274441995;0.43121941460204855];0.7700165173596587;0.25
2832;0.10028501799091458;0.14427362939887087;6;0.4382867729522752;[0.01046948532619893;0.05445809673415522;0.19010055065563022;0.23408916206358651];0.7737703375910024;0.25
352;0.1572934471994798;0.2852778130872628;6;0.5062370474162534;[0.07116325103702764;0.19914761692481064;0.24342364336193195;0.37140800924971495];0.7699626829899021;0.25
7709;0.5888403840660137;0.4510191538315258;6;0.45974929699725464;[0.5001967432843645;0.36237551304987653;0.6774840248476629;0.539662794613175];0.7738455758642069;0.25
2919;0.6667520219844008;0.2690504968353281;6;0.40268645865705316;[0.5768188486665295;0.1791173235174569;0.756685195302272;0.3589836701531993];0.779170970330183;0.25
5201;0.9427992533439249;0.5196134202137277;6;0.5522117275895788;[0.8589229874130794;0.4357371542828821;1.0266755192747705;0.6034896861445732];0.7829895340172456;0.25
9703;0.5249486388034916;0.8690254782974294;6;0.5984883949670365;[0.43412449208328796;0.7782013315772257;0.6157727855236953;0.959849625017633];0.773363540138866;0.25
4243;0.42118269495472366;0.6756048336357428;6;0.39372469833935886;[0.3353354967774409;0.5897576354584599;0.5070298931320064;0.7614520318130256];0.777334899683674;0.25
1601;0.6486819064212865;0.34951388804932665;6;0.3957355705184701;[0.5640394894019816;0.2648714710300216;0.7333243234405915;0.4341563050686317];0.7820862677962245;0.25
6840;0.5748818098501112;0.4499021915670651;7;0.4795182068837116;[0.48516527034160445;0.3601856520585584;0.6645983493586178;0.5396187310755718];0.7692116842220366;0.25
3405;0.6065264744662955;0.3047936101737469;6;0.6502036667703006;[0.5212854574705341;0.2195525931779856;0.6917674914620568;0.3900346271695082];0.7703972932453803;0.25
7888;0.7073380057975251;0.3380463378653227;6;0.5239463558199899;[0.6207940329035269;0.2515023649713244;0.7938819786915234;0.42459031075932097];0.7706008705873135;0.25
2858;0.7952595244718056;0.9753323296281251;6;0.4208637648085635;[0.7094809344789644;0.889553739635284;0.8810381144646467;1.0611109196209663];0.7762567956521746;0.25
308;0.9641508157312598;0.23157171765180873;7;0.17516691161919828;[0.874061365062224;0.14148226698277283;1.0542402664002957;0.3216611683208446];0.7820545858301371;0.25
3740;0.6443735647846739;0.6941260375168086;6;0.2141124009182916;[0.56073693786495;0.6104894105970847;0.7280101917043977;0.7777626644365324];0.7651133305381045;0.25
1670;0.3416135684257471;0.028175173211149762;6;0.3695071366237342;[0.2571751096134663;-0.056263285601131044;0.4260520272380279;0.11261363202343057];0.7696022587536094;0.25
3125;0.5746118515587824;0.46763674131718125;6;0.5102756770076459;[0.4877678896092024;0.3807927793676013;0.6614558135083624;0.5544807032667611];0.7732736634764218;0.25
3620;0.8884438105126975;0.37239923763441074;6;0.5424790296613493;[0.8004220045919291;0.2843774317136424;0.9764656164334659;0.4604210435551791];0.7657884680054826;0.25
7318;0.9689373994983217;0.5510034004779855;6;0.4454955600560926;[0.8803863886701456;0.46245238964980945;1.0574884103264977;0.6395544113061615];0.7733331868966574;0.25
8923;0.2759607663576603;0.08296066516763795;6;0.48257866200892324;[0.1892875236276101;-0.0037125775624122642;0.36263400908771054;0.16963390789768817];0.7751218896249511;0.25
8438;0.04050779842516106;0.6431892691997435;6;0.5542887091278199;[-0.04662135617976132;0.5560601145948212;0.12763695303008343;0.7303184238046658];0.775388828241983;0.25
2470;0.7393333678751769;0.04383822375251206;6;0.5233133573075537;[0.6511135979025865;-0.04438154622007835;0.8275531378477673;0.13205799372510246];0.7698869052483961;0.25
7827;0.14700606544105976;0.9036332916873484;6;0.43206702994335894;[0.05952609694911984;0.8161533231954085;0.2344860339329997;0.9911132601792884];0.7719378636466968;0.25
4802;0.9433494854048428;0.08539325407052745;6;0.4397156623792632;[0.8536519685247321;-0.004304262809583181;1.0330470022849534;0.17509077095063807];0.7806246956164931;0.25
7043;0.37216767414139923;0.5626871365618357;7;0.6109877730176763;[0.28271110116758813;0.47323056358802457;0.46162424711521033;0.6521437095356468];0.7761596747577142;0.25
3593;0.5217752384859173;0.23035166560445602;6;0.46425944116366313;[0.4299747679752013;0.13855119509373995;0.6135757089966334;0.3221521361151721];0.7740540540638712;0.25
1109;0.8474187481878735;0.4272670290806905;5;0.35302599048212957;[0.7632298258622289;0.34307810675504585;0.9316076705135182;0.5114559514063352];0.7695914314939629;0.25
8267;0.528907423561356;0.10488988905355148;6;0.4134237252023648;[0.4405595131379151;0.01654197863011056;0.6172553339847969;0.1932377994769924];0.779060263028727;0.25
885;0.6160614952621455;0.7338877020709065;6;0.6879951352920504;[0.5288440339320625;0.6466702407408235;0.7032789565922285;0.8211051634009895];0.772595895187913;0.25
8045;0.7214533713942166;0.7618238225372993;6;0.6497952264897076;[0.6292106672079761;0.6695811183510588;0.8136960755804571;0.8540665267235398];0.788804922905309;0.25
2929;0.5421161008423179;0.1725462034950172;6;0.48491453093020565;[0.4568592748992965;0.08728937755199583;0.6273729267853393;0.25780302943803857];0.7731707010061302;0.25
396;0.7596737301675217;0.08552895311382377;7;0.6166203556552522;[0.6695955885557066;-0.004549188497991394;0.8497518717793369;0.17560709472563896];0.7774500642834428;0.25
9727;0.24187931692418152;0.32130006352507995;6;0.6140369453832106;[0.15445829600010424;0.23387904260100267;0.3293003378482588;0.4087210844491572];0.7843861403055664;0.25
7530;0.8047605830490809;0.26754211286965096;6;0.4657720609127717;[0.7126493660200738;0.17543089584064378;0.8968718000780881;0.35965332989865817];0.7822248812819182;0.25
4697;0.11407393041320979;0.5401341085856872;6;0.5790971749690708;[0.029112763769281985;0.4551729419417594;0.1990350970571376;0.625095275229615];0.7707923747279944;0.25
9230;0.6110895259216623;0.21433882822240385;6;0.5643098721086379;[0.5235402217654941;0.12678952406623564;0.6986388300778306;0.30188813237857204];0.7815827621388964;0.25
3317;0.7553602930358103;0.29979141710713963;6;0.3883251557094475;[0.6678347462988092;0.21226587037013853;0.8428858397728114;0.3873169638441407];0.7666005408075844;0.25
5578;0.930284735298709;0.32214961098259465;5;0.5542632674179798;[0.8451051092624602;0.23696998494634575;1.0154643613349579;0.40732923701884355];0.7777033162659667;0.25
3638;0.9081228029281423;0.8015920718810932;6;0.6791354013872752;[0.8212985065368668;0.7147677754898176;0.9949470993194178;0.8884163682723687];0.7789558480362218;0.25
6729;0.21299940470277756;0.720558808999928;6;0.5031517365325712;[0.12617293704220528;0.6337323413393556;0.29982587236334984;0.8073852766605003];0.7708381264593646;0.25
1770;0.7993517482166139;0.30751616118057823;6;0.35620531978759673;[0.7105262243087865;0.21869063727275087;0.8881772721244413;0.3963416850884056];0.7722728561395671;0.25
9542;0.7589392770302344;0.21832612003384558;6;0.5660011923738635;[0.6668033874897619;0.12619023049337302;0.851075166570707;0.31046200957431813];0.7833227945822282;0.25
5875;0.9792853611586695;0.7139109354700803;6;0.5698241989334646;[0.8950986353034472;0.6297242096148581;1.0634720870138918;0.7980976613253026];0.7781035431492023;0.25
6977;0.670226841910191;0.634239691616089;6;0.49064422128675755;[0.5852511683403812;0.5492640180462791;0.7552025154800008;0.7192153651858988];0.7719894100738801;0.25
759;0.7625053636228352;0.5485031691875605;6;0.4869735600546197;[0.6754465839364725;0.46144438950119787;0.8495641433091978;0.635561948873923];0.7666277163577535;0.25
8236;0.22376714993235225;0.3825638759780706;6;0.5507109932406605;[0.13370568375982006;0.29250240980553843;0.31382861610488444;0.4726253421506028];0.7730253887217533;0.25
2864;0.6679697409240521;0.13054075565078216;6;0.4533811267655367;[0.5764032461766457;0.0389742609033758;0.7595362356714586;0.22210725039818852];0.7732434328577369;0.25
278;0.5484955993214569;0.13374443404626293;6;0.6562980727853741;[0.4604099745493503;0.04565880927415639;0.6365812240935634;0.22183005881836948];0.7660483467661279;0.25
2297;0.614173481382408;0.18378186241684505;6;0.39898041820548297;[0.5296878471920072;0.09929622822644427;0.6986591155728088;0.2682674966072458];0.7720790979213649;0.25
9247;0.3251248982850229;0.15311854503830064;6;0.4770452187293768;[0.23613678950058137;0.06413043625385913;0.4141130070694644;0.24210665382274216];0.7831436144730851;0.25
6925;0.31367684805781126;0.25447824392365664;6;0.5766920293511142;[0.22647858154541656;0.16727997741126194;0.40087511457020597;0.34167651043605135];0.7713255458254196;0.25
974;0.644398743880631;0.4893900504367556;6;0.392664204718186;[0.5585266282894269;0.40351793484555143;0.7302708594718351;0.5752621660279598];0.7679363925084511;0.25
3375;0.7961718415103818;0.3037368490768103;6;0.30310067107208183;[0.7105140939039983;0.2180791014704268;0.8818295891167652;0.3893945966831938];0.7795062943021159;0.25
9678;0.8723625389277796;0.3904780271705187;6;0.459439963089319;[0.7860098632232151;0.30412535146595415;0.9587152146323441;0.4768307028750833];0.7759361842651123;0.25
7308;0.9158239793080536;0.06636967218271353;6;0.3372567655592048;[0.8262584230347337;-0.023195884090606328;1.0053895355813736;0.1559352284560334];0.7686632191469939;0.25
5163;0.6219876414017412;0.4922748424544767;6;0.47568767695103503;[0.5365909319452506;0.4068781329979862;0.7073843508582318;0.5776715519109672];0.7745487077439426;0.25
6879;0.991983066920675;0.7969461571124975;5;0.422218420514029;[0.8990748344469778;0.7040379246388003;1.084891299394372;0.8898543895861947];0.7700148882292969;0.25
2504;0.3993279587863278;0.29853080838383017;6;0.5596767376308341;[0.3099792314712789;0.20918208106878128;0.4886766861013767;0.38787953569887906];0.7757725851518715;0.25
9747;0.9695747931190771;0.7570474988773689;6;0.45687864321560734;[0.8794950210823071;0.6669677268405989;1.059654565155847;0.8471272709141389];0.7690368524833155;0.25
3766;0.6412283974179225;0.4020791748111059;6;0.5022808986476368;[0.5492814505214721;0.31013222791465556;0.7331753443143728;0.4940261217075562];0.7731177592571901;0.25
615;0.09483978257218317;0.8085119845945048;6;0.3749348110238015;[0.007975905635400224;0.7216481076577218;0.1817036595089661;0.8953758615312878];0.7796532916589983;0.25
1734;0.5916884174221055;0.3141363547353303;6;0.46501025555840536;[0.49963650292981887;0.2220844402430436;0.6837403319143922;0.40618826922761697];0.7840247211886184;0.25
8061;0.23838180347679028;0.690077055020724;6;0.2929709526887371;[0.1473535407688259;0.5990487923127596;0.32941006618475466;0.7811053177286884];0.7693628408367018;0.25
5979;0.06102010959100379;0.09725491350743953;6;0.5339021074692485;[-0.02687261707501984;0.009362186841415904;0.14891283625702742;0.18514764017346316];0.776885143248109;0.25
1037;0.9988860218677222;0.8166940756687889;6;0.4130619747183346;[0.9125721574399739;0.7303802112410407;1.0851998862954706;0.9030079400965372];0.7900807617876491;0.25
4946;0.992926716018186;0.4300618335876424;6;0.5561978780011789;[0.9060813056230388;0.3432164231924952;1.0797721264133333;0.5169072439827895];0.7671490813828203;0.25
7760;0.3810796816672194;0.06841635022356937;6;0.5087126973984989;[0.2930114575038209;-0.019651873939829104;0.4691479058306179;0.15648457438696783];0.7718204913786477;0.25
5389;0.7935452464137748;0.32773339484676495;6;0.3630811203383283;[0.7070823269288407;0.24127047536183077;0.8800081658987089;0.4141963143316991];0.7650913289534241;0.25
161;0.8195151548006577;0.65374377655687;6;0.3594413113303276;[0.7313750399667952;0.5656036617230075;0.9076552696345203;0.7418838913907325];0.7824511351487305;0.25
7935;0.9994351029188239;0.16061303002045332;6;0.49835982044874433;[0.913832585924786;0.07501051302641548;1.0850376199128617;0.24621554701449117];0.7698161369985955;0.25
304;0.8495788014646919;0.9641644660615741;6;0.5564683311026167;[0.7564680176449585;0.8710536822418408;0.9426895852844253;1.0572752498813076];0.7774572167803034;0.25
1604;0.9966966456724272;0.7237323013433484;6;0.5067954627448871;[0.9058735774106429;0.6329092330815641;1.0875197139342114;0.8145553696051328];0.7779973457791245;0.25
9440;0.9117701575239758;0.7889769836066941;6;0.4586650805561073;[0.8242000064620951;0.7014068325448135;0.9993403085858565;0.8765471346685747];0.775314633219162;0.25
6002;0.278420669489717;0.22169318162654378;6;0.4859469912166013;[0.18716681604522883;0.1304393281820556;0.36967452293420516;0.31294703507103194];0.7730665172773636;0.25
3573;0.36174318389033955;0.0319969802303145;6;0.5213480024609113;[0.27646678601958125;-0.05327941764044382;0.44701958176109785;0.11727337810107281];0.7763588945682915;0.25
3958;0.8307776285243579;0.07971793758300122;6;0.5449299986616751;[0.7422256616269256;-0.00883402931443103;0.9193295954217902;0.16826990448043347];0.7742292980348813;0.25
1487;0.15168368904107166;0.8371147020607257;6;0.44396209341683657;[0.06542541315451447;0.7508564261741685;0.23794196492762884;0.9233729779472829];0.7789203767756848;0.25
8688;0.6390762919901202;0.5502589699814259;6;0.28386809143284886;[0.551155022911551;0.46233770090285675;0.7269975610686893;0.638180239059995];0.7765031318051211;0.25
2879;0.49749877538298665;0.41374976325313756;6;0.5488773949712759;[0.4134540537385789;0.3297050416087298;0.5815434970273944;0.4977944848975453];0.783451121021181;0.25
7534;0.49212817132561176;0.9490953018646098;7;0.32911511768813007;[0.40295528339036546;0.8599224139293635;0.5813010592608581;1.038268189799856];0.7778710057770168;0.25
9860;0.984665086587373;0.10805522339754225;6;0.5032706950427651;[0.8990517114061349;0.022441848216304183;1.070278461768611;0.19366859857878033];0.7789061323898061;0.25
7657;0.9353870395654204;0.1335571286194196;6;0.4884051135156498;[0.8475252275523496;0.045695316606348804;1.0232488515784912;0.2214189406324904];0.7753559480075148;0.25
5567;0.7506317295172835;0.758321310018458;5;0.4731047654368772;[0.6612909801808861;0.6689805606820606;0.839972478853681;0.8476620593548555];0.7767741052853173;0.25
8773;0.7914178092800246;0.31735644746132263;6;0.5164689048657018;[0.7034286530827856;0.22936729126408364;0.8794069654772636;0.40534560365856165];0.769603751410471;0.25
6623;0.44173791476049046;0.500427812161713;6;0.561107960529191;[0.35483836414023134;0.41352826154145383;0.5286374653807495;0.5873273627819721];0.7757102213671497;0.25
9142;0.8400326127523023;0.11905988773586432;6;0.4507755906026656;[0.7537419006273498;0.03276917561091178;0.9263233248772549;0.20535059986081686];0.7722625589073593;0.25
4704;0.28806881527805794;0.50678008575757;5;0.4654196428811104;[0.19746144919278005;0.4161727196722922;0.3786761813633358;0.5973874518428479];0.7752766670541682;0.25
9338;0.9764261715002652;0.4527377470931052;6;0.4933010050496067;[0.8920693495190616;0.36838092511190157;1.0607829934814688;0.5370945690743089];0.7796503149654967;0.25
7165;0.3682090664891551;0.2094138331768065;6;0.62391254063026;[0.2819403409476172;0.12314510763526867;0.45447779203069294;0.29568255871834437];0.7733890591464826;0.25
9620;0.7312827144557397;0.8493186600138473;6;0.37218266795807486;[0.6406918584168064;0.758727803974914;0.8218735704946729;0.9399095160527805];0.7724454587041014;0.25
7706;0.6695713472983653;0.010546155968303883;6;0.3582865559135719;[0.5807409464495608;-0.07828424488050072;0.7584017481471699;0.09937655681710848];0.7770835384417745;0.25
1273;0.685524434800655;0.33771100017109495;6;0.5299483245397334;[0.5995981108262048;0.25178467619664485;0.771450758775105;0.42363732414554506];0.7703004870992962;0.25
6267;0.46766484992558166;0.28132866486742386;6;0.4672857506152539;[0.3805998051449385;0.19426362008678072;0.5547298947062248;0.368393709648067];0.7740371297966944;0.25
821;0.7794637621667093;0.5983261097163414;6;0.42058151577246616;[0.6908323263504919;0.509694673900124;0.8680951979829268;0.6869575455325587];0.7786551886978693;0.25
5325;0.5995295603771578;0.7379922781353951;6;0.44535237150607554;[0.5125975690833394;0.6510602868415768;0.6864615516709761;0.8249242694292135];0.7703232520722597;0.25
5827;0.32579977661641557;0.8623722705917407;6;0.47639336261554366;[0.23636754986118688;0.772940043836512;0.41523200337164423;0.9518044973469694];0.7767134305013522;0.25
6835;0.9377156097975243;0.17393561446583236;6;0.4740981759492151;[0.8513940833567962;0.08761408802510423;1.0240371362382525;0.2602571409065605];0.765829787539179;0.25
6562;0.30229723272805886;0.24434709991443065;6;0.464104828675077;[0.21156760373897826;0.15361747092535005;0.39302686171713946;0.33507672890351126];0.7694059376109138;0.25
1604;0.8114965944904455;0.4113792906812056;6;0.5067954627448871;[0.7257897540990066;0.32567245028976666;0.8972034348818845;0.49708613107264454];0.7779973457791245;0.25
3937;0.7948548168117868;0.6234215558499138;6;0.3944652743672832;[0.7114481615459574;0.5400149005840843;0.8782614720776163;0.7068282111157432];0.7684189458685909;0.25
8264;0.9533533138029096;0.10961859343295655;6;0.6066542329172984;[0.8666326573508983;0.022897936980945346;1.0400739702549207;0.19633924988496776];0.7756332782648713;0.25
5696;0.8235588352832043;0.25959925591860145;5;0.5815909247790163;[0.7354129092866037;0.1714533299220009;0.9117047612798048;0.347745181915202];0.7811181700341977;0.25
9742;0.5540790879369064;0.1954096753349688;6;0.5509648759427984;[0.4632071211639545;0.10453770856201693;0.6449510547098583;0.2862816421079207];0.7747193928074524;0.25
7046;0.8213143950775305;0.13251850074678417;6;0.4784155333267741;[0.731697279414177;0.04290138508343064;0.910931510740884;0.2221356164101377];0.7852181034032618;0.25
156;0.9576719254449491;0.31775882734571426;6;0.5186407972657076;[0.8695496334936622;0.22963653539442747;1.0457942173962358;0.40588111929700105];0.7761684203562023;0.25
5590;0.7828592064575168;0.7630897873053522;6;0.4287427120738343;[0.6942460564403794;0.6744766372882147;0.8714723564746543;0.8517029373224896];0.7795075260181319;0.25
9524;0.7776246729797341;0.1267239124676714;6;0.5725328716187261;[0.6886543307964855;0.037753570284422805;0.8665950151629828;0.21569425465092];0.7795723609683622;0.25
7042;0.8663168267118871;0.5903308564312117;6;0.2174287098112389;[0.7799042370351882;0.5039182667545128;0.9527294163885861;0.6767434461079107];0.780790089931026;0.25
3784;0.710884343982064;0.5183191010661035;6;0.36301327686997154;[0.6237125613482981;0.4311473184323375;0.7980561266158299;0.6054908836998694];0.7701509682080054;0.25
3029;0.008958285797190713;0.5630836355264257;6;0.6559200267022974;[-0.07600165198464917;0.47812369774458585;0.0939182235790306;0.6480435733082656];0.7758866315951338;0.25
659;0.5380892641459101;0.30325742620852075;6;0.3604846016957127;[0.45379857626635833;0.21896673832896899;0.6223799520254618;0.38754811408807255];0.7850245227244345;0.25
8368;0.8189804374885439;0.04537524836340062;6;0.5326221809859644;[0.733177005439932;-0.040428183685211255;0.9047838695371557;0.1311786804120125];0.7662465426775831;0.25
9928;0.9957938724089548;0.31656235381163306;5;0.45274886601008735;[0.9108267290419568;0.2315952104446351;1.0807610157759528;0.401529497178631];0.7732217619129432;0.25
5106;0.36078012894607114;0.9557606290774199;6;0.5958231279543447;[0.27617352892529334;0.8711540290566421;0.44538672896684894;1.0403672290981978];0.7748427157105852;0.25
2121;0.5100736207176243;0.8305518056175903;6;0.6228586465060195;[0.4245078538961921;0.7449860387961581;0.5956393875390565;0.9161175724390226];0.7737371328136423;0.25
4757;0.943052025779462;0.32616742122634007;7;0.35190390321908216;[0.8564688785147578;0.23958427396163584;1.0296351730441662;0.4127505684910443];0.774255843512219;0.25
136;0.8871146710557157;0.6302084938462664;6;0.5052467908628355;[0.8020443880938993;0.54513821088445;0.9721849540175321;0.7152787768080828];0.78060237945288;0.25
4856;0.35026094608261193;0.286357716034478;6;0.4744822417494034;[0.2620780263844776;0.19817479633634366;0.4384438657807463;0.37454063573261237];0.7810084103317657;0.25
113;0.10242712014644628;0.46588978918473356;6;0.497324299899705;[0.015099611576644564;0.37856228061493186;0.18975462871624799;0.5532172977545353];0.777240855993337;0.25
7223;0.05287619868435944;0.15175421444236695;6;0.5651495093798;[-0.036570148204470965;0.06230786755353654;0.14232254557318985;0.24120056133119736];0.7710753941729873;0.25
2726;0.8722783000929415;0.7668386449141933;6;0.4704035121949796;[0.7832084715063851;0.6777688163276369;0.9613481286794979;0.8559084735007497];0.7774521163834351;0.25
5167;0.6412179105252049;0.31065262974867197;6;0.39696107840384953;[0.5521616259535298;0.22159634517699678;0.7302741950968801;0.39970891432034716];0.7802519674907943;0.25
471;0.9468024844667084;0.22096217187418338;6;0.3763259488629644;[0.8584638924350503;0.13262357984252524;1.0351410764983666;0.3093007639058415];0.7733934690389512;0.25
8266;0.843350618472232;0.7181642931066972;6;0.5670566855661536;[0.7600741294710481;0.6348878041055133;0.9266271074734159;0.8014407821078811];0.7800534185398282;0.25
9024;0.44646806287779434;0.6547213672514639;6;0.4768830480169681;[0.35838793209497577;0.5666412364686454;0.5345481936606129;0.7428014980342824];0.7693761307914302;0.25
6379;0.3618418649394056;0.7397005014609934;6;0.4568374757286916;[0.2699229580284059;0.6477815945499936;0.45376077185040536;0.8316194083719932];0.770637231679499;0.25
2868;0.9292535440226355;0.41851290122078977;6;0.4339572882582406;[0.8414859348597805;0.3307452920579348;1.0170211531854905;0.5062805103836447];0.7790524576852476;0.25
8284;0.5275043412778128;7.307030507827106E-4;6;0.5787165571459709;[0.4362406339070892;-0.09053300431994082;0.6187680486485363;0.09199441042150625];0.7717342680421676;0.25
3984;0.41481052695675175;0.17647246027181265;6;0.5841779047876252;[0.3265349846164862;0.0881969179315471;0.5030860692970173;0.2647480026120782];0.7747376796997707;0.25
656;0.9714521589351827;0.32163877322579776;6;0.4834970146366055;[0.887573220989527;0.23775983528014205;1.0553310968808383;0.40551771117145347];0.7831903979036436;0.25
6429;0.7761577432430599;0.18964310868335849;6;0.3989354664282838;[0.6867653264731206;0.10025069191341918;0.8655501600129991;0.2790355254532978];0.7705454495205261;0.25
8774;0.9245626622127294;0.465600462130901;6;0.5003121817201999;[0.8366988004728348;0.3777366003910064;1.012426523952624;0.5534643238707956];0.774498824622524;0.25
6270;0.36496569340423485;0.06852082108086943;6;0.4987291628838374;[0.2796577346733973;-0.01678713764996817;0.4502736521350724;0.15382877981170703];0.780170948444856;0.25
3425;0.5935892409901429;0.2785316016400651;6;0.5091821344680498;[0.5075589487634942;0.19250130941341637;0.6796195332167916;0.3645618938667138];0.7767353049763716;0.25
5503;0.7767904654646669;0.4083360516515805;6;0.4082376398240799;[0.6919069854806634;0.32345257166757707;0.8616739454486704;0.4932195316355839];0.7753969454329682;0.25
2512;0.4812107044028752;0.7756538092357722;6;0.5574046741593214;[0.3929429747693173;0.6873860796022142;0.5694784340364332;0.8639215388693302];0.7684657249892038;0.25
6026;0.50672446807183;0.5543884022459205;7;0.35374493586390476;[0.41595052944633387;0.4636144636204243;0.5974984066973261;0.6451623408714166];0.7634769551006844;0.25
928;0.32870759362649016;0.6553654170685663;6;0.569165953961697;[0.23949362988890616;0.5661514533309823;0.41792155736407416;0.7445793808061504];0.7685975388784495;0.25
7699;0.03120404665848356;0.8268211522631536;7;0.43079877905279096;[-0.055578102452137707;0.7400390031525323;0.11798619576910482;0.9136033013737748];0.7701188722122683;0.25
2992;0.3419950899826163;0.6206732115136192;6;0.511505275250018;[0.2504345808338907;0.5291127023648936;0.4335555991313419;0.7122337206623448];0.7790894253745919;0.25
185;0.8232107156240053;0.6090593849120345;6;0.46811676130399815;[0.7393905042714063;0.5252391735594355;0.9070309269766043;0.6928795962646335];0.7754112402587449;0.25
2745;0.8898227557227248;0.97481712328224;6;0.3618860257988101;[0.803156588410797;0.8881509559703121;0.9764889230346527;1.0614832905941678];0.7711755520623449;0.25
106;0.278168988164333;0.7701349681105397;6;0.3579345350250823;[0.18992891322021443;0.6818948931664212;0.36640906310845156;0.8583750430546583];0.7743707261023408;0.25
7523;0.5544794693354971;0.8329277768468009;6;0.2705312224562281;[0.467154012272625;0.7456023197839288;0.6418049263983692;0.920253233909673];0.7787158923187029;0.25
1985;0.47318625031405903;0.25509259336251644;6;0.5161090397742523;[0.38533449447707235;0.16724083752552973;0.5610380061510457;0.3429443491995031];0.7763794300164736;0.25
6685;0.2638000601672012;0.8206392970342383;6;0.551007352284994;[0.1759595406742882;0.7327987775413254;0.3516405796601142;0.9084798165271513];0.7727218286592988;0.25
2160;0.8449663905264481;0.5802448485711493;6;0.5147228125690746;[0.7564017253948019;0.49168018343950315;0.9335310556580942;0.6688095137027955];0.7705248285276723;0.25
5129;0.7885248455752006;0.7657248380612517;6;0.3048365873796436;[0.7020007986860248;0.6792007911720759;0.8750488924643764;0.8522488849504275];0.7721887584458598;0.25
807;0.45209332599228513;0.7363033169797475;6;0.561394045180159;[0.366525867331523;0.6507358583189853;0.5376607846530472;0.8218707756405097];0.7829052369993492;0.25
8054;0.34702778745482793;0.9062056912074425;6;0.33286829334176454;[0.26034289829436774;0.8195208020469824;0.4337126766152881;0.9928905803679027];0.7659628305313668;0.25
9993;0.25943973246373264;0.8869295220242743;6;0.5101500922052129;[0.16746498095501652;0.7949547705155582;0.3514144839724488;0.9789042735329905];0.7727806428304909;0.25
4484;0.08227847016208645;0.8805398141722689;6;0.41410101528696697;[-0.005761081592347658;0.7925002624178348;0.17031802191652057;0.968579365926703];0.7801644661111946;0.25
4246;0.5238987822922461;0.5037956468442303;6;0.3921336658540061;[0.4302065185822391;0.4101033831342233;0.6175910460022531;0.5974879105542372];0.7726280175339021;0.25
7301;0.7094039007402881;0.9693352144886336;6;0.5053328309980134;[0.6225828317223304;0.8825141454706759;0.7962249697582459;1.0561562835065914];0.7854523201724986;0.25
3840;0.3472083232003269;0.6883659413973935;6;0.5163742950834466;[0.2610099935849056;0.6021676117819722;0.4334066528157482;0.7745642710128148];0.7700918049211158;0.25
8796;0.8545156734264405;0.3881523165214935;6;0.5787061796647521;[0.7686241172754861;0.30226076037053906;0.940407229577395;0.47404387267244796];0.7706157977350864;0.25
3809;0.7731925298967741;0.3332999453039527;6;0.48523600253656674;[0.6874423417114389;0.24754975711861746;0.8589427180821093;0.4190501334892879];0.7736051076566667;0.25
9958;0.8312952397662413;0.5351650285877323;5;0.5031129123693096;[0.7456131160498503;0.44948290487134124;0.9169773634826324;0.6208471523041234];0.7789663351043393;0.25
2095;0.06676176616748078;0.5565272538829823;6;0.310321235446289;[-0.018633360271267288;0.4711321274442342;0.15215689260622883;0.6419223803217303];0.770364590654026;0.25
5234;0.5365226584954024;0.888998105327997;6;0.627545980367356;[0.45189328083281266;0.8043687276654072;0.6211520361579921;0.9736274829905867];0.7715979807934134;0.25
3147;0.08061617551836817;0.6478732534128337;6;0.350793002653629;[-0.007462546821553687;0.5597945310729119;0.16869489785829;0.7359519757527556];0.7658303249459089;0.25
7882;0.10282963849628568;0.28558090786952506;6;0.428749713980985;[0.016894236579730507;0.19964550595296987;0.18876504041284087;0.37151630978608025];0.7751906946401369;0.25
460;0.9250068475883784;0.4980660407387063;6;0.2742667255560591;[0.8323222714659178;0.40538146461624563;1.017691423710839;0.5907506168611669];0.7790686841716811;0.25
6280;0.11920514012381786;0.9665975169578473;6;0.32623019339676707;[0.0310557038752632;0.8784480807092927;0.20735457637237253;1.054746953206402];0.7855209346963615;0.25
3148;0.17031085352806488;0.49034604094306716;6;0.42984293430922393;[0.08307828784302267;0.40311347525802493;0.2575434192131071;0.5775786066281093];0.7770209243453685;0.25
1016;0.8229007533473952;0.836678878592137;6;0.309927839963952;[0.7327778204361777;0.7465559456809194;0.9130236862586127;0.9268018115033545];0.7778939292432648;0.25
2264;0.20261478234274494;0.7314529397908835;6;0.3697105670309696;[0.11556350864387757;0.6444016660920162;0.28966605604161233;0.8185042134897509];0.7759305557713746;0.25
9972;0.33185201093966643;0.3392869581781713;6;0.46419600314862475;[0.24461355253274059;0.25204849977124544;0.4190904693465923;0.42652541658509713];0.7782362139220336;0.25
7021;0.24114026078688655;0.8702379245270447;6;0.3944869887503221;[0.15572956745806746;0.7848272311982256;0.32655095411570567;0.9556486178558639];0.7703445425785317;0.25
3778;0.21263022383674018;0.8950834614083826;6;0.410472867607778;[0.12596883266525866;0.808422070236901;0.2992916150082217;0.9817448525798641];0.7799439983679965;0.25
3647;0.5723636018983868;0.8435756044348446;6;0.45009915899499126;[0.47853385604293386;0.7497458585793917;0.6661933477538396;0.9374053502902975];0.7795448428562065;0.25
552;0.8021695269779276;0.8194090529680915;6;0.4321139259787968;[0.7134393980713298;0.7306789240614937;0.8908996558845255;0.9081391818746893];0.770665492942384;0.25
750;0.5151292577972717;0.5689665295932196;6;0.4797686515588316;[0.42703057178765075;0.48086784358359863;0.6032279438068926;0.6570652156028405];0.7806379603584321;0.25
950;0.3220840757578117;0.2245909642973386;5;0.3678244477890046;[0.2331794427219689;0.13568633126149576;0.41098870879365457;0.31349559733318144];0.7847843200967531;0.25
7907;0.004277039555439843;0.4628266298264536;6;0.29424818415053355;[-0.08727727081859776;0.371272319452416;0.09583134992947745;0.5543809402004912];0.7779449084109001;0.25
4015;0.21781123410061742;0.39866471494400085;6;0.5263960257890513;[0.12939229175373418;0.3102457725971176;0.30623017644750067;0.4870836572908841];0.7751837035227931;0.25
1104;0.05404522194311254;0.6811780578545499;6;0.48769403027193126;[-0.031837410479092096;0.5952954254323453;0.13992785436531718;0.7670606902767545];0.7710079864464595;0.25
2012;0.17657688386816023;0.5172081566379466;6;0.37924657132369066;[0.08949717943548462;0.430128452205271;0.2636565883008358;0.6042878610706223];0.7698683153728173;0.25
5927;0.04472889598175625;0.9488451754682293;6;0.477294346588493;[-0.04809004344271614;0.8560262360437569;0.13754783540622864;1.0416641148927017];0.7720490198074498;0.25
3720;0.25071730850349405;0.42556781280283396;6;0.5388979066144303;[0.16026294547993064;0.33511344977927054;0.34117167152705746;0.5160221758263974];0.7676536957166168;0.25
9068;0.3752003140603511;0.650492680381656;6;0.5584541387707086;[0.292495687106494;0.5677880534277989;0.4579049410142082;0.733197307335513];0.7756932623821999;0.25
6043;0.8204140086880025;0.9690591998012306;5;0.43644169018719275;[0.7282377339149326;0.8768829250281607;0.9125902834610724;1.0612354745743005];0.7687385654271669;0.25
8794;0.8183608197270559;0.7005142968622828;6;0.37546559183945405;[0.7303018132761003;0.6124552904113273;0.9064198261780114;0.7885733033132384];0.7767648705684183;0.25
5919;0.4602491946881144;0.5270590620831683;6;0.5403195722949627;[0.3731741994475093;0.4399840668425632;0.5473241899287196;0.6141340573237735];0.7776827183546179;0.25
2722;0.3297701460259262;0.9687357146056715;6;0.6312283784366939;[0.24214659281838802;0.8811121613981334;0.41739369923346437;1.0563592678132097];0.7788975380190086;0.25
6873;0.49360102296371366;0.5853735273537279;6;0.4913937595617595;[0.40662409663538335;0.4983966010253976;0.580577949292044;0.6723504536820583];0.7838269889012831;0.25
4808;0.6448016253305846;0.832634088426112;6;0.45887347570501;[0.5578163108343162;0.7456487739298435;0.7317869398268531;0.9196194029223804];0.7733515849904636;0.25
9372;0.7416058498747783;0.8959389163360555;6;0.44387702111251315;[0.6555311041426995;0.8098641706039768;0.827680595606857;0.9820136620681342];0.7710239645596308;0.25
2183;0.4829836684940403;0.9515835230416627;6;0.5022423430687821;[0.39500088689533835;0.8636007414429607;0.5709664500927423;1.0395663046403647];0.773316100463765;0.25
9708;0.4411329070041373;0.17209135709154977;6;0.5685240967626317;[0.3522401957174288;0.08319864580484129;0.5300256182908458;0.26098406837825827];0.7718572299509788;0.25
1360;0.25612707769862125;0.792712713371971;6;0.4433695180542237;[0.16652505994962963;0.7031106956229793;0.3457290954476129;0.8823147311209627];0.776743674049288;0.25
8955;0.5214146817617719;0.23733102936573514;6;0.5680416408109018;[0.43320993455834456;0.14912628216230783;0.6096194289651992;0.32553577656916244];0.7792188365273566;0.25
5596;0.011143826791088829;0.39601595673853973;6;0.5615862970186183;[-0.07327279754985111;0.3115993323975998;0.09556045113202877;0.48043258107947967];0.7664094582309833;0.25
8996;0.08235060895912641;0.34269252345023327;6;0.5805468502823763;[-0.010269820375367028;0.25007209411573983;0.17497103829361985;0.4353129527847267];0.7719713096784037;0.25
955;0.5738726902048161;0.3594489884411518;6;0.43806550352675533;[0.48586179436187676;0.27143809259821244;0.6618835860477554;0.44745988428409117];0.775919254164307;0.25
1557;0.14879875067824308;0.2376037638971925;6;0.4203070368713619;[0.0661555216591148;0.15496053487806422;0.23144197969737135;0.3202469929163208];0.773550525381565;0.25
5246;0.1636238349317764;0.987019024510661;6;0.6498229177020572;[0.07942571318483048;0.9028209027637151;0.2478219566787223;1.071217146257607];0.781386223091506;0.25
3188;0.39005808813822446;0.8853781468147088;6;0.5471268390659091;[0.30211141190071433;0.7974314705771988;0.4780047643757346;0.9733248230522189];0.7694554933361234;0.25
5580;0.45053661018969215;0.3216485586153076;6;0.5032155458592584;[0.36294549831403256;0.23405744673964798;0.5381277220653518;0.4092396704909672];0.7840935753976299;0.25
539;0.31274584996705035;0.5889010845598762;6;0.5237638182100036;[0.22165174483764286;0.4978069794304687;0.40383995509645787;0.6799951896892837];0.7748107136111495;0.25
3925;0.08243973770237609;0.7323936050145718;6;0.4277619710318312;[-0.003476587215452187;0.6464772800967435;0.16835606262020436;0.8183099299324001];0.773591223236322;0.25
8239;0.3404299992364679;0.6389420727969811;6;0.3853386888631599;[0.25150160512794084;0.5500136786884541;0.4293583933449949;0.7278704669055082];0.7770054348886141;0.25
4988;0.4524131027714331;0.511382887803808;6;0.3931167565733968;[0.3666058296568761;0.42557561468925104;0.5382203758859901;0.5971901609183651];0.774579563857948;0.25
3417;0.6833863211739415;0.8988393814757272;6;0.49879263195060786;[0.596436218311279;0.8118892786130647;0.770336424036604;0.9857894843383896];0.7741403961921897;0.25
7867;0.07539397990257146;0.26962952975644583;6;0.4218109286816024;[-0.012009863593513678;0.18222568626036068;0.16279782339865662;0.357033373252531];0.7831858438784229;0.25
299;0.6463499204514942;0.9878502457943132;6;0.48873776256226986;[0.5598702882954476;0.9013706136382666;0.7328295526075408;1.0743298779503598];0.7802164989959619;0.25
6508;0.18660468618179005;0.7767709014850153;7;0.5495515576088273;[0.0995167391197032;0.6896829544229284;0.2736926332438769;0.8638588485471022];0.766322610320631;0.25
2018;0.4496408895310392;0.5450171016916667;7;0.502885778020842;[0.3619558460421293;0.45733205820275685;0.5373259330199491;0.6327021451805765];0.7718101919422029;0.25
6761;0.8037684830569478;0.9153489535845234;6;0.3479096438804723;[0.7148923953669843;0.8264728658945599;0.8926445707469113;1.0042250412744869];0.7798466012106519;0.25
3187;0.5599939022192815;0.7840537112339576;6;0.4624228163522738;[0.47365723723135633;0.6977170462460325;0.6463305672072066;0.8703903762218828];0.7732362775506161;0.25
1127;0.26394650636545813;0.6538846657819258;6;0.45145576162759954;[0.17522684270535877;0.5651650021218264;0.3526661700255575;0.7426043294420253];0.7777037540448491;0.25
2348;0.1832945932747696;0.3745550993091214;6;0.3986163083267925;[0.09549860748014123;0.286759113514493;0.271090579069398;0.4623510851037498];0.7728637701626614;0.25
139;0.049322455768164575;0.33227331892814826;6;0.4932349820263803;[-0.037414840621005904;0.24553602253897777;0.13605975215733507;0.41901061531731876];0.7774238931465934;0.25
6229;0.2204394951035919;0.9549418102500288;6;0.5934606664404833;[0.13240467986078233;0.8669069950072192;0.3084743103464015;1.0429766254928383];0.773600642706722;0.25
1512;0.4147589494573085;0.9866676744494964;5;0.5285687410602744;[0.3204564818886258;0.8923652068808138;0.5090614170259912;1.0809701420181792];0.7750551803485285;0.25
4914;0.1668111175522219;0.15224636173324235;6;0.4193596883274394;[0.07840668508061355;0.06384192926163401;0.25521555002383023;0.2406507942048507];0.7881497087814846;0.25
1576;0.8094105337668122;0.6115625907613373;6;0.37145723184147794;[0.7207341679257699;0.5228862249202951;0.8980868996078544;0.7002389566023796];0.7674838953989522;0.25
7290;0.33977991878403974;0.846712858448475;6;0.6022943954203709;[0.25107104553967874;0.758003985204114;0.42848879202840073;0.9354217316928359];0.7745898791418614;0.25
4715;0.5934451124462647;0.9875331222146423;6;0.4363089206091231;[0.5098368389679141;0.9039248487362916;0.6770533859246154;1.071141395692993];0.7808311119653428;0.25
7755;0.37305809216053554;0.7775186548083215;6;0.5215832336911432;[0.28337843445524524;0.6878389971030312;0.46273774986582583;0.8671983125136118];0.776673180332268;0.25
9854;0.8905137641700369;0.9428180457675938;6;0.32382174982666767;[0.8015899369849911;0.853894218582548;0.9794375913550827;1.0317418729526395];0.7657021094683805;0.25
9389;0.47311936283346945;0.9635475216410286;6;0.6646426074245224;[0.38991648072771035;0.8803446395352695;0.5563222449392285;1.0467504037467876];0.7778165256290986;0.25
2779;0.2665980930861609;0.7510838507557459;6;0.335520468588961;[0.18036836605877699;0.6648541237283621;0.3528278201135448;0.8373135777831298];0.7747651932439731;0.25
7934;0.04838223779515985;0.9048378089359684;6;0.4239180316994106;[-0.03750730232072361;0.818948268820085;0.1342717779110433;0.9907273490518519];0.7806297425137334;0.25
4559;0.5605079194620806;0.4794309383682607;6;0.4580689478171993;[0.4751743097622575;0.3940973286684376;0.6458415291619036;0.5647645480680837];0.7646872124658293;0.25
2397;0.1537738763178916;0.43466080696343484;6;0.6560180230514614;[0.06495514294863931;0.34584207359418256;0.2425926096871439;0.5234795403326872];0.7820694282337285;0.25
1748;0.8819705091894349;0.9848414982135247;6;0.46167774254603794;[0.7933081300576983;0.8961791190817882;0.9706328883211714;1.0735038773452612];0.7744985631175941;0.25
8957;0.008786331673708736;0.5599603269158142;7;0.45486205373408983;[-0.08075434003583946;0.470419655206266;0.09832700338325694;0.6495009986253624];0.7704587060632667;0.25
5713;0.4205065788144814;0.12740372897794505;6;0.5313934082009975;[0.33864621981367465;0.0455433699771383;0.5023669378152882;0.2092640879787518];0.7818743863129289;0.25
301;0.5022997493369884;0.3789678143614024;6;0.3779214626042453;[0.41469442621044195;0.2913624912348559;0.5899050724635349;0.46657313748794893];0.7643719012069454;0.25
2687;0.6592431668377183;0.7412238993404667;6;0.5137833792843308;[0.5749574382286998;0.6569381707314482;0.7435288954467368;0.8255096279494852];0.7826648618203529;0.25
2843;0.7688202565357927;0.1456278169564763;6;0.47540326378793407;[0.6795635190181797;0.05637107943886337;0.8580769940534057;0.23488455447408924];0.7708537340948753;0.25
141;0.3043315590449861;0.5081233959771836;6;0.39766388483366966;[0.21626188197783186;0.42005371891002935;0.39240123611214034;0.5961930730443379];0.7724139547449257;0.25
333;0.14989565464461357;0.7379466953234414;6;0.5136312311574308;[0.0676982772980523;0.6557493179768801;0.23209303199117484;0.8201440726700027];0.7774916586458154;0.25
7399;0.07914467441078873;0.9613978330143435;6;0.6785445066843652;[-0.007794596538156576;0.8744585620653982;0.16608394535973403;1.0483371039632887];0.7702293827370441;0.25
1775;0.915448034303435;0.8042695987034636;6;0.2525572048093911;[0.8244784804804779;0.7133000448805065;1.0064175881263921;0.8952391525264207];0.7703142972737262;0.25
6567;0.055691982915762994;0.6643849892305133;6;0.42269449855719204;[-0.03138023405028116;0.5773127722644691;0.14276419988180716;0.7514572061965574];0.768332894254318;0.25
4404;0.48569101873494214;0.6249864560039528;6;0.5415696379217886;[0.3949674039702149;0.5342628412392255;0.5764146334996694;0.71571007076868];0.7706269091146583;0.25
6039;0.5227636871913173;0.8865884476047879;6;0.5481087258674697;[0.43741517904749616;0.8012399394609668;0.6081121953351384;0.971936955748609];0.7808019113707687;0.25
4451;0.3770038401446246;0.7187089525371834;6;0.5520311406030253;[0.29279245662226067;0.6344975690148194;0.4612152236669886;0.8029203360595474];0.7797963761708093;0.25
8780;0.33611851485482064;0.38143293195227956;6;0.4198261948041353;[0.2504918747686333;0.29580629186609225;0.42174515494100795;0.4670595720384669];0.767383775023024;0.25
2793;0.32255427594122815;0.010808742741303057;6;0.5264560070911825;[0.23841284656830003;-0.07333268663162507;0.4066957053141563;0.09495017211423118];0.7712665855363654;0.25
26;0.4183971067689999;0.842501401338071;6;0.6901618136570771;[0.3310500795263783;0.7551543740954495;0.5057441340116214;0.9298484285806926];0.7797346208475342;0.25
9940;0.6432965843727096;0.9117541802796594;6;0.45224802678023257;[0.5517400344325445;0.8201976303394942;0.7348531343128748;1.0033107302198245];0.7668563866629011;0.25
169;0.07814242319985806;0.5102413571598905;6;0.41892988002745246;[-0.010948328147530384;0.4211506058125021;0.1672331745472465;0.5993321085072789];0.7790581856278496;0.25
4330;0.7151075621931349;0.6890874118869577;6;0.49698879322047074;[0.6228399890362885;0.5968198387301112;0.8073751353499813;0.7813549850438041];0.7743259261709001;0.25
1435;0.2858952601921234;0.66541537287563;6;0.4412789320136475;[0.19851909297500234;0.578039205658509;0.37327142740924446;0.7527915400927511];0.7774058666546945;0.25
2468;0.01443627380412027;0.4311446894225235;6;0.391985735198529;[-0.0750113187832231;0.3416970968351801;0.10388386639146364;0.5205922820098668];0.7701136776714718;0.25
7609;0.09505405194757857;0.8804501055246869;6;0.5005348509438012;[0.006751632200368479;0.7921476857774769;0.18335647169478866;0.968752525271897];0.7718283562240239;0.25
2752;0.3852063214268462;0.47014351424616635;6;0.4264120338329084;[0.29395532612519387;0.37889251894451403;0.4764573167284985;0.5613945095478187];0.7698876609011375;0.25
2775;0.6999648640822912;0.7685425355631033;7;0.3241360072665199;[0.6153002879174079;0.6838779593982198;0.7846294402471745;0.8532071117279867];0.7717441793310149;0.25
4137;0.6966692411545375;0.3838884885548903;6;0.479254707283571;[0.6093042233440014;0.29652347074435415;0.7840342589650737;0.4712535063654264];0.7760195838377884;0.25
1910;0.6407816397061903;0.5842115830056593;6;0.49372739130927845;[0.5547742807715854;0.49820422407105447;0.7267889986407952;0.6702189419402642];0.7729903976942797;0.25
7554;0.2988079866823695;0.28971935330873766;6;0.5854530064376244;[0.20822537313302958;0.19913673975939772;0.38939060023170946;0.3803019668580776];0.7832692296054679;0.25
2127;0.23101011882568792;0.4243737821162319;6;0.5665149600643574;[0.14553788495616693;0.3389015482467109;0.3164823526952089;0.5098460159857529];0.76688110204666;0.25
5008;0.5156754554864863;0.773184316607348;6;0.3388633682653128;[0.4225661101212344;0.6800749712420961;0.6087848008517381;0.8662936619725998];0.7726449318618415;0.25
8178;0.1826371140759906;0.2221304250048256;6;0.2788996844410513;[0.09688405789063584;0.13637736881947085;0.2683901702613454;0.3078834811901804];0.7728107922433907;0.25
3159;0.1453798407937194;0.24719896241863681;6;0.5003824857826592;[0.05638450627109218;0.15820362789600959;0.23437517531634663;0.336194296941264];0.772664444689196;0.25
6050;0.4406586110870192;0.915549304516895;6;0.4390411356007643;[0.3496075039937936;0.8244981974236694;0.5317097181802448;1.0066004116101206];0.7766898105732275;0.25
1223;0.19694653493046008;0.8276951771400788;6;0.46900758838162404;[0.11018230136312782;0.7409309435727465;0.2837107684977923;0.9144594107074111];0.7768272222436724;0.25
6154;0.16506269575500054;0.42644552514897416;6;0.5796126191787675;[0.07826973387831884;0.33965256327229243;0.2518556576316823;0.5132384870256559];0.7825579014445958;0.25
1469;0.644585003206579;0.3607955666722915;6;0.627697518819611;[0.5585932668257747;0.27480383029148725;0.7305767395873832;0.4467873030530958];0.7760264431799192;0.25
4387;0.7664068188613049;0.422478974501922;6;0.6715501585520837;[0.6757689621866069;0.33184111782722403;0.8570446755360029;0.51311683117662];0.7779878654180289;0.25
488;0.15271797526506328;0.055525622435881994;6;0.5839710991616045;[0.06667802163199207;-0.030514331197189215;0.2387579288981345;0.1415655760689532];0.7744538613490228;0.25
4485;0.5723008321635837;0.4520557069289111;6;0.5962325363285609;[0.481763527949589;0.36151840271491636;0.6628381363775785;0.5425930111429059];0.770295507519807;0.25
3095;0.479314010206431;0.3295618725604381;6;0.4412362250300248;[0.39183638929860565;0.24208425165261277;0.5667916311142563;0.41703949346826347];0.7727155317489296;0.25
5229;0.36774155083795035;0.7363278947689708;6;0.4305366408026392;[0.28146517720828207;0.6500515211393025;0.4540179244676186;0.822604268398639];0.7793258620323423;0.25
1647;0.7444707856420497;0.9213238548641207;6;0.5692919341634445;[0.6611216073078351;0.8379746765299061;0.8278199639762643;1.0046730331983353];0.7692045739014197;0.25
8963;0.6732589304682812;0.5867488610732621;6;0.4909448631043145;[0.5879714801836526;0.5014614107886335;0.7585463807529098;0.6720363113578907];0.7705514566869407;0.25
6892;0.4520681430938017;0.8793749105106412;6;0.4058942628827221;[0.36560321487339575;0.7929099822902352;0.5385330713142077;0.9658398387310472];0.7766291531071674;0.25
