4272;0.27937620254663675;0.6722526300122806;6;0.5094320621516539;[0.18868462866929103;0.5815610561349349;0.3700677764239825;0.7629442038896264];0.7711433105477359;0.25
787;0.2853427328685731;0.11742475915739449;6;0.6243538374781297;[0.1924886650094187;0.024570691298240077;0.3781968007277275;0.2102788270165489];0.7795500343510229;0.25
7726;0.6029457991778654;0.421311740887919;6;0.4577757449575099;[0.5162192997022927;0.33458524141234636;0.689672298653438;0.5080382403634917];0.7747562237317785;0.25
5091;0.3340337975720992;0.0750234288551502;6;0.6171850027066281;[0.25033766162265725;-0.008672707094291743;0.4177299335215412;0.15871956480459215];0.7862738139827443;0.25
7442;0.8438404840186845;0.8327708301128744;7;0.5585771188662002;[0.7617149395718485;0.7506452856660385;0.9259660284655205;0.9148963745597104];0.7697371732049232;0.25
1818;0.6137662182700547;0.5662269902815985;6;0.4207422896437435;[0.5236110101642178;0.4760717821757616;0.7039214263758916;0.6563821983874354];0.7744510694019817;0.25
6319;0.6504279003108013;0.30154509271440966;6;0.491363866466013;[0.5601502728275737;0.21126746523118203;0.740705527794029;0.3918227201976373];0.7684871009721529;0.25
4373;0.4912446797563208;0.6069940467047679;6;0.4343509856206016;[0.40316328162305815;0.5189126485715052;0.5793260778895835;0.6950754448380305];0.7716596192538118;0.25
8547;0.5899626566307992;0.0037983948857905347;6;0.5365630730129096;[0.5022458432423504;-0.08391841850265819;0.6776794700192479;0.09151520827423926];0.7815633191413978;0.25
1474;0.5658960432634954;0.7323454747529893;6;0.5289104263573542;[0.476965483871646;0.6434149153611398;0.6548266026553449;0.8212760341448387];0.7774491417275426;0.25
5343;0.2026255204448118;0.7475259251641081;6;0.6020065765037212;[0.11293359100994305;0.6578339957292394;0.29231744987968056;0.8372178545989768];0.7736477240211875;0.25
966;0.5438151502920581;0.5342716324960456;6;0.5733877419776483;[0.4538959279526166;0.4443524101566041;0.6337343726314996;0.6241908548354871];0.7729910997001879;0.25
5208;0.6946996109152035;0.35265717361833704;6;0.3497925956815623;[0.6074131069795852;0.26537066968271866;0.7819861148508218;0.4399436775539554];0.7737039669113371;0.25
2981;0.6141307110113932;0.26621957054125844;6;0.48618050270123947;[0.5209704415905124;0.17305930112037776;0.7072909804322739;0.3593798399621391];0.7825400784779011;0.25
119;0.6603342161508088;0.1484463724794796;6;0.6425756166806469;[0.5753811039317387;0.06349326026040948;0.7452873283698789;0.2333994846985497];0.7731614264554485;0.25
3003;0.5527636709739773;0.25193602078795857;6;0.6428765282757956;[0.46215070976132655;0.16132305957530782;0.643376632186628;0.34254898200060935];0.7771294250272166;0.25
7872;0.018043220895720635;0.5625851948717706;6;0.3598907259185359;[-0.07122695334172088;0.47331502063432906;0.10731339513316215;0.6518553691092122];0.7804317617719381;0.25
5808;0.2800876049876451;0.3820201953564319;7;0.5399934348648878;[0.1928675982269977;0.2948001885957845;0.3673076117482925;0.4692402021170793];0.7730905818566655;0.25
2144;0.4674501566057683;0.23759630354607944;6;0.562940630805255;[0.38150738779749743;0.15165353473780863;0.5533929254140391;0.32353907235435025];0.7765716784510797;0.25
2031;0.5560904873856796;0.3674876140238623;6;0.5117486855843557;[0.46561058880692635;0.2770077154451091;0.6465703859644327;0.45796751260261553];0.774724317781041;0.25
9810;0.3450353336186442;0.4463005557499976;6;0.4777921087654832;[0.258245195935096;0.3595104180664494;0.4318254713021924;0.5330906934335458];0.7810379419096752;0.25
7005;0.9586860557580845;0.5611766180095652;6;0.3974696636939669;[0.8671772767186356;0.46966783897011627;1.0501948347975334;0.6526853970490141];0.7769635004665124;0.25
3992;0.3779541465327432;0.5394380074156442;6;0.4222224227797231;[0.2906033651523629;0.4520872260352639;0.46530492791312345;0.6267887887960244];0.7795757481403693;0.25
5687;0.6184833932832541;0.384378688561281;6;0.2353080599992184;[0.5290397850188538;0.29493508029688076;0.7079270015476543;0.4738222968256812];0.7747320527155627;0.25
8326;0.576914442230948;0.009871184295052071;6;0.4435655654788882;[0.4850275755170004;-0.08201568241889556;0.6688013089448956;0.1017580510089997];0.7832334838035004;0.25
3679;0.05024725696904092;0.17746419314560122;6;0.49735556176782314;[-0.03769877397691393;0.08951816219964637;0.13819328791499577;0.26541022409155607];0.7670370231712772;0.25
1433;0.3001631507908625;0.30216674317046766;5;0.374566813966689;[0.2180338408671707;0.22003743324677588;0.38229246071455425;0.38429605309415943];0.7666560646372059;0.25
3732;0.49651098023468254;0.7384816492935297;7;0.42382836652700284;[0.41279785775167477;0.6547685268105219;0.5802241027176903;0.8221947717765374];0.7726791156913113;0.25
1481;0.33714646683214317;0.5253959449002904;6;0.46100981019706455;[0.2482105670072477;0.43646004507539493;0.42608236665703864;0.6143318447251859];0.7715905380418319;0.25
8854;0.4822327165247617;0.2861288775933102;6;0.52674612404015;[0.39618245380317424;0.20007861487172274;0.5682829792463491;0.3721791403148976];0.7752087202942595;0.25
9166;0.7418134527397322;0.6558829373055972;6;0.650609075001649;[0.6560743690468516;0.5701438536127166;0.8275525364326128;0.7416220209984778];0.7716977703643523;0.25
3583;0.24149805282537257;0.02639544402707364;6;0.36560384207216534;[0.14727030885943787;-0.06783229993886106;0.33572579679130726;0.12062318799300834];0.7746314015454403;0.25
137;0.7540628118514474;0.5762946975293697;6;0.5448768365044495;[0.665815830401547;0.4880477160794693;0.8423097933013478;0.6645416789792701];0.7868650837730309;0.25
7228;0.6263603472689869;0.08426523413713087;6;0.5229038152230646;[0.5418629741654281;-2.3213896642797216E-4;0.7108577203725458;0.1687626072406897];0.7769704316856254;0.25
4228;0.03454963540388689;0.8536495461872602;6;0.6815580869743986;[-0.050526609137129225;0.768573301646244;0.11962587994490301;0.9387257907282763];0.7782093194821014;0.25
1007;0.2513174584718659;0.47849483566505246;6;0.4688871274253193;[0.16229511701245297;0.38947249420563956;0.3403397999312788;0.5675171771244654];0.7733838801049502;0.25
3635;0.804712743058095;0.39159838867267205;6;0.5729190950458365;[0.7156066625866301;0.3024923082012071;0.89381882352956;0.480704469144137];0.77341164208855;0.25
5882;0.3568926857552855;0.3892819641380768;6;0.6828500521581946;[0.2711351822184319;0.30352446060122323;0.44265018929213906;0.4750394676749304];0.7688658591793994;0.25
3330;0.6214805716833058;0.5080260824101333;6;0.4959480036757096;[0.5359512101868453;0.4224967209136728;0.7070099331797663;0.5935554439065938];0.7759089139049724;0.25
7659;0.27024357946342464;0.7117311376739148;6;0.6118334963587936;[0.18370063829961825;0.6251881965101084;0.35678652062723104;0.7982740788377213];0.77203079786809;0.25
6046;0.11992200262752287;0.20294599759117274;6;0.6374399991223719;[0.033705060527905645;0.11672905549155552;0.2061389447271401;0.28916293969079];0.7759975781878029;0.25
8084;0.44537262027279445;0.3973452783704935;6;0.5455171768801065;[0.35732730982350003;0.30929996792119907;0.5334179307220889;0.4853905888197879];0.7709022199045825;0.25
4947;0.7705812299550101;0.28566098386965677;6;0.3451288460807119;[0.6815022662027201;0.19658202011736686;0.8596601937073001;0.3747399476219467];0.7682288470553581;0.25
302;0.7113860035085204;0.6120990357757106;6;0.39842519666783904;[0.6253444615646563;0.5260574938318464;0.7974275454523846;0.6981405777195747];0.7707785938856957;0.25
7362;0.03159806305236257;0.461051590517089;6;0.5161120109429244;[-0.05426945256209856;0.37518407490262784;0.1174655786668237;0.5469191061315501];0.7711069070553374;0.25
2684;0.6900385163544633;0.4585626173642229;6;0.5698955362337446;[0.6018584606867412;0.3703825616965008;0.7782185720221855;0.546742673031945];0.7696554463234131;0.25
7555;0.36452167486712383;0.5696949001046311;6;0.5121426536531449;[0.27739422161439276;0.4825674468519;0.4516491281198549;0.6568223533573622];0.7694808260694562;0.25
2363;0.16856292651523413;0.6383130330548816;7;0.4326601473559784;[0.07968291290617771;0.5494330194458252;0.2574429401242906;0.727193046663938];0.7751918766393204;0.25
2040;0.5396876217931833;0.7452184413897321;6;0.6014212376493504;[0.4496020524870843;0.6551328720836331;0.6297731910992823;0.8353040106958312];0.7733710961269225;0.25
9754;0.39653858349171456;0.2833350087541635;6;0.449045561300578;[0.3044521612878358;0.1912485865502848;0.4886250056955933;0.37542143095804226];0.7662147945531493;0.25
6763;0.491747099196717;0.10190384237595339;6;0.32380907169298945;[0.4078975396022101;0.018054282781446468;0.5755966587912239;0.1857534019704603];0.7713087232684579;0.25
3222;0.3184215173550996;0.8042309278779924;7;0.5586777332534895;[0.23451700401667755;0.7203264145395704;0.4023260306935217;0.8881354412164145];0.7769551877399928;0.25
5479;0.7326573794491039;0.33342745497068466;6;0.47136365127005153;[0.646074199302248;0.24684427482382867;0.8192405595959599;0.42001063511754066];0.7873114393997998;0.25
4855;0.5439893540584755;0.42496478523464676;6;0.44230914663278265;[0.4601463893519823;0.3411218205281536;0.6278323187649686;0.5088077499411399];0.7723720164398957;0.25
7645;0.015211754240966657;0.20925009892571314;6;0.3957641474396229;[-0.07699687536615335;0.11704146931859313;0.10742038384808666;0.3014587285328332];0.7743795097161374;0.25
2458;0.46820049028452876;0.6367531391253138;6;0.3218475288794338;[0.37942197398392846;0.5479746228247135;0.556979006585129;0.7255316554259141];0.7826362068782606;0.25
9296;0.32490225107305254;0.9991212389003222;6;0.5661602443318229;[0.23446943428633577;0.9086884221136055;0.4153350678597693;1.089554055687039];0.7804353982021546;0.25
6035;0.3580272397719401;0.5211346678338465;6;0.6161879698094068;[0.2672113144544591;0.43031874251636554;0.4488431650894211;0.6119505931513276];0.7731758123983424;0.25
8571;0.741889252430675;0.23541096249445834;6;0.48300713453744826;[0.6487888015148071;0.14231051157859045;0.834989703346543;0.3285114134103262];0.7772752624950364;0.25
2598;0.4110420265476477;0.19866106534675862;6;0.44908991446911045;[0.32750115322102225;0.11512019202013314;0.4945828998742732;0.2822019386733841];0.7781656497766272;0.25
6558;0.5333042352138336;0.33549548517416683;6;0.5379570383494594;[0.4466590526647827;0.24885030262511587;0.6199494177628846;0.4221406677232178];0.7744018763504681;0.25
4157;0.2790135446833769;0.7176112097546168;6;0.4405066063581703;[0.19564018230127456;0.6342378473725144;0.36238690706547927;0.8009845721367191];0.7739175068617605;0.25
1760;0.4491025305924452;0.6608832715272502;7;0.4653893382785859;[0.362690186119575;0.57447092705438;0.5355148750653154;0.7472956160001205];0.7699754418488923;0.25
1932;0.07712289604507455;0.662351455554786;5;0.5452466330107487;[-0.015160029401870431;0.5700685301078411;0.16940582149201955;0.754634381001731];0.7767097159827373;0.25
9476;0.5225984334600154;0.829475281418486;6;0.48212943113478035;[0.43608535720787794;0.7429622051663485;0.609111509712153;0.9159883576706236];0.7717278301950977;0.25
8122;0.5034222629515575;0.22715930370501655;6;0.5127709618870913;[0.4158858368830026;0.1396228776364617;0.5909586890201123;0.3146957297735714];0.7780300452535069;0.25
9547;0.7018977197597344;0.42253342383274606;6;0.42375659451359554;[0.6124557207701198;0.3330914248431315;0.7913397187493489;0.5119754228223606];0.7727953404696005;0.25
2386;0.2725495325211852;0.8682952494112186;6;0.574994546607232;[0.1825838298348792;0.7783295467249126;0.3625152352074912;0.9582609520975246];0.7725696779562411;0.25
11;0.2613039324628145;0.7549379446368902;6;0.6632726536649557;[0.1729412247295028;0.6665752369035786;0.34966664019612625;0.8433006523702019];0.775368697501549;0.25
6619;0.3485764025818999;0.5249844604821275;6;0.43235727693614145;[0.2605289239056498;0.4369369818058774;0.43662388125815005;0.6130319391583777];0.7683615310426609;0.25
974;0.2249088440749581;0.9456522827016846;6;0.392664204718186;[0.14308717780124086;0.8638306164279673;0.3067305103486753;1.0274739489754017];0.7679363925084511;0.25
3354;0.7331795255478295;0.0652983104295842;7;0.5845974394526405;[0.649455913039947;-0.01842530207829829;0.816903138055712;0.1490219229374667];0.7674482846708004;0.25
2073;0.046213763415592884;0.2957458060763788;6;0.6083318573089538;[-0.047081448592709685;0.20245059406807622;0.13950897542389545;0.3890410180846814];0.7714661798580824;0.25
6909;0.24061071853523172;0.6567106352755513;7;0.7495114617288182;[0.15397119671899478;0.5700711134593144;0.32725024035146866;0.7433501570917882];0.7748548773003019;0.25
4362;0.4230820261078664;0.6571586134085353;6;0.3703607252745228;[0.33230566227482006;0.566382249575489;0.5138583899409127;0.7479349772415816];0.7789968125869949;0.25
8098;0.45214675720351105;0.33011540979662846;6;0.46592818586803747;[0.3646280519628291;0.2425967045559465;0.539665462444193;0.4176341150373104];0.7752242360347212;0.25
476;0.32005253578897874;0.6848225272363957;7;0.44118487411466434;[0.23373744396148335;0.5985074354089003;0.40636762761647416;0.7711376190638911];0.7709780023320184;0.25
5078;0.40438822675460173;0.5922833786432388;6;0.5448260447790017;[0.319032508758794;0.5069276606474311;0.48974394475040944;0.6776390966390464];0.7796710767381281;0.25
2175;0.25427903987595263;0.4885446298231913;6;0.34382413130506073;[0.16875440968059288;0.4030199996278315;0.3398036700713124;0.5740692600185511];0.773635530712449;0.25
545;0.14880491363294032;0.9906439557104585;6;0.316559818639329;[0.0618278198546586;0.9036668619321768;0.23578200741122204;1.0776210494887402];0.7797138824270351;0.25
9;0.0195345089678009;1.899576838185202E-5;6;0.4767028516976609;[-0.06934322256715744;-0.08885873576657649;0.10841224050275924;0.0888967273033402];0.7769401502785235;0.25
1391;0.8240436579521471;0.09949225044572588;6;0.44149127248346354;[0.7394010303510115;0.014849622844590293;0.9086862855532827;0.18413487804686146];0.7776961392438556;0.25
3745;0.28388928845604733;0.21579348765013867;6;0.4792212506341962;[0.19935690815436724;0.13126110734845858;0.3684216687577274;0.30032586795181876];0.7748838606995038;0.25
699;0.04574135894511802;0.5167793459313922;6;0.35389195149102104;[-0.04098662923496767;0.4300513577513065;0.1324693471252037;0.6035073341114778];0.7720619491335454;0.25
4715;0.577439103095069;0.01099972707531957;6;0.4363089206091231;[0.4928585768806568;-0.07358079913909257;0.6620196293094811;0.09558025328973171];0.7808311119653428;0.25
1508;0.39392883421245584;0.5988184551578712;6;0.35840798157844644;[0.30537463999154646;0.5102642609369619;0.4824830284333652;0.6873726493787806];0.7721378028455208;0.25
4008;0.24564505045653492;0.9628584584694038;6;0.41317890733065515;[0.1579315036378462;0.8751449116507151;0.33335859727522366;1.0505720052880925];0.7733612035427063;0.25
8764;0.197663141242499;0.13109157769584934;6;0.40567436274390145;[0.1080808857954469;0.041509322248797234;0.2872453966895511;0.22067383314290145];0.7687043144981296;0.25
6555;0.5595078909419839;0.14410056947374028;6;0.43263554555020023;[0.47423476277615273;0.05882744130790908;0.6447810191078152;0.2293736976395715];0.7715286881314236;0.25
3647;0.16738946745045757;0.2483964567780473;6;0.45009915899499126;[0.07766641312444428;0.158673402452034;0.25711252177647087;0.3381195111040606];0.7795448428562065;0.25
7960;0.40145105322609065;0.02066621681618877;6;0.45190793642009375;[0.31724538189804463;-0.06353945451185726;0.48565672455413667;0.1048718881442348];0.7743143463833981;0.25
2579;0.7139858332088083;0.7082570082238512;5;0.5455043668142769;[0.6264187683658009;0.6206899433808439;0.8015528980518156;0.7958240730668584];0.7729259198093732;0.25
8040;0.113001745236567;0.2577351339112173;7;0.5452861006684085;[0.022492548345562358;0.16722593702021263;0.20351094212757165;0.34824433080222195];0.7822559489134423;0.25
1651;0.8286644899143695;0.7245222151193597;6;0.6176247350051318;[0.7389357698674722;0.6347934950724624;0.9183932099612667;0.8142509351662569];0.7690040648415852;0.25
7193;0.07398947651311366;0.3442326420979581;6;0.5789466153911289;[-0.012421311505086033;0.25782185407975844;0.16040026453131334;0.4306434301161578];0.771909996425916;0.25
4894;0.09801386668884118;0.4492563499430915;6;0.3731438465528618;[0.011525120136106168;0.36276760339035646;0.18450261324157619;0.5357450964958265];0.7683138038121227;0.25
9622;0.2205206812945219;0.5422820069664943;6;0.6859008258988483;[0.13677459896824684;0.45853592464021925;0.30426676362079697;0.6260280892927693];0.7684804236822015;0.25
4653;0.38225874169668533;0.4032330917466238;6;0.5069768864809114;[0.29396625218468414;0.3149406022346226;0.4705512312086865;0.491525581258625];0.773846073498393;0.25
384;0.07268146874664247;0.5628800946318064;6;0.4600721492554881;[-0.017513445631831714;0.4726851802533323;0.16287638312511665;0.6530750090102806];0.7739487252991689;0.25
4462;0.29942079406028227;0.017665122041756492;6;0.3864164911144058;[0.21404324060908442;-0.06771243140944137;0.3847983475114801;0.10304267549295436];0.773031824435139;0.25
7995;0.7850046171660934;0.26369789828479234;6;0.468342904251023;[0.6953791696213786;0.17407245074007754;0.8746300647108082;0.35332334582950714];0.7761320166669241;0.25
5140;0.694905465462778;0.10118544218067674;6;0.5393993256939908;[0.6059563647914021;0.012236341509300905;0.7838545661341538;0.19013454285205256];0.7740849526307875;0.25
9521;0.390054022920388;0.06839982214518264;6;0.5157276346285442;[0.3012997405303235;-0.020354460244881828;0.4788083053104525;0.1571541045352471];0.7742452188463191;0.25
6506;0.2873231504408246;0.858173365364043;6;0.5816608360466105;[0.19731528895421108;0.7681655038774294;0.3773310119274382;0.9481812268506565];0.7715051757683322;0.25
8711;0.19704544120854653;0.4002175784553962;6;0.5835869330268518;[0.10447276425688726;0.3076449015037369;0.2896181181602058;0.49279025540705546];0.773922700688967;0.25
4733;0.1476100713364074;0.32456346936525127;6;0.5054280851386519;[0.06389667197875877;0.2408500700076026;0.23132347069405607;0.4082768687228999];0.7685095663292181;0.25
382;0.2702023979252019;0.35790280828781473;6;0.5600864496943053;[0.18122435228181;0.26892476264442283;0.3591804435685938;0.44688085393120663];0.7638005727920909;0.25
6530;0.9501203171475792;0.1483515561324542;7;0.6448128591026239;[0.8623187914933702;0.06055003047824527;1.037921842801788;0.23615308178666317];0.7777672835027598;0.25
6356;0.6674784863779852;0.8427142548139185;6;0.45703652940199746;[0.5766066033379776;0.7518423717739109;0.7583503694179928;0.9335861378539261];0.7788478928169813;0.25
6134;0.41313059770697524;0.16613532418954421;6;0.46215427077577037;[0.32578862168629974;0.0787933481688687;0.5004725737276507;0.25347730021021975];0.7748282720087436;0.25
2235;0.19236082142363253;0.1969428691094602;6;0.4426833431647298;[0.10385298229807222;0.1084350299838999;0.28086866054919285;0.2854507082350205];0.7753455546952596;0.25
1482;0.517576552900913;0.031144175279721464;6;0.5260928833158482;[0.43224657248005816;-0.05418580514113336;0.6029065333217678;0.11647415570057629];0.7719597523581867;0.25
3610;0.6561938149354306;0.5608137878559508;6;0.6801517543378637;[0.5667247502204743;0.4713447231409945;0.7456628796503869;0.6502828525709071];0.7679979520767868;0.25
506;0.26991976292822845;0.6574844776329712;6;0.5387808672197977;[0.18152300197151264;0.5690877166762555;0.3583165238849443;0.745881238589687];0.7795744997555872;0.25
5935;0.6041013383250596;0.39889095353067877;6;0.5489509033926232;[0.5153491581688122;0.31013877337443135;0.692853518481307;0.4876431336869262];0.786900910499313;0.25
8790;0.10042440343559711;0.6404767739683981;6;0.3361560160146779;[0.01485709678044593;0.5549094673132469;0.18599171009074827;0.7260440806235493];0.7671016317475781;0.25
7053;0.8980767113516839;0.45890383883891195;6;0.44030340013032027;[0.8119732259940895;0.37280035348131757;0.9841801967092783;0.5450073241965063];0.7845330758179645;0.25
4417;0.7484583492840993;0.9189307989999376;6;0.4265534030917994;[0.6608828920229263;0.8313553417387646;0.8360338065452723;1.0065062562611105];0.7814044353834813;0.25
8688;0.2960770626428524;0.20769109493308466;6;0.28386809143284886;[0.2112797524131578;0.12289378470339007;0.380874372872547;0.29248840516277924];0.7765031318051211;0.25
4607;0.2610683445465494;0.21531139461528895;6;0.5621820571874306;[0.17246679142447094;0.12670984149321046;0.3496698976686279;0.30391294773736743];0.772537933265198;0.25
8843;0.8679140260122298;0.9640160199819339;6;0.6702151660444656;[0.7770287644784761;0.8731307584481802;0.9587992875459834;1.0549012815156875];0.7820282282125819;0.25
2340;0.6894127211429939;0.6399963327422626;6;0.5182912437955698;[0.6003975409788165;0.5509811525780852;0.7784279013071713;0.7290115129064401];0.7705261053847221;0.25
6180;0.5098320827259486;0.556822297736377;6;0.6548528529223325;[0.4221111911239997;0.46910140613442813;0.5975529743278976;0.644543189338326];0.7717086627695859;0.25
665;0.8627686816970483;0.19477171177337563;6;0.4630522866580082;[0.7759384436788137;0.10794147375514093;0.949598919715283;0.28160194979161035];0.7813225477827309;0.25
889;0.12683775431048028;0.07923757726230178;6;0.7954788517603818;[0.042956014729445324;-0.004644162318733172;0.21071949389151523;0.16311931684333675];0.7853869058097211;0.25
5496;0.5683090310588044;0.9969752146715594;6;0.4715233703145757;[0.47907825135055726;0.9077444349633123;0.6575398107670515;1.0862059943798064];0.7773177539043198;0.25
8441;0.1734836301713757;0.17086479105646857;6;0.4035192094262918;[0.08525817195692681;0.08263933284201969;0.2617090883858246;0.25909024927091745];0.7682276900460675;0.25
3644;0.6151099875492566;0.003751682194586714;6;0.3665514980173218;[0.5293874176057495;-0.08197088774892042;0.7008325574927637;0.08947425213809385];0.7779375144587717;0.25
1411;0.7737115725884891;0.359203762051788;6;0.4645076361749657;[0.6852270639798961;0.2707192534431949;0.8621960811970821;0.4476882706603811];0.7750834827829021;0.25
5300;0.29249692175674363;0.2556881606643064;5;0.4976210519026984;[0.20298903392997442;0.16618027283753717;0.38200480958351285;0.3451960484910756];0.7730844950372674;0.25
1138;0.7295149653198785;0.0190200475602601;6;0.45075186560736824;[0.6429734077302038;-0.0675215100294145;0.8160565229095531;0.1055616051499347];0.7740528205006975;0.25
632;0.7740964535580548;0.08020001676968048;6;0.4700484562204859;[0.6872777865750304;-0.0066186502133439296;0.8609151205410792;0.1670186837527049];0.7780477283790262;0.25
5349;0.3594299467877323;0.682122599367839;6;0.5609349740091345;[0.275397979192995;0.5980906317731017;0.4434619143824696;0.7661545669625763];0.7742211295257405;0.25
8800;0.7808986152477927;0.5569365465089771;6;0.5659882930190251;[0.6980131204033523;0.47405105166453665;0.8637841100922331;0.6398220413534175];0.7770321037422361;0.25
6623;0.5474228371338097;0.5462600362165724;6;0.561107960529191;[0.45771964041497815;0.45655683949774084;0.6371260338526412;0.6359632329354039];0.7757102213671497;0.25
8729;0.13351027892351008;0.14259936011953786;6;0.4635374534856459;[0.04555302929834183;0.05464211049436961;0.22146752854867835;0.2305566097447061];0.7620952900526659;0.25
5679;0.3947271020088235;0.27881163177858653;6;0.37473288786208236;[0.30827947495496166;0.1923640047247247;0.4811747290626853;0.36525925883244836];0.7791089937252845;0.25
928;0.45722258027267476;0.6598747881933782;6;0.569165953961697;[0.37588644781964436;0.5785386557403478;0.5385587127257051;0.7412109206464086];0.7685975388784495;0.25
7154;0.268898834553847;0.29227193944362784;6;0.6648882109089822;[0.18487083597051143;0.20824394086029227;0.35292683313718254;0.3762999380269634];0.7714830230350423;0.25
6059;0.8362637395603456;0.3772073472354649;6;0.45851857511413097;[0.7475104893618124;0.2884540970369317;0.9250169897588788;0.4659605974339981];0.7732756767750639;0.25
8574;0.5731123223748344;0.19628807655375557;6;0.5957948698976263;[0.4822453183220249;0.10542107250094598;0.663979326427644;0.28715508060656514];0.7714026627176117;0.25
4757;0.744751359988217;0.7275177284385521;7;0.35190390321908216;[0.6592234850363183;0.6419898534866535;0.8302792349401156;0.8130456033904507];0.774255843512219;0.25
1380;0.47855055034970495;0.34739948611742255;6;0.5320365401797669;[0.38921152616709287;0.25806046193481047;0.567889574532317;0.43673851030003463];0.7734844926978739;0.25
4171;0.6608078933856892;0.5502421528320082;6;0.47692382632917074;[0.5743828254331799;0.4638170848794988;0.7472329613381986;0.6366672207845175];0.7721203171962835;0.25
3896;0.7699484136529205;0.8741286822834327;6;0.5403572112441696;[0.6844886691307471;0.7886689377612592;0.855408158175094;0.9595884268056061];0.7842201939349674;0.25
8284;0.25220578207305056;0.9277528541914706;6;0.5787165571459709;[0.1660764984365733;0.8416235705549934;0.3383350657095278;1.013882137827948];0.7717342680421676;0.25
2547;0.9684461968307732;0.5891862170198153;6;0.5030472656919789;[0.8850342873553104;0.5057743075443526;1.051858106306236;0.6725981264952781];0.7687545136953257;0.25
9223;0.37149123752708674;0.399058104614396;6;0.4789098501358133;[0.28336918829892943;0.3109360553862387;0.45961328675524404;0.4871801538425533];0.7740707973822735;0.25
1008;0.6856692533446034;0.05763055408742057;6;0.5401839108863234;[0.598416311560866;-0.02962238769631681;0.7729221951283407;0.14488349587115795];0.7728680764852874;0.25
8447;0.8858061646364358;0.5794905524238858;6;0.5362693039539408;[0.7983587331687759;0.492043120956226;0.9732535961040957;0.6669379838915457];0.7812487612346241;0.25
5368;0.5448367874642757;0.31916485719108784;6;0.3505297316340841;[0.45942999460066797;0.23375806432748014;0.6302435803278834;0.40457165005469553];0.7729888285443687;0.25
7358;0.530858955135095;0.6591119905230867;6;0.6394749515078562;[0.4482325697910906;0.5764856051790823;0.6134853404790993;0.741738375867091];0.7741264780402672;0.25
6451;0.5309031880760542;0.23920385056442825;5;0.6211538529874655;[0.446650888630445;0.1549515511188191;0.6151554875216634;0.3234561500100374];0.7761307010888318;0.25
1452;0.7145424604512677;0.80411456235938;6;0.4897971854256511;[0.624396648194526;0.7139687501026383;0.8046882727080094;0.8942603746161216];0.7770243207096992;0.25
3329;0.9163492848760459;0.10909388267744485;6;0.48447546643751943;[0.8303223667351937;0.023066964536592557;1.0023762030168983;0.19512080081829714];0.7751296616251285;0.25
2698;0.8208965893206577;0.5528699031497643;6;0.3362673842919178;[0.7325928501620118;0.46456616399111844;0.9092003284793035;0.64117364230841];0.7784468440969243;0.25
9384;0.7234496592651206;0.332134539317977;6;0.6407572224116388;[0.6342855696209139;0.24297044967377027;0.8126137489093274;0.42129862896218373];0.7805027445441806;0.25
2424;0.6200073260824333;0.5437950045355033;6;0.6774497151324832;[0.5354429957297342;0.4592306741828043;0.7045716564351323;0.6283593348882024];0.777338491024269;0.25
9166;0.717322005004035;0.3206909577993627;6;0.650609075001649;[0.626897220862198;0.23026617365752572;0.807746789145872;0.41111574194119965];0.7716977703643523;0.25
5553;0.8422253447344075;0.08469711164440522;6;0.6189252583794211;[0.7528750385478757;-0.004653194542126468;0.9315756509209392;0.1740474178309369];0.7706673535731443;0.25
5609;0.7300259678185084;0.2879961504953096;6;0.3765338696639082;[0.6399961015111956;0.1979662841879968;0.8200558341258212;0.3780260168026224];0.7767352167830697;0.25
2778;0.19302874659360514;0.8333052871172959;6;0.5668364122785353;[0.10684229794791027;0.747118838471601;0.2792151952393;0.9194917357629908];0.7716799257176419;0.25
9837;0.5911712909774876;0.4794714603617109;6;0.5179849835616944;[0.509831110668898;0.3981312800531213;0.6725114712860771;0.5608116406703005];0.7757043014574192;0.25
7345;0.509868836362004;0.14603755983620456;6;0.5005217594340969;[0.41848718724969886;0.054655910723899456;0.601250485474309;0.23741920894850965];0.7671551684489846;0.25
364;0.44483015125821246;0.7619147628459502;6;0.5651278990958395;[0.35868485846395565;0.6757694700516934;0.5309754440524692;0.8480600556402069];0.7726742553839685;0.25
6999;0.948866128780645;0.28365663411936737;6;0.44121356741293155;[0.8598913845060872;0.19468188984480952;1.037840873055203;0.37263137839392524];0.7754823194667552;0.25
3574;0.8812253657021448;0.42347176327724767;5;0.4574558095575679;[0.792961226841067;0.3352076244161698;0.9694895045632227;0.5117359021383255];0.7777847089501543;0.25
3274;0.9567040243549815;0.04819030116744538;6;0.5140178738239751;[0.8704071460065644;-0.0381065771809717;1.0430009027033986;0.13448717951586248];0.7707696107138794;0.25
1194;0.757106144156349;0.8999971403207375;6;0.42415171126150397;[0.6696825063669508;0.8125735025313393;0.8445297819457472;0.9874207781101357];0.7786404807440614;0.25
6007;0.30459663066073406;0.3025912151305913;6;0.48653182607142714;[0.21863123740433946;0.21662582187419668;0.3905620239171287;0.3885566083869859];0.7858692561554779;0.25
4246;0.5310577554457587;0.259766237468452;6;0.3921336658540061;[0.44718215589204635;0.17589063791473963;0.6149333549994711;0.3436418370221644];0.7726280175339021;0.25
6164;0.7794381032844255;0.5372626602531553;6;0.5815372953956582;[0.6957146391357519;0.4535391961044817;0.8631615674330991;0.6209861244018289];0.7797458362764094;0.25
8568;0.5735155233523483;0.4595477887183286;6;0.45971077971708585;[0.48393305551909677;0.369965320885077;0.6630979911855999;0.5491302565515801];0.768062548646088;0.25
6095;0.3705790622562267;0.039375181906449785;6;0.4706294341839253;[0.28593651987825497;-0.04526736047152194;0.4552216046341985;0.12401772428442151];0.7699294703637031;0.25
3198;0.8318704669827723;0.32536117196900366;6;0.426535886823593;[0.7415975729898423;0.23508827797607368;0.9221433609757024;0.41563406596193364];0.7759536589450301;0.25
5912;0.3433105617630935;0.08570659350454832;6;0.49652664377554606;[0.25715074900048207;-4.532192580630895E-4;0.4294703745257049;0.1718664062671597];0.7796804913708896;0.25
7066;0.3614814249356527;0.05962810688792214;6;0.5325211718385787;[0.27666186705065005;-0.02519145099708052;0.4463009828206554;0.1444476647729248];0.7733043824485476;0.25
6531;0.12612601575411808;0.6335035976303603;6;0.5051669176805538;[0.03425134179200437;0.5416289236682467;0.2180006897162318;0.725378271592474];0.7769547437423963;0.25
4134;0.4749618707654904;0.226751999642208;6;0.399848680852475;[0.37778132945035403;0.1295714583270716;0.5721424120806268;0.32393254095734436];0.7753073228009981;0.25
1486;0.8793690526772407;0.2984073182816899;6;0.5632573139169306;[0.7900398717094487;0.20907813731389785;0.9686982336450328;0.387736499249482];0.7671664898577923;0.25
7596;0.6116406199251079;0.5580617075010336;6;0.535740873855113;[0.5245032074202515;0.47092429499617716;0.6987780324299643;0.64519912000589];0.7766812816143049;0.25
7543;0.3778880792071981;0.007604562176844465;6;0.3630085603977561;[0.2899648416940749;-0.08031867533627875;0.4658113167203213;0.09552779968996768];0.7770130284668536;0.25
7507;0.1601309709674078;0.6344023388194806;6;0.553795601726273;[0.07401128712364975;0.5482826549757226;0.24625065481116587;0.7205220226632386];0.7723941569080107;0.25
3793;0.7313332457342868;0.6655923873221209;6;0.4583375039741786;[0.6495457640105212;0.5838049055983553;0.8131207274580524;0.7473798690458865];0.7796605364581093;0.25
4712;0.5212957493503318;0.051168591302070354;6;0.5638984637212515;[0.43127772364656647;-0.038849434401695;0.6113137750540972;0.1411866170058357];0.7792721977019179;0.25
740;0.764650818691498;0.2806094661884139;7;0.2897893533708084;[0.6762881506462524;0.19224679814316836;0.8530134867367436;0.3689721342336595];0.7783486133263271;0.25
8769;0.22626756582942864;0.7595448017659424;6;0.6294491620700075;[0.1373819306025467;0.6706591665390604;0.3151532010563106;0.8484304369928244];0.7850053637885213;0.25
5873;0.7328723488871761;0.503209222357057;6;0.41734703275794294;[0.6439623749911881;0.41429924846106897;0.8217823227831641;0.592119196253045];0.7730440105181918;0.25
5719;0.5749484684038961;0.4142749109057808;5;0.5589888528106364;[0.4887018450103052;0.3280282875121899;0.661195091797487;0.5005215342993716];0.7699697480357952;0.25
2950;0.17210228148620532;0.7057241018652467;6;0.48887022098220895;[0.08492306882471876;0.6185448892037602;0.25928149414769186;0.7929033145267332];0.7766105528254078;0.25
9247;0.5011399786601811;0.0456598257544899;6;0.4770452187293768;[0.4147745850447859;-0.040705567860905276;0.5875053722755763;0.1320252193698851];0.7831436144730851;0.25
5964;0.6989295084897764;0.6697129657167304;6;0.5980120318550564;[0.6096606432879923;0.5804441005149463;0.7881983736915605;0.7589818309185146];0.7708804721757765;0.25
9904;0.9304941129367335;0.5548541262581079;6;0.487483286010939;[0.8456118977466531;0.46997191106802766;1.0153763281268138;0.6397363414481883];0.7778799068535381;0.25
5771;0.9569223457812239;0.7415468368007697;6;0.5681397394655611;[0.8701865451811952;0.654811036200741;1.0436581463812526;0.8282826374007984];0.7746619454772052;0.25
6387;0.5142351976899318;0.42401841386767997;6;0.5115533897089036;[0.42776401257040797;0.3375472287481562;0.6007063828094555;0.5104895989872038];0.7796883699160999;0.25
5683;0.7054414693396324;0.5719200182757168;6;0.4261874837459855;[0.6165513138570808;0.4830298627931653;0.7943316248221839;0.6608101737582683];0.7729474121809802;0.25
1796;0.8741106310662923;0.8389369285831896;6;0.5211218618294894;[0.7862105115150484;0.7510368090319457;0.9620107506175362;0.9268370481344335];0.777881350848913;0.25
2189;0.5808197511443787;0.4648586396752203;6;0.5747308347753747;[0.49448024427422854;0.37851913280507016;0.6671592580145288;0.5511981465453704];0.7741741920949488;0.25
3734;0.46159309584795194;0.18089080065646276;6;0.46627160551759844;[0.3740489498338055;0.09334665464231631;0.5491372418620983;0.2684349466706092];0.7708667353452385;0.25
8021;0.7075212858803145;0.4215455570530034;5;0.3727240617286254;[0.6198182175770192;0.3338424887497081;0.7952243541836098;0.5092486253562987];0.7773271172850834;0.25
2006;0.9794430136516233;0.7081578779190781;6;0.41767143565488496;[0.8983486327708602;0.627063497038315;1.0605373945323864;0.7892522587998413];0.7741217367087936;0.25
7013;0.7431928907791645;0.4015719656938744;6;0.6110275795899447;[0.6576732494703847;0.3160523243850947;0.8287125320879443;0.4870916070026541];0.7728937596229645;0.25
2676;0.7311772400013439;0.2941666683511952;6;0.5013217835164783;[0.6459177912248053;0.20890721957465658;0.8164366887778824;0.37942611712773383];0.766985458591468;0.25
9181;0.4706214568874914;0.05390452110710364;6;0.36808287651741084;[0.3841826194388477;-0.032534316341540095;0.5570602943361351;0.14034335855574737];0.7668514869289648;0.25
4310;0.9949580267828272;0.3704950860170254;6;0.6068078883808791;[0.9084779393746388;0.2840149986088371;1.0814381141910154;0.4569751734252137];0.7702356326345374;0.25
9263;0.44827345536202695;0.18553489561793648;6;0.579328710281166;[0.3636042625404732;0.10086570279638271;0.5329426481835807;0.2702040884394903];0.7661597503760387;0.25
3008;0.5939595716469355;0.04008078660177117;6;0.3054542420631885;[0.5081407418009705;-0.045738043244193796;0.6797784014929005;0.12589961644773612];0.7767756383703154;0.25
1686;0.9700596689069368;0.1924401770755797;6;0.6115867535587404;[0.8823810089931612;0.10476151716180403;1.0577383288207125;0.28011883698935536];0.7763816461178901;0.25
6130;0.2982614390489402;0.5470031429040142;6;0.47846359275816525;[0.21084970392480062;0.4595914077798746;0.3856731741730798;0.6344148780281538];0.7681641108914682;0.25
1655;0.9099771395540391;0.0598807520316072;6;0.5795428930154343;[0.8215527621250552;-0.028543625397376704;0.998401516983023;0.1483051294605911];0.776660225672541;0.25
5962;0.9416738550598601;0.47413492865277906;6;0.5287774478285815;[0.8539540484553939;0.38641512204831285;1.0293936616643264;0.5618547352572453];0.7799442137112256;0.25
799;0.8318882805923269;0.5018359073844345;6;0.6128188713669491;[0.748859148959663;0.4188067757517706;0.9149174122249908;0.5848650390170984];0.7702879717775128;0.25
2021;0.7529514981490315;0.3507899910845059;6;0.5021867079134346;[0.6694898395240819;0.2673283324595564;0.8364131567739811;0.43425164970945546];0.7744282924447137;0.25
6575;0.9725876742813747;0.36159964862294397;7;0.553050419502079;[0.8885410463530129;0.27755302069458215;1.0566343022097366;0.4456462765513058];0.7723325280949161;0.25
6359;0.7274129282236047;0.5060122469793489;6;0.6751527606661928;[0.64229476002663;0.42089407878237417;0.8125310964205794;0.5911304151763236];0.7825787570264251;0.25
6228;0.55919195088494;0.9294560364215528;7;0.35915034558260706;[0.47275398057188117;0.843018066108494;0.6456299211979989;1.0158940067346116];0.782182793701995;0.25
2709;0.9221226444570567;0.5415797795547335;7;0.47725881015058;[0.8398918912412798;0.4593490263389566;1.0043533976728336;0.6238105327705104];0.767744705104342;0.25
91;0.6605391376447257;0.1322095403626299;6;0.4455286445088052;[0.5682240291988314;0.03989443191673556;0.75285424609062;0.22452464880852427];0.7741856990056414;0.25
6441;0.996159325352364;0.9997882842359834;6;0.5819753266545813;[0.9069338922338152;0.9105628511174346;1.0853847584709126;1.0890137173545322];0.7748548829239549;0.25
7045;0.13489637930514053;0.5962032593445392;6;0.5361762066321042;[0.04317475818022043;0.5044816382196191;0.22661800043006064;0.6879248804694593];0.7710489829363875;0.25
4175;0.4148752476466847;0.6812926346948953;6;0.4442770253366085;[0.3287351027711966;0.5951524898194072;0.5010153925221729;0.7674327795703835];0.7886834900014128;0.25
1970;0.6586993168565767;0.4872870188026816;6;0.5035272096802105;[0.5719010344735278;0.4004887364196328;0.7454975992396256;0.5740853011857304];0.7744452971684381;0.25
4141;0.9780324901632639;0.004739948639501279;5;0.523872133885545;[0.8840167350621189;-0.08927580646164371;1.072048245264409;0.09875570374064627];0.7767585135626064;0.25
9594;0.8117496810080315;0.29924433965712394;6;0.5548317506980277;[0.7278134371382738;0.21530809578736637;0.8956859248777891;0.3831805835268815];0.7694160318448998;0.25
5143;0.42089244574854356;0.706730170159364;6;0.40948840618967053;[0.33472479393811105;0.6205625183489315;0.5070600975589761;0.7928978219697965];0.7838331550900621;0.25
9300;0.2973312586982467;0.01637415975921863;6;0.4348484504088268;[0.20892710853822466;-0.07202999040080343;0.3857354088582688;0.1047783099192407];0.7741179281099866;0.25
7242;0.9272634820022989;0.9120522977112593;6;0.4737227844299417;[0.8382746327585182;0.8230634484674786;1.0162523312460796;1.00104114695504];0.7647976779858217;0.25
1499;0.7626111385701411;0.34032626943389677;6;0.6364584464386684;[0.6733759792871119;0.25109111015086755;0.8518462978531702;0.429561428716926];0.7826303851625253;0.25
6419;0.21336671297352705;0.8481825608356256;6;0.5055984231368401;[0.12392306838176935;0.7587389162438679;0.30281035756528474;0.9376262054273833];0.7792589707266281;0.25
323;0.7196692195027984;0.08963227392370954;6;0.5458378997413011;[0.634794814453053;0.004757868873964094;0.8045436245525438;0.17450667897345498];0.7788699317112756;0.25
2627;0.41989822619101597;0.40891925418227604;6;0.5770508026764609;[0.33633763248226944;0.32535866047352946;0.5034588198997625;0.4924798478910226];0.7662158558598123;0.25
7363;0.17368743041654533;0.6259865883493474;6;0.590889677585984;[0.09052866498900818;0.5428278229218102;0.25684619584408247;0.7091453537768846];0.7770319354394043;0.25
2728;0.4724982159586401;0.4660359417574006;6;0.47533292157040385;[0.38837777554115077;0.38191550133991126;0.5566186563761295;0.5501563821748899];0.7739392779858251;0.25
7668;0.6745030333180553;0.2223203213814702;6;0.4280932478730532;[0.5845191175548095;0.13233640561822438;0.7644869490813011;0.312304237144716];0.790478248356243;0.25
3094;0.7338166919746889;0.08363372922082524;7;0.5061962190330064;[0.6456033754983893;-0.004579587255474318;0.8220300084509885;0.17184704569712478];0.7802326930017928;0.25
2288;0.9106317215905868;0.07548155623364608;6;0.5207396910290534;[0.8229021950683173;-0.012247970288623442;0.9983612481128563;0.16321108275591562];0.7870503836942935;0.25
4524;0.07527562223073336;0.25164271031686947;6;0.5604068954174902;[-0.01280698449758437;0.16356010358855172;0.1633582289590511;0.3397253170451872];0.7712915939187076;0.25
8451;0.19985613391508206;0.4703482872301391;6;0.5042405629020211;[0.11068888507032502;0.3811810383853821;0.2890233827598391;0.5595155360748961];0.7724169209251895;0.25
5856;0.9124609869956707;0.36735243107537674;6;0.41817614418971283;[0.8232844887653581;0.27817593284506414;1.0016374852259833;0.45652892930568933];0.7751760761997912;0.25
3482;0.9744337004644648;0.5166064290922523;6;0.48889248395829904;[0.8869766408676139;0.4291493694954014;1.0618907600613157;0.6040634886891032];0.7715472332528401;0.25
7889;0.8994726635116167;0.3070670645559852;5;0.4554318097305073;[0.813578917633893;0.22117331867826157;0.9853664093893404;0.39296081043370884];0.7748381951357766;0.25
8231;0.9413486586475129;0.8636510588527095;6;0.4417867481150314;[0.8517117348935601;0.7740141350987567;1.0309855824014658;0.9532879826066624];0.7724850536515858;0.25
5374;0.6443810241260913;0.15815885894416307;6;0.59427685394293;[0.5526705866703753;0.06644842148844698;0.7360914615818074;0.24986929639987915];0.7844223419602501;0.25
528;0.7365533673649814;0.22858884739370244;6;0.4394388000442659;[0.6485530608749265;0.14058854090364747;0.8245536738550364;0.3165891538837574];0.7776471135162106;0.25
793;0.8896346875158431;0.3931800590687485;6;0.4566246957212113;[0.8018216278208179;0.3053669993737233;0.9774477472108682;0.48099311876377365];0.7834580961905625;0.25
4559;0.6195808753012495;0.45565370286621576;6;0.4580689478171993;[0.5324473291969519;0.3685201567619181;0.7067144214055471;0.5427872489705133];0.7646872124658293;0.25
1139;0.01900639013082961;0.004249424581955097;6;0.5512110316803105;[-0.06872487800006255;-0.08348184354893706;0.10673765826172177;0.09198069271284726];0.7842662067153374;0.25
6429;0.8183812864042047;0.06806386442211257;6;0.3989354664282838;[0.7304758996543845;-0.019841522327707556;0.9062866731540249;0.1559692511719327];0.7705454495205261;0.25
5938;0.8864229080465525;0.49389366484561853;6;0.5002028583193524;[0.802721415038531;0.41019217183759704;0.9701244010545741;0.57759515785364];0.7702882360537832;0.25
1177;0.6177987779436229;0.1833840896178662;6;0.42572833918762804;[0.5325366740850771;0.09812198575932038;0.7030608818021687;0.26864619347641205];0.7661338341524354;0.25
6464;0.6252058375011886;0.7685680665660204;6;0.6157694090612023;[0.5381037747465155;0.6814660038113473;0.7123079002558618;0.8556701293206935];0.774305540314469;0.25
2764;0.709925973389876;0.5627408628370404;6;0.3616376441383732;[0.6218099452630625;0.47462483471022693;0.7980420015166894;0.6508568909638538];0.7830696026466402;0.25
1375;0.762048289019439;0.6594930982459274;6;0.584885318486362;[0.6747866938582331;0.5722315030847215;0.8493098841806449;0.7467546934071333];0.7815863768939021;0.25
5842;0.7221406628886379;0.7517760178514084;6;0.517201816024152;[0.6380198144406963;0.6676551694034668;0.8062615113365794;0.8358968662993499];0.782929861080988;0.25
3330;0.6743999654266811;0.01541349727416702;6;0.4959480036757096;[0.5836921823405534;-0.07529428581196063;0.7651077485128088;0.10612128036029467];0.7759089139049724;0.25
8211;0.3389347388566193;0.39613344780582477;6;0.4847043604446363;[0.24813879909435388;0.30533750804355936;0.4297306786188847;0.4869293875680902];0.7698381458027785;0.25
3194;0.9638585366879615;0.1506323368620041;6;0.4969603826336244;[0.8770297852329226;0.06380358540696522;1.0506872881430005;0.237461088317043];0.7748900329816535;0.25
8435;0.2467912011133686;0.28347150349534855;6;0.4835967449798121;[0.16349302028500062;0.20017332266698057;0.3300893819417366;0.36676968432371654];0.7673760182893254;0.25
118;0.8862393202734152;0.8390800834205755;6;0.42824665835192477;[0.7943374819320435;0.7471782450792037;0.978141158614787;0.9309819217619473];0.7769050118214571;0.25
7528;0.5934808003861245;0.5484515268561827;5;0.5034221327954337;[0.5070225422321953;0.46199326870225355;0.6799390585400537;0.6349097850101119];0.7772777158778894;0.25
537;0.9952427286681673;0.6873006519878175;6;0.45049364379239004;[0.905771047638658;0.5978289709583082;1.0847144096976766;0.7767723330173268];0.7751659814094704;0.25
7922;0.3514532665862713;0.16723728850767267;6;0.5310537509811952;[0.2624758758706869;0.07825989779208822;0.4404306573018557;0.25621467922325714];0.7802054753677296;0.25
7544;0.5027369868482303;0.08223337044286544;6;0.4166613250545164;[0.41864423654419386;-0.0018593798611710177;0.5868297371522668;0.1663261207469019];0.7728421209796297;0.25
1202;0.1843734727063362;0.5556950127467778;6;0.45968667991697976;[0.09445451892918653;0.46577605896962815;0.27429242648348584;0.6456139665239274];0.783107808049806;0.25
8125;0.5693401312795103;0.03872325386925346;6;0.6398608806037636;[0.4855682025447837;-0.045048674865473134;0.6531120600142369;0.12249518260398005];0.7720639538541367;0.25
2884;0.8006747388701294;0.32402274193365843;6;0.5580450593604993;[0.7152831179270598;0.2386311209905888;0.886066359813199;0.40941436287672806];0.7753829892297819;0.25
6861;0.47346496871465016;0.4017684763411993;6;0.3963925824527712;[0.3847987494866903;0.3131022571132394;0.5621311879426101;0.49043469556915914];0.7727923656509283;0.25
4310;0.1398866019912272;0.8135206410640464;6;0.6068078883808791;[0.04991905000261759;0.7235530890754368;0.22985415397983683;0.903488193052656];0.7702356326345374;0.25
6842;0.2461202746264921;0.7650725092594169;6;0.4354478662526008;[0.15785316778294392;0.6768054024158687;0.3343873814700403;0.8533396161029652];0.7765602133325147;0.25
4084;0.6258948352467961;0.7487132430177458;7;0.4820492043347162;[0.5415041153742144;0.664322523145164;0.7102855551193779;0.8331039628903275];0.769332324982047;0.25
8542;0.44169651239499463;0.5328485131546858;6;0.6469792893444944;[0.3565483350252969;0.44770033578498813;0.5268446897646923;0.6179966905243836];0.780103936449971;0.25
4974;0.10937542703811068;0.8190244506842176;7;0.5768986022445775;[0.022466992441477943;0.7321160160875848;0.19628386163474343;0.9059328852808504];0.7709364777187748;0.25
866;0.09204011733344136;0.8129138716642536;6;0.5575791103372065;[0.005209229013360628;0.7260829833441729;0.1788710056535221;0.8997447599843342];0.7706704843342046;0.25
7744;0.7156854452450054;0.8695042946549065;6;0.3966603921702451;[0.6264628213933863;0.7802816708032874;0.8049080690966246;0.9587269185065257];0.7772725741329554;0.25
1590;0.969791291768957;0.7633025702555787;6;0.3842876359829528;[0.8818218395433773;0.6753331180299991;1.0577607439945365;0.8512720224811583];0.769585571572838;0.25
4331;0.13962979001111483;0.8701193367931701;6;0.5690599539465819;[0.05406539659542117;0.7845549433774764;0.2251941834268085;0.9556837302088638];0.775803172548257;0.25
1101;0.6711440794036025;0.33537895668248496;6;0.4748895060545198;[0.5801911423056401;0.24442601958452254;0.762097016501565;0.4263318937804474];0.775408599042726;0.25
8562;0.5402952644411375;0.14282812403950396;6;0.5146276149814435;[0.45204078232700723;0.054573641925373687;0.6285497465552677;0.23108260615363424];0.7796545664664025;0.25
2619;0.5596010891226844;0.5829414934414766;7;0.525047270095917;[0.4736416173042467;0.49698202162303895;0.645560560941122;0.6689009652599143];0.7728005506158416;0.25
5174;0.3775053118080056;0.6138683544710757;6;0.5147287811213682;[0.29032831522587854;0.5266913578889486;0.4646823083901327;0.7010453510532028];0.7688946918302528;0.25
2201;0.3468477282934457;0.13662557303771272;6;0.4179997167773496;[0.26183208295204324;0.05160992769631029;0.4318633736348481;0.22164121837911516];0.7800409111469808;0.25
6031;0.040843036748492295;0.7438685658393737;6;0.3703897391758052;[-0.04553203135446178;0.6574934977364196;0.12721810485144636;0.8302436339423277];0.7793563038177368;0.25
703;0.7318894970330188;0.5573614205511697;5;0.24665674608295052;[0.6462909190244601;0.471762842542611;0.8174880750415774;0.6429599985597283];0.7655974585271434;0.25
7599;0.38195973165155905;0.9349690923674251;6;0.4558299292395861;[0.2939653807508605;0.8469747414667266;0.4699540825522576;1.0229634432681236];0.7785374321061268;0.25
2776;0.5113791881816074;0.9910955913131826;5;0.37666554285621406;[0.4250031194782485;0.9047195226098236;0.5977552568849664;1.0774716600165415];0.7740904365781799;0.25
9753;0.45667905946272985;0.8236932041967355;6;0.42502988202357267;[0.37049932459980217;0.7375134693338079;0.5428587943256575;0.9098729390596632];0.7722944038347217;0.25
2499;0.253494651601057;0.6902676769896614;6;0.43801465280247537;[0.16585373603278458;0.6026267614213889;0.3411355671693294;0.7779085925579339];0.779586917450778;0.25
9413;0.6806310044348831;0.5076924682384881;6;0.5766278152692275;[0.5930454704526317;0.4201069342562367;0.7682165384171346;0.5952780022207396];0.7688970752039738;0.25
4251;0.12137999948938968;0.3356090253370939;6;0.5034610473543119;[0.03455164272390138;0.2487806685716056;0.208208356254878;0.4224373821025822];0.7722222213123046;0.25
899;0.6729299390645425;0.04865078597087391;6;0.5202540172807222;[0.5844484724633666;-0.039830680630301915;0.7614114056657183;0.13713225257204975];0.7695197675463662;0.25
3087;0.9540790142779482;0.3088630356292835;6;0.3580370698047166;[0.8679079029764514;0.22269192432778673;1.040250125579445;0.3950341469307803];0.7701478554428521;0.25
7228;0.7817681739189879;0.41703838848388175;6;0.5229038152230646;[0.6970386540733319;0.33230886863822573;0.8664976937646439;0.5017679083295378];0.7769704316856254;0.25
7756;0.4712256437683453;0.5478101761680315;6;0.49005970890971495;[0.3833940047186186;0.45997853711830483;0.559057282818072;0.6356418152177582];0.7757761301720603;0.25
1924;0.1734947112715632;0.46541197759420416;6;0.5003067772386399;[0.0838321616266519;0.37574942794929284;0.2631572609164745;0.5550745272391154];0.7787939518933896;0.25
7337;0.2232561553397808;0.9828366956828938;6;0.404095747655068;[0.13915626030030792;0.8987368006434209;0.3073560503792537;1.0669365907223667];0.7737537228456458;0.25
1736;0.2525693758029529;0.40000602436755933;6;0.5546914128231095;[0.16834833190798448;0.3157849804725909;0.33679041969792134;0.48422706826252776];0.7772669185058197;0.25
9747;0.6050000360939423;0.7181954522031251;6;0.45687864321560734;[0.5182111240869456;0.6314065401961284;0.6917889481009389;0.8049843642101218];0.7690368524833155;0.25
1374;0.14439906937821234;0.9431210021742911;6;0.4893899573786513;[0.057741667054745746;0.8564635998508244;0.23105647170167892;1.0297784044977576];0.7856606659649311;0.25
6389;0.09681839007342502;0.6963995844892658;6;0.5067666678604829;[0.009783243081665963;0.6093644374975067;0.1838535370651841;0.7834347314810248];0.7747267614477635;0.25
1355;0.12300954973314548;0.47797730067971755;6;0.5210845490256707;[0.040404515748171985;0.39537226669474407;0.20561458371811897;0.5605823346646911];0.7782284568151377;0.25
5934;0.3199761262788753;0.7980762993142704;6;0.5191262253966766;[0.23352221921161295;0.7116223922470081;0.4064300333461376;0.8845302063815327];0.7826906569644773;0.25
3244;0.09996240494914299;0.0942498289352175;6;0.43742905711886365;[0.017939053620879372;0.012226477606953876;0.1819857562774066;0.1762731802634811];0.7762544465295366;0.25
8187;0.6743189740483977;0.3499291545021292;7;0.5682653070930502;[0.588843535391244;0.2644537158449755;0.7597944127055514;0.43540459315928287];0.7771334900979391;0.25
973;0.47448972424328195;0.2523521236347026;5;0.23134706406672428;[0.3897485955710045;0.16761099496242512;0.5592308529155594;0.33709325230698006];0.7746613189627302;0.25
9896;0.9368540109183388;0.9226535979521722;6;0.5786434212611197;[0.8504617337584626;0.836261320792296;1.023246288078215;1.0090458751120484];0.7743356579706995;0.25
7175;0.16191501447876744;0.7372057146593688;6;0.44918619572847723;[0.07495166622606632;0.6502423664066677;0.24887836273146857;0.8241690629120699];0.7824904893448019;0.25
6926;0.1545686076958472;0.47848121201240523;6;0.5048757646318138;[0.06804403453523804;0.39195663885179605;0.24109318085645637;0.5650057851730144];0.7782124079957201;0.25
4154;0.24900641613568186;0.7112543023178374;6;0.3813778674065235;[0.1589234302638101;0.6211713164459656;0.33908940200755366;0.8013372881897092];0.7740873512194202;0.25
362;0.18539167988230007;0.8116318723764792;6;0.45015612118907844;[0.09545487434116728;0.7216950668353463;0.27532848542343286;0.901568677917612];0.7762160557139908;0.25
3641;0.6027880360612857;0.9516070528029142;6;0.654395237870307;[0.5153340297335686;0.8641530464751971;0.6902420423890029;1.0390610591306313];0.7758498711194932;0.25
1114;0.7738545877439553;0.8558003708816937;7;0.5404674974957954;[0.6891308925019103;0.7710766756396487;0.8585782829860004;0.9405240661237387];0.7671243324993336;0.25
8381;0.06547757958651432;0.6632340341883709;6;0.6549687295169162;[-0.013998851360662326;0.5837576032411943;0.14495401053369095;0.7427104651355475];0.7764185131500471;0.25
3753;0.9002149201725043;0.034013458038688715;6;0.4013906076964736;[0.8139504197710402;-0.05225104236277536;0.9864794205739683;0.1202779584401528];0.7715670315966647;0.25
4984;0.08591272403254713;0.29840346347539426;6;0.5861218423655338;[-7.52506254789842E-4;0.2117382331880573;0.1725779543198841;0.38506869376273123];0.764959705132142;0.25
4416;0.41130074422484975;0.4299910561166549;5;0.334915721249475;[0.3228871064176713;0.34157741830947647;0.49971438203202817;0.5184046939238334];0.7773909740152645;0.25
1691;0.5747878160266107;0.9464919041069007;6;0.41573829857807604;[0.4912953019577406;0.8629993900380306;0.6582803300954807;1.0299844181757707];0.7702322269033681;0.25
5773;0.010551842140371581;0.4541809279197984;6;0.46586532696545035;[-0.0703146103039228;0.373314475475504;0.09141829458466597;0.5350473803640928];0.7749704648891729;0.25
4785;0.6630673417287936;0.9291940735974541;5;0.6345337836141436;[0.575331342111399;0.8414580739800596;0.7508033413461881;1.0169300732148487];0.7707211426604661;0.25
5856;0.09548209233983562;0.04336643015663655;6;0.41817614418971283;[0.006475126979137769;-0.045640535204061305;0.18448905770053348;0.1323733955173344];0.7751760761997912;0.25
5028;0.3501976570197192;0.6135519573452619;6;0.49771732812247754;[0.2667491086832274;0.5301034090087701;0.43364620535621107;0.6970005056817538];0.7811712756932528;0.25
8380;0.960120117622073;0.7965565946016473;6;0.6466492313505533;[0.8724314870190718;0.708867963998646;1.0478087482250742;0.8842452252046485];0.7768276947165564;0.25
5739;0.22721949688885437;0.4697020993086466;6;0.5497787234625594;[0.1385570970599582;0.3810396994797504;0.3158818967177506;0.5583644991375427];0.7809283019619028;0.25
4363;0.10555385810821541;0.46412099118134126;6;0.6332545822535149;[0.01779796814451734;0.3763651012176432;0.19330974807191348;0.5518768811450393];0.7758048261761463;0.25
391;0.3174711500037062;0.66716366789579;6;0.5501823071850513;[0.22671038033547547;0.5764028982275593;0.4082319196719369;0.7579244375640206];0.7728532766897713;0.25
7559;0.750027735698729;0.17959710385001204;6;0.45834156969691925;[0.6635347244826427;0.09310409263392574;0.8365207469148154;0.26609011506609836];0.7772127905050468;0.25
2881;0.2854581098572887;0.544288489397604;6;0.40451955522324046;[0.19650676529791916;0.45533714483823445;0.37440945441665824;0.6332398339569736];0.7757465269610939;0.25
70;0.267360119019987;0.6981323379907398;6;0.4287750382497314;[0.18031829152468148;0.6110905104954343;0.35440194651529255;0.7851741654860454];0.7691534369677482;0.25
8353;0.2113490780414488;0.4279687657679389;6;0.4350628533892891;[0.12302346801925669;0.33964315574574677;0.29967468806364095;0.516294375790131];0.7766743212344172;0.25
2785;0.06495810069879615;0.46173005085325997;6;0.5425975968636308;[-0.027074020774658092;0.3696979293798057;0.1569902221722504;0.5537621723267142];0.7758470786150222;0.25
9145;0.8183291971120867;0.3904959355935426;6;0.39205692584836915;[0.7340225680251976;0.30618930650665344;0.9026358261989759;0.4748025646804318];0.7705428173205872;0.25
2905;0.18628917782196128;0.8102482251216141;6;0.4852966696119284;[0.09805164124664704;0.7220106885462999;0.2745267143972755;0.8984857616969283];0.7661690201684348;0.25
6208;0.11545628079734035;0.6694948682776347;6;0.4968020427646092;[0.026010631709717333;0.5800492191900117;0.20490192988496336;0.7589405173652577];0.7804009083881714;0.25
8720;0.913294473088966;0.7883702077987977;5;0.590800174362459;[0.8240083703930057;0.6990841051028374;1.0025805757849264;0.8776563104947581];0.7711370872788147;0.25
2103;0.6318768006308286;0.6624307408086282;6;0.6180288638855385;[0.5457561852722571;0.5763101254500567;0.7179974159894001;0.7485513561671997];0.7894264084273094;0.25
6544;0.4163509636867635;0.814358185833211;6;0.5043332358113519;[0.32534085483261005;0.7233480769790576;0.5073610725409169;0.9053682946873644];0.770502900021858;0.25
4823;0.8150784411497404;0.582202927743714;6;0.5105406656185264;[0.723662021776966;0.4907865083709396;0.9064948605225147;0.6736193471164883];0.7734338242839698;0.25
9200;0.811332360275462;0.9863437758918353;6;0.5599485006997331;[0.7194349403623174;0.8944463559786907;0.9032297801886066;1.07824119580498];0.7828539825401138;0.25
4855;0.7998312245911449;0.7821357230195682;6;0.44230914663278265;[0.7136145312173006;0.6959190296457239;0.8860479179649892;0.8683524163934125];0.7723720164398957;0.25
9940;0.7870843660444533;0.5321782803750701;6;0.45224802678023257;[0.7002620943510443;0.445356008681661;0.8739066377378624;0.6190005520684791];0.7668563866629011;0.25
12;0.114750936372565;0.011275828003034727;6;0.6746847940652111;[0.025374901753287576;-0.0781002066162427;0.20412697099184243;0.10065186262231215];0.7857319356204437;0.25
5255;0.705385126149103;0.8617211064813064;6;0.4914983102590185;[0.6177335302893414;0.7740695106215448;0.7930367220088645;0.949372702341068];0.7681530636073969;0.25
7988;0.07460861162269147;0.7516743389790693;6;0.4193560078361559;[-0.010488767744493782;0.666576959611884;0.15970599098987673;0.8367717183462546];0.7728559987017377;0.25
7039;0.3900000138601905;0.9363574243609769;6;0.3628539401942794;[0.29901246444550245;0.8453698749462888;0.48098756327487857;1.027344973775665];0.77337007894828;0.25
8728;0.37751817714670166;0.5305262580604644;6;0.5174040384858044;[0.2908373692251083;0.443845450138871;0.46419898506829504;0.6172070659820578];0.7822768432005747;0.25
7748;0.25564729858933105;0.8631753014382942;6;0.5100981656462358;[0.17100460093008746;0.7785326037790506;0.34028999624857464;0.9478179990975378];0.7710482268551297;0.25
5487;0.5571628683638064;0.4906720485628382;6;0.5849384554731787;[0.4689263423967578;0.40243552259578963;0.6453993943308549;0.5789085745298868];0.7779128511784072;0.25
8916;0.22684719926553953;0.6629270150760483;6;0.667091012181812;[0.13730601823751912;0.5733858340480279;0.31638838029356;0.7524681961040688];0.7831244866719211;0.25
9682;0.4044978279605902;0.8485719493588548;6;0.42971876263543374;[0.31856829513178614;0.7626424165300508;0.49042736078939425;0.9345014821876588];0.7807955990384534;0.25
3482;0.36945839758114113;0.5915997172016219;6;0.48889248395829904;[0.28342726450340766;0.5055685841238884;0.4554895306588746;0.6776308502793553];0.7715472332528401;0.25
7482;0.850841539218648;0.8960776768828668;6;0.42893949698854833;[0.7603060538407299;0.8055421915049487;0.9413770245965661;0.9866131622607849];0.774029528215857;0.25
8201;0.8580390402444655;0.9947410392973141;6;0.4670878048517847;[0.7688311103856491;0.9055331094384976;0.947246970103282;1.0839489691561306];0.7801022833283482;0.25
5081;0.9071849029090788;0.9331458276524579;6;0.4630035235518156;[0.8187283865113832;0.8446893112547623;0.9956414193067744;1.0216023440501536];0.7773069693966629;0.25
8240;0.4244223432383988;0.6504190947591665;6;0.3578807057975866;[0.3346372296550559;0.5606339811758236;0.5142074568217416;0.7402042083425093];0.7730957204833939;0.25
6227;0.11663721029370253;0.6780478442479569;6;0.4770483280691725;[0.03162606099686459;0.593036694951119;0.20164835959054045;0.7630589935447949];0.774562681563164;0.25
2344;0.032556301639143054;0.9813756175313375;6;0.46265858851166697;[-0.0524766786354207;0.8963426372567738;0.11758928191370681;1.0664085978059012];0.7742028112267823;0.25
5829;0.9203793754171254;0.9913354104746779;6;0.42322114771813246;[0.8317586628632655;0.9027146979208179;1.0090000879709853;1.0799561230285377];0.7704043160411407;0.25
2871;0.5079330272081324;0.11205100512605481;6;0.6121723291862036;[0.42058637716821645;0.0247043550861389;0.5952796772480483;0.19939765516597074];0.7836031590360628;0.25
3620;0.5116368756221311;0.8999602964468674;6;0.5424790296613493;[0.42047244795285277;0.808795868777589;0.6028013032914095;0.9911247241161457];0.7657884680054826;0.25
8056;0.37381568953851385;0.8890147137124532;6;0.3677321979548955;[0.28620299479018296;0.8014020189641223;0.46142838428684474;0.9766274084607841];0.7736953706751725;0.25
1671;0.19123035645111872;0.8694879992499345;6;0.5301276127800796;[0.10561293885994066;0.7838705816587564;0.27684777404229677;0.9551054168411125];0.7735471352639866;0.25
2501;0.5371237462685446;0.6513788769835156;6;0.5854331059196429;[0.4470629299003561;0.5613180606153271;0.6271845626367332;0.7414396933517041];0.7759061339831133;0.25
6004;0.044097567165543416;0.9556518984540853;5;0.45326352247860563;[-0.041059930058256644;0.8704944012302852;0.12925506438934348;1.0408093956778854];0.7762360854776504;0.25
2617;0.5548155450728502;0.7357507715758622;6;0.3156872762768302;[0.463795228901083;0.6447304554040949;0.6458358612446176;0.8267710877476295];0.7681960393102465;0.25
8930;0.33637644375890896;0.8248411804301796;5;0.5317535712079613;[0.24857338678479918;0.7370381234560699;0.42417950073301874;0.9126442374042893];0.7749114572019529;0.25
4031;0.943533225438282;0.9715651200084408;6;0.36055532411915103;[0.8612054598938695;0.8892373544640283;1.0258609909826946;1.0538928855528533];0.7726371273189708;0.25
1275;0.5437397784897333;0.8241900285465532;6;0.45898296733698407;[0.45802260791032107;0.7384728579671409;0.6294569490691455;0.9099071991259655];0.7855216623345028;0.25
9391;0.999202149176108;0.3914673567880057;5;0.6960236816398506;[0.9112998530481596;0.30356506066005734;1.0871044453040564;0.47936965291595407];0.7628099573534322;0.25
3459;0.05265593613979613;0.7551753871292746;6;0.3166196133045255;[-0.033080489483853226;0.6694389615056252;0.1383923617634455;0.8409118127529239];0.7699011587459479;0.25
7517;0.05118783398730664;0.5060748081892354;6;0.5943550818064732;[-0.039004205811963136;0.4158827683899657;0.1413798737865764;0.5962668479885053];0.775044222853967;0.25
8957;0.6401152559165673;0.778848863606402;7;0.45486205373408983;[0.5524249527487618;0.6911585604385966;0.7278055590843727;0.8665391667742075];0.7704587060632667;0.25
516;0.05633116214322487;0.18077991389161763;6;0.4280118195399887;[-0.027206601969540042;0.09724214977885272;0.1398689262559898;0.26431767800438255];0.7785947199055577;0.25
6693;0.3777566682086031;0.5389847478200052;6;0.5396649023972536;[0.2927215995917245;0.45394967920312657;0.4627917368254817;0.6240198164368838];0.7762688713849275;0.25
7805;0.922639583507352;0.6956294411602526;5;0.44477331501432277;[0.8373788970448439;0.6103687546977445;1.00790026996986;0.7808901276227607];0.7791049434449847;0.25
1996;0.035974128852323595;0.9105554383035173;6;0.4454988002087894;[-0.052838040695368224;0.8217432687558255;0.12478629840001541;0.999367607851209];0.7740381240286288;0.25
1969;0.335863687273196;0.4682683158371794;6;0.5176198387115725;[0.2456103990576641;0.3780150276216475;0.42611697548872784;0.5585216040527113];0.7793984239402205;0.25
488;0.3292037753264785;0.5783748140525542;6;0.5839710991616045;[0.24046075285959398;0.4896317915856697;0.41794679779336297;0.6671178365194387];0.7744538613490228;0.25
4646;0.3336530361560582;0.7432203868794436;6;0.38655149851111936;[0.24878435535034454;0.65835170607373;0.4185217169617718;0.8280890676851572];0.7777272550524602;0.25
1402;0.29384693708705856;0.8870963322713348;6;0.4385560254677916;[0.20370111995963686;0.7969505151439131;0.38399275421448026;0.9772421493987564];0.7769899924605835;0.25
8140;0.7277753347217996;0.5939123392622843;6;0.5105140100268296;[0.6383312085904996;0.5044682131309843;0.8172194608530995;0.6833564653935842];0.7817493179568019;0.25
3939;0.8972272987286417;0.8286520887211246;6;0.5275604804822429;[0.8116298252551895;0.7430546152476724;0.982824772202094;0.9142495621945769];0.7769356036602413;0.25
2879;0.9238430340340918;0.8536339719814411;6;0.5488773949712759;[0.8377545449603807;0.76754548290773;1.009931523107803;0.9397224610551522];0.783451121021181;0.25
6112;0.19050990119354433;0.4311077120632863;6;0.44516225417920235;[0.10456730333849454;0.3451651142082365;0.27645249904859415;0.5170503099183361];0.783990657828809;0.25
2463;0.10356297067872483;0.2027587305945152;6;0.49754764448806005;[0.01428259848247379;0.11347835839826417;0.19284334287497587;0.2920391027907663];0.7714230438228521;0.25
8720;0.18579207016454866;0.8030311279815532;5;0.590800174362459;[0.09589992915860991;0.7131389869756144;0.2756842111704874;0.892923268987492];0.7711370872788147;0.25
3450;0.1871397531202454;0.9649044645079121;6;0.5360227882871236;[0.10031064227841514;0.8780753536660819;0.27396886396207565;1.0517335753497423];0.7758521899118269;0.25
8804;0.5326636856339073;0.9358505609394718;5;0.5976253766075351;[0.44372806733826253;0.846914942643827;0.6215993039295521;1.0247861792351167];0.7715354230182155;0.25
5693;0.849602965965138;0.42904964345574426;6;0.53030940313955;[0.7616883302632025;0.3411350077538088;0.9375176016670734;0.5169642791576797];0.7742656438864495;0.25
9725;0.41036238152549287;0.9281779195454813;6;0.5962178809556344;[0.32219021948108384;0.8400057575010723;0.4985345435699019;1.0163500815898905];0.7727606279841229;0.25
6316;0.9126902864961843;0.9465146271433975;6;0.37224518190418304;[0.8265607581180039;0.8603850987652171;0.9988198148743648;1.032644155521578];0.7767900779263459;0.25
2086;0.19113365002068883;0.46602536946928896;6;0.6175037644714604;[0.10402767811283922;0.37891939756143933;0.27823962192853846;0.5531313413771386];0.7718608310100368;0.25
7025;0.4396680550261406;0.8949469268465526;6;0.536175317755538;[0.3518059019010612;0.8070847737214732;0.52753020815122;0.982809079971632];0.7640069377230437;0.25
2544;0.4498679137041222;0.8008667647199245;5;0.4411545623720909;[0.36515153792137917;0.7161503889371814;0.5345842894868653;0.8855831405026675];0.7730811599151358;0.25
9416;0.5136994570256941;0.8321816088797108;6;0.7222736776652678;[0.42681163716154263;0.7452937890155593;0.6005872768898455;0.9190694287438623];0.7767049819849756;0.25
9770;0.15418077931735535;0.4268867477044153;5;0.5375116851585506;[0.06886648124651662;0.3415724496335766;0.2394950773881941;0.512201045775254];0.7800227009661663;0.25
4481;0.06900601281748406;0.9729250676665702;6;0.6231926057216758;[-0.019883509671349386;0.8840355451777367;0.1578955353063175;1.0618145901554037];0.7815765354075814;0.25
1633;0.22355516938743836;0.7279692169513565;6;0.5175219643547427;[0.13622882827784674;0.6406428758417649;0.31088151049702994;0.8152955580609481];0.7824294302371914;0.25
5575;0.3802267698374245;0.8242933178922587;6;0.4324990332188172;[0.29442338694793524;0.7384899350027695;0.4660301527269137;0.9100967007817479];0.7729440529140846;0.25
3619;0.0467528192516104;0.9170780132382702;6;0.536344795573233;[-0.0432996072416587;0.8270255867450012;0.1368052457448795;1.0071304397315393];0.7772530425340304;0.25
9089;0.3420179059653525;0.7377393925527209;5;0.3806704874592934;[0.25291925968267526;0.6486407462700436;0.4311165522480297;0.8268380388353982];0.7781816024514235;0.25
2113;0.5812435830111938;0.7494337915822119;5;0.29789208657410016;[0.49711453213525053;0.6653047407062687;0.6653726338871371;0.8335628424581552];0.7741789371760983;0.25
