4185;0.0050038148144735395;0.2895344582184528;6;0.6596952100907437;[-0.08499084119762887;0.1995398022063504;0.09499847082657595;0.37952911423055524];0.7707665230082189;0.25
3449;0.07777214252184644;0.16236689667078275;6;0.44120454383647145;[-0.014133395308023086;0.07046135884091322;0.169677680351716;0.2542724345006523];0.7694559302770754;0.25
262;0.500221963709323;0.64047950482601;6;0.5960603659637755;[0.41187074027156534;0.5521282813882523;0.5885731871470807;0.7288307282637677];0.7781035623647103;0.25
3979;0.5975168006775167;0.7517143896391747;6;0.4666839012052986;[0.5094339342772982;0.6636315232389562;0.6855996670777351;0.8397972560393931];0.7745277754268739;0.25
9760;0.08048220295803327;0.08714397778675709;6;0.508133976472796;[-0.008420303455580494;-0.001758528626856673;0.169384709371647;0.17604648420037083];0.7740213680638034;0.25
6866;0.15229398500200045;0.6920511393942477;6;0.45105022673550177;[0.06542173012347577;0.605178884515723;0.23916623988052513;0.7789233942727724];0.7700187771494513;0.25
386;0.5897382418581427;0.5737655715056649;6;0.5376440741313284;[0.5013725574091835;0.48539988705670567;0.6781039263071019;0.6621312559546241];0.7745105646565684;0.25
7506;0.9283228313679934;0.045811337845361594;6;0.5748384635019084;[0.8459296981205973;-0.03658179540203456;1.0107159646153896;0.12820447109275773];0.7720286243407505;0.25
4243;0.009624150044491409;0.006675768152193229;6;0.39372469833935886;[-0.0793853464895298;-0.08233372838182798;0.09863364657851262;0.09568526468621444];0.777334899683674;0.25
8023;0.3124931617313717;0.3185283250995229;5;0.47056759779314905;[0.22206612825946276;0.22810129162761394;0.40292019520328065;0.40895535857143184];0.7845516993829572;0.25
4834;0.06006050499177856;0.49328070910081423;6;0.576412626792034;[-0.027851268465734033;0.4053689356433016;0.14797227844929117;0.5811924825583268];0.7791517513828562;0.25
501;0.28756038235887205;0.5085320382321896;5;0.1608750641141763;[0.1990846774470187;0.42005633332033626;0.3760360872707254;0.597007743144043];0.7788915960539392;0.25
6699;0.20266449012742432;0.17624331437752364;6;0.5241529730236981;[0.11559199952727597;0.08917082377737529;0.2897369807275727;0.263315804977672];0.7727666839282596;0.25
1115;0.23139449836351622;0.7153930565682047;6;0.6378423930057167;[0.1467454412273847;0.6307439994320732;0.31604355549964774;0.8000421137043363];0.7745810106805696;0.25
6533;0.23812151039942792;0.304136348024222;6;0.724708935647115;[0.15076577090244717;0.21678060852724126;0.3254772498964087;0.3914920875212028];0.7800633012665843;0.25
3179;0.6045776726183674;0.07139629518789894;6;0.5510461595688163;[0.5165161280593774;-0.016665249371090984;0.6926392171773573;0.15945783974688887];0.7663990745145648;0.25
7478;0.5454253167657286;0.2842590283529388;6;0.4438119092319851;[0.46014236002574965;0.19897607161295988;0.6307082735057075;0.36954198509291775];0.7741593615028525;0.25
2499;0.7440457569145172;0.7998714162690176;6;0.43801465280247537;[0.6594034327464996;0.7152290921009999;0.8286880810825349;0.8845137404370352];0.779586917450778;0.25
6455;0.36578637380518453;0.2552979482121179;6;0.5276471080291149;[0.27725063622782853;0.16676221063476188;0.4543221113825405;0.3438336857894739];0.7776694292343257;0.25
4856;0.2892757358135307;0.4217058932776763;6;0.4744822417494034;[0.2073461726867041;0.33977633015084974;0.37120529894035736;0.5036354564045029];0.7810084103317657;0.25
6576;0.4399226708136093;0.5709103643594138;6;0.5206179608127649;[0.3471854155998862;0.47817310914569067;0.5326599260273324;0.6636476195731369];0.7768033398840329;0.25
5537;0.34029619965883984;0.3912480029245742;6;0.5150139240315407;[0.25275852312605385;0.3037103263917882;0.42783387619162583;0.47878567945736017];0.772710948440928;0.25
4729;0.2620130381546036;0.7856983062858183;6;0.42328492435762793;[0.1713993454329665;0.6950846135641812;0.35262673087624063;0.8763119990074554];0.7787851280929158;0.25
4947;0.39792544359950555;0.23126979871183392;6;0.3451288460807119;[0.3106897136757052;0.1440340687880336;0.4851611735233059;0.31850552863563425];0.7682288470553581;0.25
4138;0.5243256683810346;0.16840991680084805;6;0.5626240977372368;[0.43414628144275924;0.0782305298625727;0.6145050553193099;0.25858930373912337];0.7793597130954992;0.25
6159;0.551142771585825;0.7374527503845744;7;0.41372001382748314;[0.4644894926090869;0.6507994714078362;0.6377960505625632;0.8241060293613125];0.7793435386766693;0.25
8300;0.046075534361916415;0.1489655064582049;6;0.6542996347735058;[-0.03846864430207572;0.06442132779421275;0.13061971302590855;0.23350968512219702];0.7740876305781108;0.25
2754;0.46536481326862306;0.3924861354612773;6;0.46331071622226233;[0.3781053291706237;0.305226651363278;0.5526242973666223;0.47974561955927664];0.7738434531410837;0.25
974;0.6517280006155579;0.15501992565435344;6;0.392664204718186;[0.5651518674534916;0.06844379249228705;0.7383041337776243;0.24159605881641982];0.7679363925084511;0.25
9755;0.47051070565015096;0.0808333151292442;6;0.39689302207150057;[0.3829528033676873;-0.006724587153219497;0.5580686079326147;0.1683912174117079];0.7736688859295635;0.25
8275;0.4513839224515933;0.19223172051567552;6;0.5224468544070037;[0.3636040940195265;0.1044518920836087;0.5391637508836602;0.2800115489477424];0.7772424202469935;0.25
7633;0.3036305973340309;0.2395980090785431;6;0.4161757731538543;[0.21750836511415894;0.1534757768586711;0.3897528295539029;0.3257202412984151];0.7756522610058104;0.25
8067;0.4185466600465991;0.6169601928801691;6;0.3537003906689202;[0.33073966380462827;0.5291531966381984;0.5063536562885699;0.7047671891221399];0.7677797101654975;0.25
1065;0.37924480987279774;0.18258488908459614;6;0.553345486385144;[0.29477002295563837;0.09811010216743679;0.4637195967899571;0.2670596760017555];0.7742702663749743;0.25
3974;0.38911390241721655;0.0668834905778519;6;0.4973518318132386;[0.3037691582862181;-0.018461253553146567;0.474458646548215;0.15222823470885036];0.7726648852144588;0.25
175;0.7217525814169234;0.3433193669089517;6;0.5018812047413691;[0.6355922839897878;0.25715906948181616;0.807912878844059;0.42947966433608725];0.7755306887950268;0.25
6066;0.2950610824861271;0.1307115315861574;6;0.44443248444257;[0.20721406107491797;0.042864510174948245;0.38290810389733626;0.21855855299736654];0.7708857956895839;0.25
5130;0.27911481470148813;0.04535955780933246;6;0.4557957418377949;[0.1933630197440333;-0.04039223714812239;0.36486660965894296;0.13111135276678731];0.7674857868895001;0.25
7285;0.029821077937769724;0.2489838720431397;6;0.3644445785682293;[-0.0601839527504974;0.15897884135487259;0.11982610862603685;0.3389889027314068];0.7701356891947666;0.25
5499;0.26313505651314234;0.029290386859164408;6;0.3588679276908595;[0.17786959591622314;-0.055975073737754774;0.34840051711006154;0.11455584745608359];0.7728961029264613;0.25
4962;0.41140252544088335;0.7738410431668243;5;0.44149837032900985;[0.322173998738114;0.684612516464055;0.5006310521436528;0.8630695698695937];0.7749923794095643;0.25
6894;0.6534387102647783;0.39861755538520244;6;0.3220120877269145;[0.5650992644056341;0.3102781095260582;0.7417781561239225;0.48695700124434665];0.7825720078316096;0.25
8397;0.21689798677033534;0.46119876542770166;6;0.5840684699021249;[0.1288893147813236;0.3731900934386899;0.3049066587593471;0.5492074374167134];0.776049132363087;0.25
9047;0.2499927870552015;0.7908719111141568;7;0.5446686120933709;[0.16206763833841573;0.702946762397371;0.33791793577198725;0.8787970598309426];0.7768456984748847;0.25
6571;0.3066542372111485;0.5890654860562929;6;0.5351327447321846;[0.21752616138940856;0.499937410234553;0.3957823130328884;0.6781935618780329];0.768569474345728;0.25
3153;0.182564995363046;0.25299056545167636;6;0.5218236942687096;[0.10015099222140043;0.17057656231003082;0.26497899850469153;0.3354045685933219];0.778028653421612;0.25
1723;0.31630954036984194;0.2011398049224584;6;0.5561982703192063;[0.22602764580411772;0.11085791035673419;0.40659143493556615;0.2914216994881826];0.7685653895994958;0.25
59;0.41207625173454493;0.6040764343390532;6;0.5415982981271017;[0.32385984554756714;0.5158600281520754;0.5002926579215228;0.692292840526031];0.7648275862047358;0.25
7839;0.8827949847083104;0.327144446941988;6;0.56243511520999;[0.7956667454489434;0.2400162076826211;0.9699232239676774;0.41427268620135493];0.7786904600873282;0.25
1584;0.27007479157164205;0.6586561866662035;5;0.6690007960827156;[0.1837503813341192;0.5723317764286806;0.3563992018091649;0.7449805969037264];0.7776405891083876;0.25
8450;0.7686844244274611;0.2996468137913485;6;0.6464588165896806;[0.6781282718749546;0.20909066123884207;0.8592405769799676;0.39020296634385493];0.7784048920771693;0.25
7472;0.7387637079281051;0.39053322429990217;6;0.53564957121111;[0.6525807304218875;0.3043502467936846;0.8249466854343227;0.47671620180611973];0.7823364506208694;0.25
4176;0.8028378014903362;0.257195353429232;6;0.548249106772732;[0.7147843742409733;0.16914192617986912;0.8908912287396992;0.3452487806785949];0.7707353359055489;0.25
2018;0.7789439410635706;0.6245633815431934;7;0.502885778020842;[0.6896816660485695;0.5353011065281923;0.8682062160785716;0.7138256565581944];0.7718101919422029;0.25
8379;0.32427499296459417;0.26526385227890015;6;0.6089208057286685;[0.2398813502060376;0.18087020952034358;0.4086686357231507;0.3496574950374567];0.7858144530598368;0.25
6064;0.438263629599655;0.1292249066886623;7;0.4033876949822749;[0.35104026924665377;0.04200154633566108;0.5254869899526562;0.2164482670416635];0.7768079473940629;0.25
3652;0.27823688041811656;0.06665190261983453;6;0.5199756234622155;[0.18801257792838355;-0.02357239986989848;0.36846118290784957;0.15687620510956754];0.7704778596189932;0.25
4457;0.5849856202369834;0.2835453790807966;6;0.4665472354935227;[0.4947925453983461;0.19335230424215927;0.6751786950756208;0.3737384539194339];0.7785494774329982;0.25
4245;0.687234852493827;0.1662744045192163;6;0.5084928742495304;[0.5983248493025496;0.07736440132793894;0.7761448556851044;0.25518440771049367];0.7750758495193435;0.25
528;0.4990988664421413;0.06790908800157774;6;0.4394388000442659;[0.40827578553644256;-0.02291399290412101;0.5899219473478401;0.15873216890727648];0.7776471135162106;0.25
320;0.5427525554363043;0.40062735565391056;6;0.6164788010711733;[0.4586971220386587;0.31657192225626496;0.6268079888339498;0.48468278905155615];0.7769677185550296;0.25
9860;0.13970411979204322;0.284467417701978;6;0.5032706950427651;[0.052670737066325635;0.1974340349762604;0.22673750251776081;0.37150080042769557];0.7789061323898061;0.25
4527;0.9915843224150606;0.3635243368314355;6;0.40354901455039804;[0.9073175149659426;0.2792575293823175;1.0758511298641784;0.44779114428055344];0.7764073570732889;0.25
8844;0.42962418009196224;0.10541845068044522;6;0.39719461045226473;[0.34187840442123857;0.017672675009721542;0.517369955762686;0.19316422635116892];0.7769048111523876;0.25
8377;0.4531461942604544;0.524639620741951;6;0.7399447655374374;[0.36488534778031223;0.4363787742618088;0.5414070407405965;0.6129004672220932];0.7792142745692622;0.25
943;0.2108244720651625;0.9617069492120077;6;0.5480012571447647;[0.1254379020564338;0.876320379203279;0.2962110420738912;1.0470935192207365];0.7727397139967995;0.25
1575;0.16698174033244328;0.07895389294489857;5;0.2982834994835117;[0.08064943987204155;-0.0073784075155031575;0.25331404079284503;0.16528619340530032];0.7698494198335751;0.25
4915;0.6251999342052902;0.14593235569411808;6;0.7129620916313981;[0.5393277199128023;0.06006014140163017;0.7110721484977781;0.23180456998660598];0.7666256523333326;0.25
1768;0.8918216974967459;0.2526229491452955;6;0.5844638932944608;[0.8033159421897984;0.164117193838348;0.9803274528036934;0.34112870445224297];0.7824737057965135;0.25
3449;0.8478002870467567;0.39192213456469827;6;0.44120454383647145;[0.7606880475153289;0.30480989503327044;0.9349125265781845;0.4790343740961261];0.7694559302770754;0.25
1344;0.9962711905869948;0.33674178755876594;6;0.5250732098273548;[0.9128497429721772;0.2533203399439485;1.0796926382018122;0.4201632351735834];0.7797385857694927;0.25
8738;0.5038154955134685;0.3244471784543044;6;0.565122345882112;[0.41498256436351677;0.23561424730435265;0.5926484266634202;0.4132801096042561];0.772423664648011;0.25
585;0.6245502100567515;0.16831236747312625;6;0.7499713512163861;[0.538880226899919;0.0826423843162938;0.710220193213584;0.2539823506299587];0.77642560691209;0.25
5330;0.05502618832903333;0.6922888799622049;6;0.32860564925015096;[-0.036204561474873304;0.6010581301582982;0.14625693813293997;0.7835196297661116];0.7785045420406448;0.25
2638;0.1243754285588414;0.2291618625546426;6;0.515281736478612;[0.03555953843947057;0.14034597243527178;0.21319131867821223;0.3179777526740134];0.779152162543125;0.25
9745;0.3218504639900943;0.39803140499857714;6;0.26687205290350036;[0.23314843504687974;0.3093293760553626;0.41055249293330887;0.4867334339417917];0.774076539091489;0.25
1240;0.3489736258830902;0.9712952575733484;6;0.4469615103124256;[0.2621426018482239;0.8844642335384821;0.43580464991795653;1.0581262816082146];0.7727217406104592;0.25
5766;0.5131861199380046;0.3834945081236163;6;0.45171056018182076;[0.4250601830710318;0.29536857125664356;0.6013120568049773;0.471620444990589];0.7783034795169231;0.25
5969;0.3954486719572195;0.3126027120136839;6;0.662353239850936;[0.3049429891035893;0.2220970291600537;0.4859543548108497;0.4031083948673141];0.7642137842192515;0.25
8537;0.29628579496172497;0.45220302466920004;6;0.3705464143272291;[0.20841894570869285;0.3643361754161679;0.3841526442147571;0.5400698739222322];0.7795729409032628;0.25
2749;0.8503941949253789;0.31223070981979967;6;0.4641808414280394;[0.7599950256049123;0.22183154049933296;0.9407933642458456;0.4026298791402664];0.7733486837995445;0.25
3;0.5510926873508766;0.362145548655468;6;0.48655490548179026;[0.4617396714288092;0.2727925327334006;0.640445703272944;0.4514985645775354];0.7731740392381257;0.25
4524;0.1711494073050629;0.018362236689798556;6;0.5604068954174902;[0.08361045090518959;-0.06917671971007475;0.2586883637049362;0.10590119308967186];0.7712915939187076;0.25
1958;0.5808129613827251;0.04368300725532259;6;0.5948320255068623;[0.49175912988258164;-0.045370824244820834;0.6698667928828685;0.13273683875546602];0.7756717096834671;0.25
6366;0.1738146955147146;0.20457940363897184;5;0.47400832510061336;[0.08913690650003729;0.11990161462429454;0.2584924845293919;0.28925719265364913];0.7771252422467955;0.25
3711;0.2525197482665311;0.3866680988147535;6;0.43007610987419587;[0.16704274429042465;0.30119109483864703;0.3379967522426376;0.47214510279085997];0.7738969656792224;0.25
8913;0.6659231996329319;0.6459742973259714;6;0.38588670979852224;[0.5785410765397571;0.5585921742327966;0.7533053227261067;0.7333564204191463];0.7661622445128912;0.25
3038;0.7288019861111137;0.9431754955918433;6;0.6229383362839284;[0.641352980515161;0.8557264899958906;0.8162509917070664;1.030624501187796];0.7715499003086861;0.25
4000;0.3620105077314276;0.45851236976828097;6;0.4102297696053591;[0.2705210070683604;0.36702286910521376;0.45350000839449484;0.5500018704313482];0.7733432394619768;0.25
1147;0.11477966388966551;0.6152747115935999;7;0.4469232225886382;[0.026157728446636566;0.5266527761505709;0.20340159933269447;0.7038966470366289];0.7766784081109814;0.25
8240;0.20787344197137958;0.14992056805227816;6;0.3578807057975866;[0.12231777597061862;0.0643649020515172;0.29342910797214056;0.23547623405303914];0.7730957204833939;0.25
2128;0.026134501811252542;0.3109776437187547;5;0.532625341856532;[-0.06325415273009813;0.22158898917740402;0.11552315635260321;0.4003662982601054];0.7752340299308301;0.25
4423;0.4013243632489012;0.013893050602276052;6;0.5093328814166398;[0.315133556779144;-0.07229775586748113;0.4875151697186584;0.10008385707203324];0.7765610489011263;0.25
1988;0.8022736582759776;0.439171099451361;6;0.5343443105337984;[0.7146576970024764;0.35155513817785977;0.8898896195494789;0.5267870607248623];0.7791182609315798;0.25
9097;0.3132975600865272;0.21401471762334365;6;0.3665209753335438;[0.228364990408503;0.12908214794531944;0.3982301297645514;0.2989472873013679];0.7766826983397468;0.25
1837;0.9723419143280658;0.3649317043548982;7;0.5241099849128669;[0.88774959421224;0.28033938423907234;1.0569342344438917;0.44952402447072404];0.7666452063970061;0.25
7874;0.15100080856336232;0.17495725283197033;6;0.49515751277285613;[0.06387487810447706;0.08783132237308508;0.23812673902224757;0.26208318329085556];0.7679979345905885;0.25
4714;0.3337417471731771;0.4692954249450243;6;0.5053460052194443;[0.244671191826897;0.3802248695987442;0.42281230251945723;0.5583659802913045];0.766106175052467;0.25
9745;0.3755323975474242;0.6691711155596454;6;0.26687205290350036;[0.28817134806839023;0.5818100660806115;0.4628934470264581;0.7565321650386793];0.774076539091489;0.25
1908;0.6848285933213717;0.08327257512991645;6;0.5113723239608243;[0.6025959010052201;0.0010398828137648253;0.7670612856375233;0.16550526744606808];0.7745060014505942;0.25
2935;0.6917146523293536;0.006839561439602404;6;0.34986514004683983;[0.6033950946552291;-0.08147999623452201;0.7800342100034781;0.09515911911372682];0.7712529448934586;0.25
4856;0.06909285379820457;0.2977450675506108;6;0.4744822417494034;[-0.02134622492041509;0.20730598883199114;0.15953193251682424;0.3881841462692305];0.7810084103317657;0.25
5007;0.9284198373913479;0.11457439101263568;6;0.4573514133442914;[0.841512770149564;0.027667323770851848;1.0153269046331317;0.20148145825441952];0.7892725458485808;0.25
9076;0.22644862948772976;0.4909944229965901;6;0.4032794014801622;[0.13753621967644294;0.40208201318530323;0.3153610392990166;0.5799068328078769];0.7710841324783806;0.25
2331;0.4249995882446734;0.2811117548159137;6;0.48746637359347833;[0.33875495381698595;0.1948671203882263;0.5112442226723608;0.36735638924360114];0.7757766524968877;0.25
6466;0.9003367199340861;0.16697000864069814;6;0.44171493289979236;[0.8101690443824078;0.07680233308901979;0.9905043954857645;0.2571376841923765];0.7759547731294532;0.25
4687;0.7744601085610688;0.5070841376589199;6;0.6615446300457308;[0.6843141098606201;0.41693813895847115;0.8646061072615175;0.5972301363593686];0.771620666737604;0.25
9071;0.476875680382853;0.7536873320328533;6;0.6001786438185175;[0.3960316237229691;0.6728432753729694;0.5577197370427369;0.8345313886927372];0.7789823140654898;0.25
6095;0.7392024768738092;0.49238566782258475;6;0.4706294341839253;[0.6524262344129834;0.4056094253617589;0.8259787193346351;0.5791619102834106];0.7699294703637031;0.25
5503;0.7850326910180754;0.6084519415419111;6;0.4082376398240799;[0.6954320877556933;0.518851338279529;0.8746332942804574;0.6980525448042931];0.7753969454329682;0.25
7430;0.6688831848538914;0.3843122062382644;6;0.510345046619956;[0.5833396245861276;0.2987686459705006;0.7544267451216552;0.46985576650602817];0.777580690085273;0.25
9897;0.03416131932333932;0.8543593016462752;6;0.4724065499331862;[-0.05444419405411033;0.7657537882688255;0.12276683270078897;0.9429648150237249];0.7723167344991191;0.25
3727;0.3002219780555814;0.3680650208960885;6;0.5157103811529701;[0.21516281536190118;0.2830058582024083;0.38528114074926156;0.4531241835897687];0.7706471024244171;0.25
8862;0.3684148734734599;0.148762210177229;6;0.43000567466933026;[0.279650414139509;0.05999775084327803;0.45717933280741085;0.23752666951117996];0.7737080839551957;0.25
5496;0.37093316365456297;0.19791625164303905;6;0.4715233703145757;[0.2835023148334831;0.11048540282195919;0.45836401247564285;0.28534710046411893];0.7773177539043198;0.25
2296;0.33362640035459873;0.7456896068185508;6;0.48432902906171793;[0.2394498169857149;0.651513023449667;0.4278029837234826;0.8398661901874346];0.7821660636770793;0.25
2425;0.2572499194984068;0.607714262797029;6;0.3677287019685419;[0.165014798230851;0.5154791415294732;0.34948504076596265;0.6999493840645848];0.7798929197852381;0.25
7978;0.7244677179575524;0.9213363996768096;6;0.5650851608286708;[0.637721243655811;0.8345899253750682;0.8112141922592938;1.008082873978551];0.7781904097611689;0.25
4846;0.6237137601411864;0.251022340338635;6;0.6071982364260082;[0.5322246004159927;0.1595331806134413;0.7152029198663801;0.34251150006382874];0.77725988110977;0.25
156;0.8986539833453381;0.9664457116288957;6;0.5186407972657076;[0.8117584553577536;0.8795501836413112;0.9855495113329226;1.05334123961648];0.7761684203562023;0.25
6798;0.06082980552222059;0.5548413829828474;6;0.40952981523220283;[-0.027986367503941387;0.4660252099566854;0.14964597854838257;0.6436575560090093];0.773383674794489;0.25
8645;0.48344694270448163;0.15215198990343282;6;0.5579325581390436;[0.39542023871175985;0.06412528591071105;0.5714736466972034;0.2401786938961546];0.7740205128846677;0.25
9149;0.39272790007004943;0.024791815842839404;6;0.3844355762456228;[0.30792014183498967;-0.060015942392220356;0.4775356583051092;0.10959957407789916];0.7706948200691022;0.25
3091;0.6880860065815999;0.3459393170831834;6;0.4872590042202122;[0.6038986515399156;0.2617519620414991;0.7722733616232842;0.43012667212486766];0.7739314765010334;0.25
5189;0.29252332560596417;0.2157012108959204;6;0.43964477590955886;[0.20639409942526327;0.12957198471521952;0.37865255178666507;0.30183043707662127];0.7696443924328913;0.25
4466;0.26828317496988346;0.8936708226289471;6;0.578569694605313;[0.17925640362625508;0.8046440512853188;0.3573099463135119;0.9826975939725755];0.770933571358319;0.25
9774;0.16848499960126861;0.6970936345616713;6;0.43915319868433994;[0.07658499185457252;0.6051936268149751;0.2603850073479647;0.7889936423083674];0.7810469942368556;0.25
2266;0.6734848784869834;0.4406582896688006;7;0.6833616751552011;[0.5886969660360408;0.355870377217858;0.7582727909379259;0.5254462021197431];0.7684622213141994;0.25
8618;0.6341696453156931;0.07634919734405081;7;0.6760373519381544;[0.5465948578421057;-0.01122559012953657;0.7217444327892805;0.1639239848176382];0.7778873001727261;0.25
6963;0.2915010426122357;0.8399973706762383;6;0.5397859702223726;[0.19813495718304122;0.7466312852470438;0.3848671280414302;0.9333634561054327];0.7769519854058561;0.25
1601;0.6881740352556913;0.3643896356358497;6;0.3957355705184701;[0.5951069697966398;0.2713225701767982;0.7812411007147428;0.4574567010949012];0.7820862677962245;0.25
3997;0.3157779818876668;0.0652938177364657;6;0.38616340385687303;[0.2300527308554737;-0.020431433295727414;0.4015032329198599;0.1510190687686588];0.777896002992006;0.25
7699;0.3000910753107941;0.5125838600014663;7;0.43079877905279096;[0.21097091065697277;0.42346369534764494;0.38921123996461543;0.6017040246552876];0.7701188722122683;0.25
3750;0.3951067009049452;0.3603722624816412;6;0.5634048088360455;[0.3057668035219059;0.2710323650986019;0.48444659828798453;0.44971215986468055];0.774520726791834;0.25
9365;0.9605175004774885;0.6399807954678259;6;0.5264267995602887;[0.8727806446912132;0.5522439396815506;1.0482543562637638;0.7277176512541013];0.7745093661922824;0.25
6942;0.41283698509478495;0.15970121562442705;6;0.3842950736053393;[0.3264032812941661;0.07326751182380822;0.49927068889540377;0.24613491942504587];0.7794475192632796;0.25
1384;0.4731909316965808;0.005293727636620782;6;0.6195254728827737;[0.3871870636764714;-0.08071014038348862;0.5591947997166902;0.09129759565673018];0.7753286836722778;0.25
6032;0.44824373370521553;0.1945551088708224;6;0.558289581676149;[0.3645148464558635;0.1108262216214704;0.5319726209545675;0.2782839961201744];0.770906103542214;0.25
2877;0.18314182389777844;0.08278454493541954;6;0.48551961066322163;[0.09886322833610729;-0.0014940506262516168;0.2674204194594496;0.1670631404970907];0.7684861370363257;0.25
7242;0.7816860658714784;0.5540627253914521;6;0.4737227844299417;[0.6937728841403545;0.46614954366032824;0.8695992476026022;0.6419759071225759];0.7647976779858217;0.25
4807;0.9781685289527589;0.8975554381026095;6;0.39150585898193757;[0.895050520306673;0.8144374294565235;1.0612865375988447;0.9806734467486955];0.778552289601076;0.25
6721;0.525314610716725;0.2883924630153732;6;0.5521565183327743;[0.4411357554565343;0.20421360775518244;0.6094934659769158;0.37257131827556395];0.7682273758205962;0.25
3960;0.5887542406872996;0.31141328656562417;6;0.5556076897723252;[0.49943968339263217;0.2220987292709567;0.6780687979819671;0.40072784386029164];0.7735146813578597;0.25
3985;0.8704919352098339;0.16691148305043596;6;0.5253494224108217;[0.7808901059283283;0.07730965376893037;0.9600937644913395;0.2565133123319415];0.7872963793757606;0.25
2666;0.5107674038143657;0.36062367089147196;6;0.28581747675949093;[0.4288146019115338;0.2786708689886401;0.5927202057171976;0.44257647279430384];0.7721783373807375;0.25
2791;0.9946195742706606;0.23244617021439865;6;0.5874056504442309;[0.9035399177830843;0.14136651372682238;1.085699230758237;0.32352582670197494];0.767579410036055;0.25
9233;0.6450143645728436;0.0613337134549618;6;0.41756428955076386;[0.5550234836873204;-0.02865716743056143;0.7350052454583668;0.15132459434048504];0.771817587180672;0.25
8902;0.13206084578625799;0.15943299661540716;6;0.4233321886098721;[0.0457716238859114;0.07314377471506057;0.2183500676866046;0.24572221851575377];0.7662811902938836;0.25
8213;0.4979953345425363;0.6696532155566945;6;0.3446193137709843;[0.41134766907396425;0.5830055500881225;0.5846430000111084;0.7563008810252666];0.7762110234923713;0.25
5055;0.24783199564250824;0.7471178082446435;6;0.554513458680103;[0.16074091823309639;0.6600267308352317;0.3349230730519201;0.8342088856540553];0.7771365587729013;0.25
7004;0.8191684938964015;0.7979285628769837;6;0.3843311354773793;[0.7356621162381103;0.7144221852186925;0.9026748715546926;0.8814349405352748];0.7690811444850393;0.25
3979;0.582847792783548;0.10933147670255577;6;0.4666839012052986;[0.4981783044689089;0.024661988387916597;0.6675172810981872;0.19400096501719494];0.7745277754268739;0.25
8917;0.6829894038692391;0.531114851124173;6;0.4511490016209092;[0.5924730477857901;0.440598495040724;0.7735057599526881;0.621631207207622];0.7738855882619813;0.25
6431;0.6548612700845207;0.3265732685386795;6;0.44837601874263217;[0.5677242922178471;0.23943629067200606;0.7419982479511942;0.413710246405353];0.7723426543816303;0.25
337;0.9375811159164908;0.2641844899811124;6;0.4153855298726578;[0.8488598909950069;0.17546326505962845;1.0263023408379748;0.3529057149025963];0.776360597685107;0.25
4845;0.3259764361586802;0.39962622522273716;6;0.5628744379673095;[0.2393663402125238;0.31301612927658073;0.41258653210483665;0.4862363211688936];0.7770897254005751;0.25
2586;0.6285392969590724;0.47119995244097024;5;0.5953531878401923;[0.5410341608993314;0.3836948163812292;0.7160444330188134;0.5587050885007112];0.7791438901617546;0.25
6489;0.37279923647713875;0.1313072478571086;6;0.3257181932729247;[0.28259776141011617;0.04110577279008601;0.46300071154416134;0.22150872292413118];0.7779271616219345;0.25
2853;0.08752757619523654;0.1692471328671877;6;0.5023315352654013;[0.003262964388914727;0.08498252106086589;0.17179218800155838;0.2535117446735095];0.7716096200145659;0.25
8418;0.8719075698491734;0.8727440550652555;7;0.4825006829623853;[0.7865009906807396;0.7873374758968218;0.9573141490176071;0.9581506342336893];0.7726202974884905;0.25
4331;0.9216745933387304;0.9966338692160033;6;0.5690599539465819;[0.8341520160098593;0.9091112918871322;1.0091971706676013;1.0841564465448743];0.775803172548257;0.25
7365;0.15330017583229916;0.9953247250471038;6;0.6706228114890582;[0.0626240391277858;0.9046485883425904;0.2439763125368125;1.086000861751617];0.7718692285580925;0.25
3583;0.1452981883963198;0.7191599982229828;6;0.36560384207216534;[0.05418692590816668;0.6280487357348297;0.23640945088447293;0.810271260711136];0.7746314015454403;0.25
3840;0.9327712943580795;0.9917529849041749;6;0.5163742950834466;[0.8459375413454226;0.904919231891518;1.0196050473707363;1.0785867379168317];0.7700918049211158;0.25
2907;0.8622332380567038;0.3058669006368328;6;0.5712010775646402;[0.7741431630097593;0.2177768255898882;0.9503233131036484;0.3939569756837774];0.778489016001347;0.25
2439;0.8012556969761396;0.32887806778075723;6;0.5789502970122062;[0.7153179978182796;0.24294036862289722;0.8871933961339996;0.4148157669386172];0.7725180968538529;0.25
6659;0.8075557395739377;0.346394183281863;7;0.39351610202480125;[0.7212065022692653;0.2600449459771906;0.89390497687861;0.4327434205865354];0.7703932065399265;0.25
525;0.6595365464509516;0.023107160472107258;6;0.4633135455623735;[0.5715103900491292;-0.06491899592971515;0.747562702852774;0.11113331687392966];0.7701295715065511;0.25
711;0.6301781839778766;0.47779744768471977;6;0.4532046715800535;[0.5430730982733525;0.39069236198019563;0.7172832696824007;0.5649025333892439];0.7880691527627659;0.25
2613;0.3685897401790867;0.34154627918743824;6;0.5677559471095139;[0.2809663831478941;0.2539229221562457;0.45621309721027925;0.4291696362186308];0.7727298776417907;0.25
9639;0.39396520445501876;0.708260868064389;6;0.5310290032798165;[0.3087400642946633;0.6230357279040335;0.47919034461537424;0.7934860082247446];0.7788426660541703;0.25
6210;0.8910011249052714;0.10259467928002788;6;0.610982816804928;[0.8025695562190741;0.014163110593830616;0.9794326935914687;0.19102624796622514];0.7817143619288179;0.25
7957;0.8699735475279515;0.7249410866820831;6;0.44245900991421766;[0.7825274940389464;0.637495033193078;0.9574196010169567;0.8123871401710883];0.7840939190181777;0.25
7324;0.8914449900792097;0.18738329966106823;6;0.41896646507609275;[0.8060879522630346;0.10202626184489308;0.9768020278953848;0.27274033747724336];0.7770828641200783;0.25
125;0.8071669749020425;0.57766482098719;6;0.40334919808931063;[0.71910441824162;0.4896022643267675;0.895229531562465;0.6657273776476125];0.7744515404409713;0.25
5703;0.545842870143799;0.6201095231421105;7;0.5391628711842467;[0.45804237218847366;0.5323090251867852;0.6336433680991242;0.7079100210974358];0.7721336099014381;0.25
5242;0.7060871506721146;0.27804371449492776;6;0.5401988709101679;[0.615556178096258;0.1875127419190712;0.7966181232479712;0.36857468707078433];0.7801936171748186;0.25
7817;0.3376235798425329;0.38929691684222434;6;0.4668507957762508;[0.24934963579314623;0.3010229727928377;0.42589752389191954;0.477570860891611];0.7687093799019055;0.25
5166;0.6549817733298755;0.732226494266428;6;0.40990695673560257;[0.568003639849658;0.6452483607862105;0.741959906810093;0.8192046277466456];0.780358901069105;0.25
1109;0.14158633014588262;0.4521030701292599;5;0.35302599048212957;[0.05625731406022326;0.36677405404360053;0.22691534623154197;0.5374320862149192];0.7695914314939629;0.25
4901;0.6406265630497766;0.2885795764187122;6;0.4091046018869753;[0.5533441020652641;0.2012971154341996;0.7279090240342891;0.37586203740322477];0.7794213637674449;0.25
3087;0.43366105771708086;0.037194749363030855;6;0.3580370698047166;[0.3452861926280907;-0.051180115725959346;0.522035922806071;0.12556961445202106];0.7701478554428521;0.25
5198;0.5914608187481813;0.6895917463883454;6;0.45976885108882004;[0.503546046182374;0.601676973822538;0.6793755913139887;0.7775065189541528];0.7659142057173476;0.25
1794;0.9021618107432571;0.2156493512363239;6;0.5536803323240485;[0.8137499779156973;0.12723751840876407;0.9905736435708169;0.3040611840638837];0.7803424967498288;0.25
9122;0.5485696935075353;0.26019542464536377;6;0.47865073671339264;[0.4625627834767706;0.17418851461459908;0.6345766035382999;0.3462023346761285];0.769139773615702;0.25
1126;0.5095245833785009;0.6992995591903572;6;0.6499165645783663;[0.4240209377424318;0.6137959135542881;0.5950282290145701;0.7848032048264264];0.7764596924469618;0.25
7889;0.47488483989363156;0.5179944862856015;5;0.4554318097305073;[0.3888287884076338;0.43193843479960375;0.5609408913796293;0.6040505377715993];0.7748381951357766;0.25
7683;0.5328103696366358;0.9468795449814833;6;0.2763526977837578;[0.44450462403671775;0.8585737993815653;0.6211161152365537;1.0351852905814014];0.7761498069449794;0.25
6207;0.2762481909662575;0.11666258381091921;6;0.5187203018045837;[0.18823992085986055;0.028654313704522233;0.3642564610726545;0.20467085391731618];0.7742096487121338;0.25
6603;0.9457017031743077;0.6149171541376011;6;0.4615813435085521;[0.8580155822540622;0.5272310332173555;1.0333878240945533;0.7026032750578466];0.7781257133983625;0.25
3173;0.9002245451329716;0.1262854156330273;6;0.6570024413718373;[0.8157137412345133;0.04177461173456906;0.9847353490314298;0.21079621953148556];0.7771126233553235;0.25
5597;0.5059761280197999;0.09314117305985672;6;0.5666737683783634;[0.4133989992856639;5.640443257207972E-4;0.5985532567539358;0.18571830179399265];0.780955787503602;0.25
3410;0.6996092726660739;0.3412356917526594;6;0.38349262740921597;[0.6111109757474181;0.2527373948340037;0.7881075695847296;0.42973398867131507];0.7761880147696254;0.25
303;0.8169861650331923;0.30275982519721567;6;0.5314386085243921;[0.7281596533417194;0.21393331350574268;0.9058126767246653;0.39158633688868866];0.7755829620115273;0.25
4621;0.9091064496888238;0.260416432172321;6;0.6128878537602109;[0.8168403760686476;0.16815035855214472;1.001372523309;0.3526825057924973];0.7759674134356797;0.25
7001;0.5307090543583345;0.33934092189553117;6;0.4949813997423394;[0.4420615713165481;0.25069343885374473;0.6193565374001209;0.4279884049373176];0.766310610057926;0.25
6520;0.9982517244057889;0.8694532725936784;6;0.47940094921312315;[0.9102023348254101;0.7814038830132997;1.0863011139861678;0.9575026621740572];0.7798778386512375;0.25
3257;0.7605661754445324;0.23515485629282046;7;0.5572139509911637;[0.6767781263544523;0.15136680720274043;0.8443542245346125;0.3189429053829005];0.7839560825026706;0.25
3033;0.4400995250055033;0.6069468093858682;6;0.5825804402905417;[0.35185774622115495;0.5187050306015198;0.5283413037898517;0.6951885881702166];0.773960665173218;0.25
3177;0.8852476713334022;0.16190149500468184;6;0.508014057709623;[0.8003648570946866;0.07701868076596624;0.9701304855721178;0.24678430924339745];0.7724923156862;0.25
530;0.8322561030938884;0.4174672659965152;6;0.3708702594272004;[0.7394138249733786;0.3246249878760054;0.9250983812143982;0.510309544117025];0.7820332195784324;0.25
9211;0.9245922494132913;0.058704628693027616;7;0.4834964522606677;[0.8348832456110565;-0.03100437510920713;1.014301253215526;0.14841363249526235];0.780761098559039;0.25
6448;0.6064098948169966;0.3978307201510658;6;0.4589018011929412;[0.5217151045813184;0.3131359299153877;0.6911046850526747;0.4825255103867439];0.7764490338804821;0.25
6477;0.6644392859496944;0.7431430719365324;6;0.6302432081645633;[0.5778090110741023;0.6565127970609403;0.7510695608252864;0.8297733468121244];0.7746445587290649;0.25
5218;0.4991397465730259;0.9861480801188874;6;0.46015167827450953;[0.41186087912275077;0.8988692126686123;0.5864186140233011;1.0734269475691627];0.785778211423024;0.25
2214;0.8884740654577445;0.05853183852864002;6;0.4846291078908623;[0.7972618323841981;-0.03268039454490636;0.979686298531291;0.1497440716021864];0.7715702129549847;0.25
2242;0.4966095109312644;0.870413205228882;6;0.47657259252028783;[0.40921571082372205;0.7830194051213397;0.5840033110388068;0.9578070053364243];0.7798226044511523;0.25
4443;0.9033588563597803;0.12991369630684083;6;0.47171418346023747;[0.8155400515462746;0.04209489149333512;0.991177661173286;0.21773250112034653];0.7811771134446339;0.25
8933;0.5973887905356158;0.6316205954212593;6;0.6608790397066058;[0.5083608757484426;0.542592680634086;0.686416705322789;0.7206485102084325];0.7761196256569575;0.25
5665;0.8331895455311319;0.7366189725133874;6;0.36941973855856725;[0.7459371624846421;0.6493665894668976;0.9204419285776216;0.8238713555598771];0.7732317339693762;0.25
3741;0.5947023132654187;0.182818897020453;6;0.5182096376721685;[0.5071205555687436;0.09523713932377792;0.6822840709620938;0.2704006547171281];0.7772734964607763;0.25
8690;0.7050565480406434;0.3295507118790475;6;0.6336777222516592;[0.6221248648416456;0.24661902868004965;0.7879882312396412;0.41248239507804535];0.7752931153168198;0.25
3347;0.9512987364523312;0.5784370160507246;6;0.5554825038330956;[0.8630833938100219;0.4902216734084153;1.0395140790946404;0.666652358693034];0.7702357764937966;0.25
7008;0.6247065184537517;0.6189576370350067;6;0.38593824240438107;[0.5391769522034511;0.5334280707847061;0.7102360847040523;0.7044872032853073];0.7722150735845057;0.25
3203;0.8028164584948854;0.6341582749319571;6;0.5047054576517397;[0.7136652608026958;0.5450070772397675;0.891967656187075;0.7233094726241467];0.7672254116015642;0.25
8885;0.7382511060403764;0.1633420500574651;6;0.538218762752654;[0.6473581998462365;0.07244914386332528;0.8291440122345162;0.2542349562516049];0.7777180950730881;0.25
2402;0.546886531520568;0.3823208245415809;6;0.5929498987321946;[0.46067430788784886;0.29610860090886176;0.6330987551532872;0.4685330481743];0.7834828229172777;0.25
657;0.5901664937147337;0.21552952466835995;6;0.6246148685519541;[0.5014269945841243;0.12679002553775054;0.6789059928453431;0.30426902379896936];0.7778005351411548;0.25
5023;0.886588284127008;0.6090532056081956;6;0.39596514734308;[0.797154917318778;0.5196198387999656;0.976021650935238;0.6984865724164256];0.7720014484852795;0.25
3035;0.9245712333744722;0.5703630885657729;6;0.5214075845064248;[0.8358644480529376;0.48165630324423825;1.0132780186960069;0.6590698738873075];0.7753215099636;0.25
4195;0.7980638087371915;0.8783862369556137;6;0.49964248277252804;[0.713601442543942;0.7939238707623641;0.882526174930441;0.9628486031488632];0.7747879451576183;0.25
9145;0.8662028064053648;0.919520347121435;6;0.39205692584836915;[0.7719778142993092;0.8252953550153794;0.9604277985114205;1.0137453392274907];0.7705428173205872;0.25
2571;0.2544372103452248;0.5970841282746537;6;0.5415684039163324;[0.16857194983183835;0.5112188677612672;0.3403024708586113;0.6829493887880402];0.7789348212148273;0.25
9112;0.6486456110043657;0.6671418060794064;6;0.4837187670435455;[0.5645377986247764;0.5830339936998171;0.732753423383955;0.7512496184589957];0.7805208168257147;0.25
3239;0.8923289302939735;0.3934638667511998;6;0.3949056505685291;[0.8018600367186778;0.302994973175904;0.9827978238692693;0.4839327603264956];0.7710476151708329;0.25
8393;0.8660770553832629;0.8624665040825739;6;0.4956760996511223;[0.7796967510853134;0.7760861997846245;0.9524573596812123;0.9488468083805233];0.7824291486168963;0.25
2097;0.47376463158976234;0.33480356906878533;6;0.6374849907305714;[0.38982895606436324;0.25086789354338623;0.5577003071151614;0.41873924459418443];0.7742448334151433;0.25
8394;0.43041530225846675;0.5382547857327196;6;0.4817777698716007;[0.33683354357955086;0.4446730270538037;0.5239970609373826;0.6318365444116354];0.7760817198064641;0.25
4621;0.8870245105565483;0.39041560779638623;6;0.6128878537602109;[0.7997000987796818;0.30309119601951984;0.9743489223334147;0.47774001957325263];0.7759674134356797;0.25
4032;0.93422571859481;0.5025669482080123;6;0.6754391453792545;[0.8425774152781835;0.41091864489138585;1.0258740219114364;0.5942152515246387];0.7749195897352835;0.25
5031;0.5522467014042742;0.6275119187509143;6;0.3480073303001935;[0.46152415577256356;0.5367893731192036;0.6429692470359849;0.718234464382625];0.7710688696043398;0.25
2588;0.8798244294226225;0.9444719016641245;6;0.29683565308111864;[0.7916780991242784;0.8563255713657805;0.9679707597209666;1.0326182319624686];0.7716516943894572;0.25
6536;0.5531927340491367;0.39617976658469;6;0.518658468900476;[0.46462882999975863;0.3076158625353119;0.6417566380985148;0.4847436706340681];0.7830463425651181;0.25
6379;0.7481713364937296;0.8022434625542944;6;0.4568374757286916;[0.6607457754898091;0.7148179015503738;0.8355968974976501;0.8896690235582149];0.770637231679499;0.25
8052;0.5617075069639164;0.5904923981212863;6;0.49673200594085587;[0.4757555118212897;0.5045404029786597;0.647659502106543;0.6764443932639129];0.7735814182560352;0.25
7297;0.9876100526105754;0.4243544347489395;7;0.40388923774973995;[0.9034015091982937;0.34014589133665774;1.0718185960228572;0.5085629781612213];0.7723593713944842;0.25
4466;0.834980038178134;0.02691963853713053;6;0.578569694605313;[0.7448391223167159;-0.06322127732428762;0.9251209540395522;0.11706055439854868];0.770933571358319;0.25
2597;0.8954103439564196;0.07665981486078413;6;0.5166952440398733;[0.8107993623026251;-0.007951166793010403;0.9800213256102142;0.16127079651457865];0.771060635341172;0.25
7738;0.7865004739795891;0.6329927068318593;6;0.527100208456823;[0.6978463113396334;0.5443385441919035;0.8751546366195448;0.721646869471815];0.7672995067188104;0.25
133;0.525331230614996;0.597477443633758;6;0.6610176147626119;[0.4391195794103683;0.5112657924291303;0.6115428818196237;0.6836890948383857];0.7788248134751149;0.25
3984;0.761954148401768;0.2902300459918758;6;0.5841779047876252;[0.6681995309144496;0.1964754285045574;0.8557087658890864;0.3839846634791942];0.7747376796997707;0.25
1839;0.9707469522670202;0.17799796948051974;6;0.49970835588012835;[0.8829951524251045;0.09024616963860396;1.058498752108936;0.26574976932243555];0.7715412954740776;0.25
9083;0.6318883913253821;0.7794982409580964;6;0.38420141509272465;[0.5434182368250815;0.6910280864577958;0.7203585458256827;0.867968395458397];0.7796033633525222;0.25
1414;0.5716176357579543;0.10403834024412692;6;0.7215383299105632;[0.4842233996694263;0.016644104155598916;0.6590118718464824;0.19143257633265492];0.768434286588107;0.25
8658;0.481232739259431;0.12639626040197052;6;0.5440189136810715;[0.3950391503321558;0.04020267147469532;0.5674263281867062;0.21258984932924574];0.7722994250794452;0.25
4424;0.8156977269245809;0.5681208392527499;6;0.48763457920387815;[0.7291269784069749;0.48155009073514404;0.9022684754421868;0.6546915877703559];0.7813636455265781;0.25
1036;0.8051351586494693;0.6509510799285672;6;0.6111171153261217;[0.7157234663309003;0.5615393876099982;0.8945468509680382;0.7403627722471361];0.7719170997519428;0.25
3678;0.0694438305895092;0.14765886280488624;6;0.6781716807145284;[-0.01696273117448624;0.0612523010408908;0.15585039235350465;0.23406542456888169];0.7650893169943138;0.25
1011;0.6696886643869095;0.026302458201283185;6;0.4155793507441136;[0.5860751765823976;-0.0573110296032288;0.7533021521914215;0.10991594600579517];0.7753447150144706;0.25
4820;0.7222041086394648;0.5999206631434224;6;0.485320184724896;[0.6335963041442495;0.5113128586482071;0.8108119131346802;0.6885284676386377];0.7714322779715039;0.25
2620;0.9897554493068914;0.7222273597062507;5;0.49793910147298015;[0.9007890545693608;0.6332609649687201;1.0787218440444222;0.8111937544437814];0.7723998746098227;0.25
7057;0.41550075794329533;0.6682023618732047;7;0.5723381210876792;[0.32873977731822485;0.5814413812481342;0.5022617385683659;0.7549633424982752];0.7782724840436868;0.25
1043;0.5183064735537435;0.6290326159159092;6;0.41224745520664874;[0.435991243949683;0.5467173863118487;0.6006217031578039;0.7113478455199697];0.778314456260898;0.25
5075;0.4852684054042724;0.63961268951869;6;0.5878237695823054;[0.4003388679278288;0.5546831520422464;0.570197942880716;0.7245422269951336];0.7712369119780298;0.25
5591;0.11436620313796297;0.49704891862764167;6;0.5641027956399675;[0.027430145988433824;0.41011286147811254;0.20130226028749212;0.5839849757771708];0.7826049133077242;0.25
2445;0.6470394402343648;0.053579263712380365;6;0.49536860681201783;[0.5600782723239947;-0.033381904197989726;0.7340006081447349;0.14054043162275046];0.770841758070468;0.25
1537;0.2330616052936091;0.5992607367321999;7;0.5498262107992963;[0.1459565300821724;0.5121556615207632;0.32016668050504576;0.6863658119436367];0.7796745970773679;0.25
655;0.650815364586627;0.11670804802940737;6;0.4228203012589679;[0.5618363326097433;0.02772901605252366;0.7397943965635108;0.2056870800062911];0.7795373454831068;0.25
8934;0.5215720814971632;0.15376384172541252;6;0.42182465354167664;[0.43918779314005774;0.07137955336830712;0.6039563698542686;0.23614813008251792];0.7691380921603965;0.25
544;0.6809626907435568;0.06582181287442734;6;0.577989513336514;[0.5903310987221878;-0.024809779146941574;0.7715942827649257;0.15645340489579626];0.7720761291994065;0.25
4266;0.5931859109702848;0.6087880352615773;6;0.48449345266260474;[0.502931397049918;0.5185335213412104;0.6834404248906517;0.6990425491819442];0.7722502751315682;0.25
9329;0.7374845818880668;0.8954855810189375;6;0.532339239757925;[0.6499826295447386;0.8079836286756095;0.8249865342313949;0.9829875333622655];0.7792099814940926;0.25
3524;0.6995595531059384;0.6621965339626192;6;0.5293111957991891;[0.6111286198692024;0.5737656007258832;0.7879904863426744;0.7506274671993552];0.7725267547349831;0.25
9683;0.990526923735775;0.39964331659881097;6;0.6379770330535582;[0.9005761452390288;0.3096925381020649;1.0804777022325212;0.48959409509555707];0.7813654590315011;0.25
6572;0.02773370205329384;0.06079444586908883;6;0.6567127330084936;[-0.05719843332439378;-0.024137689508598792;0.11266583743098146;0.14572658124677645];0.7664167755012613;0.25
1058;0.36934085237155356;0.2653703140592551;6;0.5232524768870338;[0.28483343308917336;0.1808628947768749;0.45384827165393377;0.3498777333416353];0.7785140329270442;0.25
6248;0.18890024199185806;0.5561857221912054;6;0.4668295507442926;[0.10390842724954484;0.4711939074488922;0.2738920567341713;0.6411775369335186];0.7666439979847225;0.25
866;0.8443302437174114;0.609528990470154;6;0.5575791103372065;[0.7595300440886565;0.5247287908413991;0.9291304433461662;0.6943291900989088];0.7706704843342046;0.25
169;0.7352967744485569;0.4138908257844481;6;0.41892988002745246;[0.6506739183584881;0.32926796969437927;0.8199196305386257;0.4985136818745169];0.7790581856278496;0.25
1151;0.8974918387038303;0.5044315371084136;6;0.3285910083746605;[0.8121270347883247;0.419066733192908;0.9828566426193359;0.5897963410239192];0.7751954704286982;0.25
5639;0.4927268296981804;0.4013865895565168;6;0.6193930403388734;[0.40669056127601766;0.3153503211343541;0.5787630981203431;0.4874228579786795];0.7785695615060987;0.25
4359;0.22405302811503888;0.6761417604746903;6;0.4421858297897865;[0.140294013556493;0.5923827459161445;0.30781204267358475;0.7599007750332362];0.768424843538333;0.25
8050;0.540192546901344;0.4103456708156908;6;0.5939504806694176;[0.45298047415460657;0.32313359806895336;0.6274046196480815;0.4975577435624282];0.7747900882424369;0.25
2228;0.2098349225974478;0.4314197673176302;6;0.6206762644618489;[0.12042195133697647;0.3420067960571589;0.2992478938579191;0.5208327385781015];0.7732232614345598;0.25
729;0.029796101451012358;0.22846037296771704;5;0.49019618912333507;[-0.05651651652748177;0.1421477549892229;0.11610871942950649;0.31477299094621114];0.7750445846573807;0.25
7533;0.2259190920375391;0.5090698084885036;6;0.4641427598019574;[0.14207110986989707;0.42522182632086153;0.3097670742051811;0.5929177906561456];0.7846474950401782;0.25
1904;0.44684402039673426;0.8685823341089555;6;0.4710178199883125;[0.3597163691818065;0.7814546828940278;0.533971671611662;0.9557099853238832];0.7735278312620207;0.25
4528;0.6430412338345086;0.011194575514102856;6;0.3581572128975042;[0.5544987049601973;-0.07734795336020849;0.73158376270882;0.0997371043884142];0.7804368645344545;0.25
7396;0.8993656599213401;0.4324670709593216;6;0.5293857760093222;[0.8082625524330208;0.3413639634710023;0.9904687674096594;0.5235701784476409];0.7844591617376663;0.25
5615;0.6052406173520768;0.8256785885951747;6;0.3305738079984695;[0.5189077267493343;0.7393456979924322;0.6915735079548193;0.9120114791979173];0.7787523767172154;0.25
9144;0.3324157611674125;0.26431107158917644;6;0.70536814507257;[0.24841459427032736;0.1803099046920913;0.41641692806449765;0.3483122384862616];0.7755389397230965;0.25
5342;0.1323518988661708;0.9580135097814312;7;0.5793360020040065;[0.04420940189148567;0.8698710128067461;0.22049439584085592;1.0461560067561164];0.7849553490752125;0.25
9524;0.33333698773485543;0.3724368078823416;6;0.5725328716187261;[0.24613814540976553;0.2852379655572517;0.4205358300599453;0.4596356502074315];0.7795723609683622;0.25
6676;0.593284881738964;0.826006913627299;6;0.4396623505067435;[0.5054995425608945;0.7382215744492295;0.6810702209170335;0.9137922528053686];0.7729906451183345;0.25
9148;0.04434810006141418;0.988604676787471;6;0.6465974316181746;[-0.04511749208984368;0.8991390846362132;0.13381369221267203;1.078070268938729];0.7737364522354474;0.25
6364;0.41771901859628335;0.5833064595075386;6;0.6352441109611143;[0.33333400522001266;0.4989214461312679;0.502104031972554;0.6676914728838093];0.781043878909144;0.25
3628;0.2673724453013812;0.49873958963691684;6;0.4348507095840316;[0.17706951063669862;0.40843665497223425;0.3576753799660638;0.5890425243015994];0.7798383793919993;0.25
7854;0.1567586028334524;0.9376362792825037;6;0.4077600918461579;[0.0765163312615504;0.8573940077106017;0.2370008744053544;1.0178785508544057];0.7856835300505753;0.25
8612;0.03854306006088995;0.6517615122735431;6;0.5777999062739552;[-0.04697276404279126;0.5662456881698619;0.12405888416457116;0.7372773363772243];0.7818397777368896;0.25
5799;0.7101961649916655;0.7698143319798401;6;0.5486552181300435;[0.622431425716034;0.6820495927042086;0.7979609042672969;0.8575790712554715];0.7762437081298582;0.25
3297;0.4388283293401395;0.7818961688032926;6;0.2577579296453725;[0.34705484599921704;0.6901226854623701;0.530601812681062;0.8736696521442151];0.7809573987742338;0.25
580;0.3124066026279232;0.8164213782281667;6;0.49876065635413086;[0.22196108541848256;0.7259758610187261;0.4028521198373638;0.9068668954376073];0.7786605922584543;0.25
2086;0.023402956320745627;0.721614596192177;6;0.6175037644714604;[-0.06557174638471391;0.6326398934867175;0.11237765902620517;0.8105892988976366];0.7718608310100368;0.25
506;0.47138686354384096;0.6662122190923788;6;0.5387808672197977;[0.38747562723186885;0.5823009827804068;0.555298099855813;0.7501234554043509];0.7795744997555872;0.25
7536;0.13545278018244952;0.47886157352489506;6;0.5082624065311439;[0.047816577730758314;0.3912253710732039;0.22308898263414073;0.5664977759765862];0.7843774119355885;0.25
7360;0.17379437626340585;0.82338880707829;6;0.3981780536616332;[0.08296799923441331;0.7325624300492974;0.2646207532923984;0.9142151841072825];0.787086406373909;0.25
6082;0.4968596296130798;0.1826570933112872;6;0.5470971929965283;[0.4033200140002235;0.08911747769843092;0.5903992452259361;0.2761967089241435];0.7767325987033783;0.25
5047;0.7964821681012056;0.883219431549931;6;0.45612772131733703;[0.7095084538671091;0.7962457173158345;0.8834558823353021;0.9701931457840275];0.7702720454140961;0.25
4338;0.24328458976874023;0.9301258898476588;6;0.3082377172352093;[0.1543346503380322;0.8411759504169507;0.3322345291994483;1.0190758292783668];0.774721726931271;0.25
3631;0.7777684230023512;0.5511619577591236;7;0.4098444185039422;[0.6871450303809385;0.460538565137711;0.8683918156237638;0.6417853503805362];0.7762898445186708;0.25
2777;0.9380688207460716;0.9456378614008407;6;0.5044857717012468;[0.8497101561034655;0.8572791967582346;1.0264274853886777;1.0339965260434467];0.781731036264579;0.25
628;0.7244258612160758;0.8595207613065312;6;0.4118908472628905;[0.6389907501652375;0.774085650255693;0.809860972266914;0.9449558723573694];0.7817001844142015;0.25
7361;0.6916144412242204;0.2936101099737177;6;0.487607691755939;[0.6010922504601517;0.20308791920964894;0.7821366319882892;0.3841323007377865];0.7807462740616761;0.25
2002;0.007355146332380824;0.5611782639129789;6;0.39936394911584855;[-0.08329007044769848;0.47053304713289956;0.09800036311246013;0.6518234806930582];0.7804544581366516;0.25
9770;0.7950084693804711;0.8080084529961742;5;0.5375116851585506;[0.7093588092683152;0.7223587928840183;0.880658129492627;0.8936581131083301];0.7800227009661663;0.25
560;0.34240534675177947;0.5219286539018908;6;0.6022679475015282;[0.25858705854333863;0.43811036569344997;0.4262236349602203;0.6057469421103316];0.7768476398357693;0.25
1813;0.5169421290686882;0.4675593216825202;6;0.44667497122000716;[0.43075155194948894;0.3813687445633209;0.6031327061878875;0.5537498988017194];0.771154585049616;0.25
6448;0.2022930107879906;0.8693110606393305;6;0.4589018011929412;[0.11234932996101746;0.7793673798123574;0.2922366916149638;0.9592547414663036];0.7764490338804821;0.25
1659;0.36408087909315745;0.5318785107407367;6;0.5906301949701137;[0.27470233910765873;0.44249997075523795;0.45345941907865617;0.6212570507262354];0.7831395353478932;0.25
7871;0.9009835076438492;0.5053159377870133;6;0.21299930551492646;[0.8157339864003645;0.4200664165435287;0.9862330288873338;0.590565459030498];0.7805196477775322;0.25
4928;0.5884365038202926;0.30925269714625303;6;0.3859294935709496;[0.4968689859620419;0.21768517928800238;0.6800040216785432;0.4008202150045037];0.7753379183763136;0.25
9386;0.4391738934174829;0.787901932012511;6;0.4387284324442621;[0.35090320590144763;0.6996312444964757;0.5274445809335182;0.8761726195285463];0.7875094401714583;0.25
9620;0.10101113088333452;0.9811573435927077;6;0.37218266795807486;[0.012055900393138433;0.8922021131025116;0.18996636137353062;1.0701125740829038];0.7724454587041014;0.25
3559;0.06003817129641928;0.6921936741368215;6;0.44739196406630827;[-0.025451337187322162;0.60670416565308;0.14552767978016073;0.777683182620563];0.7765078104527547;0.25
5318;0.9002998449150935;0.9953636098421309;6;0.2786359694947227;[0.8106839644989445;0.9057477294259819;0.9899157253312425;1.0849794902582799];0.7710837528688419;0.25
6314;0.3806563856677733;0.988270567991613;6;0.47519760926709825;[0.2960889789389537;0.9037031612627933;0.46522379239659295;1.0728379747204326];0.7765740263951946;0.25
8057;0.33691950224485473;0.8621657804798981;6;0.5249691185350521;[0.2525748542187992;0.7778211324538427;0.42126415027091024;0.9465104285059536];0.7798147285146684;0.25
8961;0.38759155319448935;0.6965085005796064;6;0.4577303001021381;[0.29856501801112845;0.6074819653962455;0.47661808837785025;0.7855350357629673];0.773795985262267;0.25
5497;0.525085452421239;0.05804227676674023;6;0.4255892474207138;[0.4331031805765846;-0.03393999507791426;0.6170677242658935;0.15002454861139472];0.7674734602034776;0.25
6003;0.7436966326589507;0.3846515974864471;6;0.5763567202741109;[0.6532879645687334;0.2942429293962298;0.834105300749168;0.4750602655766644];0.7751672056144855;0.25
986;0.6576938093769322;0.2596834226324731;6;0.6841121311308991;[0.572122728607393;0.1741123418629339;0.7432648901464715;0.34525450340201236];0.7868166934216729;0.25
7400;0.20362814469287616;0.23590022149051293;6;0.6521145230716227;[0.11420541994456176;0.14647749674219854;0.2930508694411905;0.3253229462388273];0.7708001613367589;0.25
5617;0.9253555144792608;0.49753870034613706;6;0.36220914568210516;[0.8388090476013792;0.41099223346825553;1.0119019813571424;0.5840851672240186];0.773526918906935;0.25
90;0.7815995668831847;0.22110464240937233;6;0.4707556856342325;[0.6969118779143432;0.13641695344053084;0.8662872558520262;0.3057923313782138];0.7653133317672661;0.25
5721;0.02501797552692081;0.6654162465483038;6;0.6652152186678475;[-0.0626147617005953;0.5777835093207877;0.11265071275443692;0.7530489837758199];0.7761765063596575;0.25
1955;0.1825150953720086;0.6103649101206462;7;0.48805472323609733;[0.09392307181596452;0.5217728865646021;0.2711071189280527;0.6989569336766903];0.780309558492464;0.25
8010;0.14031929506856752;0.9531906044443723;6;0.6688616842204272;[0.054501668233919456;0.8673729776097242;0.2261369219032156;1.0390082312790203];0.7767699770031563;0.25
6354;0.361669076552851;0.714405718308761;6;0.5956109772454659;[0.27603468080572824;0.6287713225616383;0.4473034722999738;0.8000401140558837];0.7731741786022565;0.25
4290;0.7803096695575875;0.8454941168431236;6;0.5717332818196238;[0.6931927022514949;0.758377149537031;0.8674266368636802;0.9326110841492162];0.775025878620594;0.25
2787;0.40356360952051895;0.9864101843012602;6;0.5714719408041227;[0.31343998313717436;0.8962865579179156;0.49368723590386354;1.0765338106846047];0.770171225501959;0.25
8327;0.5152440107858929;0.9009797855569902;6;0.5315124887220066;[0.42566478899807636;0.8114005637691737;0.6048232325737094;0.9905590073448067];0.7757609184166085;0.25
4323;0.9031105702298415;0.5763786087692313;6;0.47592211563368403;[0.8153060788481219;0.48857411738751166;0.9909150616115612;0.664183100150951];0.7709846765668185;0.25
175;0.8083679387880918;0.665777007881538;6;0.5018812047413691;[0.720869162621412;0.5782782317148583;0.8958667149547715;0.7532757840482178];0.7755306887950268;0.25
515;0.29204474968041516;0.682186436262968;6;0.41133840223306306;[0.2070368040545772;0.59717849063713;0.3770526953062531;0.7671943818888061];0.7665164437131582;0.25
6772;0.05154775203391773;0.8740717190620952;6;0.5542317893456281;[-0.03588667605705531;0.7866372909711222;0.13898218012489078;0.9615061471530683];0.7724408133370453;0.25
447;0.5950946803418268;0.207489576111494;6;0.6082609075811803;[0.5076147947112606;0.12000969048092784;0.682574565972393;0.2949694617420601];0.7708159665430719;0.25
451;0.4165030152232573;0.7282266695142171;6;0.5355438626194866;[0.33371698316590775;0.6454406374568675;0.4992890472806068;0.8110127015715667];0.7784117450462915;0.25
3083;0.47104470493359685;0.45932340739762767;6;0.535380439889566;[0.384876343705354;0.37315504616938483;0.5572130661618397;0.5454917686258706];0.774616734059123;0.25
1611;0.8530855589282053;0.8431714531507062;6;0.5833109374612558;[0.7670883969488491;0.7571742911713499;0.9390827209075614;0.9291686151300624];0.7795873719558117;0.25
8769;0.20357349176868036;0.6217181160482661;6;0.6294491620700075;[0.11674318620823772;0.5348878104878234;0.290403797329123;0.7085484216087088];0.7850053637885213;0.25
5000;0.17462327643511252;0.7873522431822528;6;0.6256441169463932;[0.08734750271879267;0.7000764694659329;0.2618990501514324;0.8746280168985727];0.7745849239106195;0.25
5583;0.8051974283830127;0.4776286537049549;5;0.5479222576276872;[0.7165431215103799;0.3889743468323222;0.8938517352556454;0.5662829605775876];0.7749320203800503;0.25
653;0.015552445221272637;0.7644683770908488;6;0.485692654971785;[-0.06758173905389504;0.6813341928156811;0.09868662949644032;0.8476025613660165];0.7718433174594185;0.25
9978;0.47569432322283733;0.5648317895542421;6;0.5657697681802515;[0.38838910655260916;0.4775265728840139;0.5629995398930655;0.6521370062244702];0.7745523819973031;0.25
7903;0.26563293557812306;0.6297124553899658;6;0.5428427561162892;[0.17923232760692762;0.5433118474187704;0.3520335435493185;0.7161130633611612];0.7793985820811938;0.25
3807;0.5234476967872137;0.21361967262221304;6;0.5827008943569271;[0.4401264555525678;0.13029843138756717;0.6067689380218596;0.29694091385685895];0.7707172966119555;0.25
9286;0.27458619426970204;0.5807539760220546;6;0.44922889436487023;[0.1852171232971334;0.49138490504948595;0.3639552652422707;0.6701230469946232];0.7810330921932198;0.25
363;0.2532145705488509;0.7563227743339376;6;0.4569995947721438;[0.16277975425915742;0.665887958044244;0.34364938683854435;0.8467575906236311];0.7757483816343486;0.25
8704;0.1635276803703355;0.5772663788692594;6;0.5405310943741026;[0.07932202447416722;0.4930607229730911;0.24773333626650376;0.6614720347654276];0.7807106104294237;0.25
7033;0.1264337675378635;0.8472147120089586;6;0.5026688984528057;[0.038450565686377364;0.7592315101574725;0.21441696938934965;0.9351979138604447];0.7776819297368052;0.25
2337;0.15385080065954002;0.5966969809043428;5;0.44856007304570306;[0.06414952682198684;0.5069957070667895;0.2435520744970932;0.686398254741896];0.7768586430707778;0.25
4009;0.6522686023287274;0.3629791769463605;6;0.5888989399452842;[0.5622710202350826;0.27298159485271567;0.7422661844223722;0.45297675904000534];0.7726166949270106;0.25
1494;0.5440002249954345;0.6587816831639629;6;0.5564730555252206;[0.457165186984354;0.5719466451528824;0.630835263006515;0.7456167211750434];0.7724549769108171;0.25
1377;0.15707835702280637;0.743311495811361;6;0.5359258669491297;[0.06561939672190872;0.6518525355104634;0.24853731732370402;0.8347704561122586];0.7732255154810159;0.25
149;0.7190114673482056;0.5143939275823912;6;0.4035328783605529;[0.6306117392962134;0.42599419953039896;0.8074111954001979;0.6027936556343835];0.769151023336825;0.25
2147;0.08242801784474055;0.4670972325172047;6;0.4954248132304125;[-0.006279761912712303;0.37838945275975183;0.17113579760219338;0.5558050122746575];0.7795740499200844;0.25
2090;0.0305074128721409;0.29186664993291767;6;0.4991059791981394;[-0.06334946024138567;0.19800977681939108;0.12436428598566747;0.38572352304644425];0.7646721695368097;0.25
3750;0.3236159155178862;0.8363478076099496;6;0.5634048088360455;[0.23923830350640438;0.7519701955984678;0.407993527529368;0.9207254196214315];0.774520726791834;0.25
9817;0.14262952386015712;0.6969869799077315;6;0.5040395056036698;[0.05372576598844217;0.6080832220360166;0.23153328173187207;0.7858907377794464];0.7768169770187058;0.25
1202;0.06587517546966304;0.7240925133161674;6;0.45968667991697976;[-0.024316199231425487;0.6339011386150789;0.15606655017075155;0.8142838880172559];0.783107808049806;0.25
444;0.6189353526785389;0.6473763017464444;6;0.5406052920238681;[0.5336832087581481;0.5621241578260536;0.7041874965989298;0.7326284456668353];0.7821456537074346;0.25
6898;0.9538677210099774;0.21058530700535327;6;0.6346773289494908;[0.8625457645007958;0.11926335049617169;1.045189677519159;0.30190726351453484];0.7701668302271808;0.25
7689;0.6366348103644346;0.6449347446832343;6;0.679630887613112;[0.5509374493733246;0.5592373836921243;0.7223321713555446;0.7306321056743443];0.7763773940182918;0.25
3385;0.8290893601055225;0.7708291382385841;6;0.46010262577984123;[0.7401511319019439;0.6818909100350056;0.918027588309101;0.8597673664421627];0.7739285107657794;0.25
3012;0.12402170888027561;0.10270032366015747;6;0.45567217566976614;[0.03599984908943951;0.014678463869321368;0.2120435686711117;0.19072218345099357];0.7828567543758616;0.25
1960;0.1463186613715029;0.28868130764565103;6;0.47527173913840104;[0.062456770797927635;0.20481941707207577;0.23018055194507817;0.3725431982192263];0.7761673887001147;0.25
8083;0.29595680774666455;0.716377471685591;6;0.2935465106952725;[0.20528059148182126;0.6257012554207477;0.38663302401150784;0.8070536879504342];0.7753196183855875;0.25
1411;0.5982027430606841;0.5940339733021116;6;0.4645076361749657;[0.5101936722983796;0.5060249025398071;0.6862118138229886;0.6820430440644161];0.7750834827829021;0.25
6546;0.35341706867337275;0.8221308725460192;6;0.3658547094600807;[0.265073251424384;0.7337870552970305;0.4417608859223615;0.910474689795008];0.7771231124002811;0.25
2303;0.23656521620375595;0.44611883676703845;6;0.40951792882599697;[0.15141931141179651;0.360972931975079;0.3217111209957154;0.5312647415589979];0.7679803338412546;0.25
4326;0.3026677588608224;0.8899061538543621;5;0.5013043181593875;[0.21416911724771226;0.801407512241252;0.3911664004739326;0.9784047954674723];0.7863265452125225;0.25
6840;0.7123138248626105;0.8379650349563915;7;0.4795182068837116;[0.6263260885446074;0.7519772986383884;0.7983015611806137;0.9239527712743947];0.7692116842220366;0.25
5595;0.5946052893459906;0.31685207771446255;6;0.419629346453447;[0.5055171210429372;0.2277639094114092;0.6836934576490439;0.4059402460175159];0.7751924412060254;0.25
7402;0.9191722974518695;0.7892341050554417;6;0.5614185288816606;[0.8327505035775354;0.7028123111811077;1.0055940913262034;0.8756558989297757];0.7702264012894555;0.25
3603;0.12775589271440932;0.15875595230884798;6;0.45711671593179976;[0.039861494238960085;0.07086155383339875;0.21565029118985857;0.2466503507842972];0.7706717478433532;0.25
525;0.06558763639424584;0.16955115451927893;6;0.4633135455623735;[-0.02113906494743173;0.08282445317760137;0.1523143377359234;0.2562778558609565];0.7701295715065511;0.25
9243;0.1640337934241135;0.6201735981214234;6;0.5448367568220709;[0.07797976280997895;0.5341195675072888;0.25008782403824803;0.7062276287355579];0.7695079017574743;0.25
204;0.6772879681523982;0.8827305675382612;6;0.2924982373761116;[0.5901711099029523;0.7956137092888153;0.7644048264018442;0.9698474257877071];0.7681463511845483;0.25
7458;0.3285777072449748;0.756788881447499;6;0.48729381100819275;[0.24054300338224965;0.6687541775847738;0.4166124111077;0.8448235853102242];0.7735748474454547;0.25
7318;0.7643390232401124;0.6284666257504158;6;0.4454955600560926;[0.6791452706366541;0.5432728731469575;0.8495327758435707;0.7136603783538741];0.7733331868966574;0.25
9520;0.4057789426388455;0.8615813780167999;6;0.5380871473454756;[0.3194325384073412;0.7752349737852956;0.4921253468703498;0.9479277822483042];0.7754388190522412;0.25
7455;0.8697196862608744;0.8990898112362705;6;0.40595006694433144;[0.7800019322855415;0.8093720572609376;0.9594374402362073;0.9888075652116034];0.7679398831653437;0.25
2193;0.9554697943667987;0.7086401492496452;6;0.40961690897607056;[0.8651205836314804;0.6182909385143269;1.045819005102117;0.7989893599849636];0.7883807744534875;0.25
7609;0.24980697913729485;0.0665981353895474;6;0.5005348509438012;[0.16510309290666372;-0.018105750841083734;0.33451086536792596;0.15130202162017853];0.7718283562240239;0.25
2156;0.15735126225704543;0.8305433196731045;6;0.6560084833305406;[0.0730936754133322;0.7462857328293913;0.24160884910075867;0.9148009065168177];0.7816147730388916;0.25
1994;0.031330296086707066;0.5441226877762507;6;0.6254269652375591;[-0.05825641152512323;0.45453598016442043;0.12091700369853736;0.633709395388081];0.7789495719417123;0.25
7816;0.7297524318648492;0.5631170739072097;6;0.4889133286669378;[0.6411067284395614;0.47447137048192184;0.8183981352901369;0.6517627773324974];0.7756817524748989;0.25
8090;0.20070369711849567;0.8328154744001832;6;0.39885526824237727;[0.11064853085286383;0.7427603081345514;0.2907588633841275;0.922870640665815];0.773484294850324;0.25
5689;0.2662361795280005;0.4710033213772443;5;0.3578972011618736;[0.18129650826945104;0.38606365011869487;0.35117585078654995;0.5559429926357938];0.7811405509621231;0.25
5436;0.590781229780684;0.10797156249152295;6;0.3148319447157668;[0.5044936770589089;0.02168400976974784;0.6770687825024592;0.19425911521329808];0.7822524568151559;0.25
3999;0.42065716473371173;0.693388304823657;6;0.4134224672078911;[0.3345988544384855;0.6073299945284307;0.506715475028938;0.7794466151188832];0.7833215760367797;0.25
2741;0.3695443292198932;0.7044335770949315;6;0.5011686701625365;[0.2830138313768281;0.6179030792518664;0.4560748270629583;0.7909640749379966];0.7768611004138196;0.25
8403;0.27144544603154963;0.7815137483088325;6;0.4520293183183421;[0.18603340685939523;0.6961017091366781;0.35685748520370403;0.8669257874809868];0.7673876753631826;0.25
3287;0.5591470519018609;0.9803800813536968;6;0.3566162754939225;[0.4715717405434705;0.8928047699953064;0.6467223632602512;1.0679553927120873];0.7831216221547388;0.25
2764;0.10494702588694482;0.45373764410668455;6;0.3616376441383732;[0.01641391956569796;0.3652045377854377;0.19348013220819169;0.5422707504279314];0.7830696026466402;0.25
8838;0.7644471095274605;0.42094996083655967;6;0.47236125251125166;[0.6773401588255283;0.3338430101346274;0.8515540602293927;0.5080569115384919];0.7730202869127114;0.25
867;0.12869284985706508;0.6851859751993743;6;0.4916726018781172;[0.04176196690950036;0.5982550922518096;0.21562373280462982;0.772116858146939];0.7794055728756634;0.25
583;0.7418419261142937;0.9022531514135729;6;0.5693523518593222;[0.6518729593122546;0.8122841846115338;0.8318108929163327;0.9922221182156119];0.7704278075158111;0.25
5490;0.5848414083863474;0.7919109160826944;6;0.43573031149315006;[0.49793453527000053;0.7050040429663476;0.6717482815026942;0.8788177891990412];0.7790892840513229;0.25
7166;0.7057868120111233;0.6995063152530101;6;0.580052916798624;[0.6178516086650515;0.6115711119069384;0.793722015357195;0.7874415185990818];0.7787015850418856;0.25
