6049;0.5907062336959388;0.36509689454665206;6;0.48607815242356756;[0.5070829124907293;0.28147357334144263;0.6743295549011482;0.4487202157518615];0.7759366784552607;0.25
4729;0.45376129049062286;0.009828918700894418;6;0.42328492435762793;[0.3658508778400061;-0.07808149394972234;0.5416717031412396;0.09773933135151118];0.7787851280929158;0.25
9421;0.4351546782724015;0.17138032270954046;6;0.39169421758705913;[0.34654778205989806;0.082773426497037;0.5237615744849049;0.2599872189220439];0.7818765655407072;0.25
3504;0.39108557091185897;0.6407986871264155;6;0.5510963980380905;[0.30434860757258675;0.5540617237871434;0.4778225342511312;0.7275356504656877];0.7694299268660763;0.25
1653;0.3199331553274641;0.01675065685965585;6;0.5677479551583621;[0.2304435858461863;-0.07273891262162195;0.40942272480874187;0.10624022634093365];0.7788832093855864;0.25
6511;0.15869348372481587;0.5379526978889129;6;0.6899751506245789;[0.06904041306524449;0.44829962722934147;0.24834655438438724;0.6276057685484843];0.7843899214773995;0.25
6825;0.7505660544173831;0.11374629020120368;7;0.4640564302597892;[0.6624399107507382;0.025620146534558783;0.8386921980840281;0.2018724338678486];0.7701729594282952;0.25
4011;0.43137671319456705;0.5125500251947039;5;0.6366914471953752;[0.3402434217101278;0.42141673371026467;0.5225100046790063;0.6036833166791432];0.7776664559587768;0.25
183;0.11396187003711619;0.3667007684437183;6;0.6203126460512779;[0.028233300090786007;0.2809721984973881;0.19969043998344638;0.4524293383900485];0.7681710476241511;0.25
7529;0.2834620834698823;0.2064590009420054;6;0.6647485387568624;[0.19448779956063753;0.11748471703276064;0.372436367379127;0.29543328485125014];0.7720045270705183;0.25
8322;0.10591792770175917;0.029390542168008404;6;0.6733770857358515;[0.018427022078495725;-0.058100363455255044;0.19340883332502262;0.11688144779127185];0.7771085029673104;0.25
2331;0.13773802241762118;0.6447048519001392;6;0.48746637359347833;[0.049092690251724955;0.556059519734243;0.22638335458351738;0.7333501840660354];0.7757766524968877;0.25
956;0.28685952424217687;0.7790626277079203;7;0.41786703251071516;[0.19768790206924255;0.6898910055349861;0.37603114641511115;0.8682342498808546];0.771537541838809;0.25
4050;0.3311112599573693;0.1221914398762542;6;0.8457169558066997;[0.24294117677416793;0.03402135669305284;0.41928134314057064;0.21036152305945555];0.7778761168200261;0.25
9261;0.6587916495588186;0.2021102575413014;6;0.3741690899277658;[0.5763568850380424;0.11967549302052514;0.7412264140795949;0.28454502206207766];0.768908549645686;0.25
5023;0.433535169418118;0.6212917707809461;6;0.39596514734308;[0.3456875704927943;0.5334441718556224;0.5213827683434417;0.7091393697062698];0.7720014484852795;0.25
9515;0.38083894287456554;0.20902710971358301;5;0.5735142096757434;[0.29298817439189506;0.12117634123091256;0.468689711357236;0.29687787819625344];0.7693760736712978;0.25
2600;0.8124067579234251;0.18132897210144294;6;0.3560478667068986;[0.7225071949578795;0.09142940913589737;0.9023063208889707;0.2712285350669885];0.7770814347832102;0.25
6663;0.4407409384542;0.4920706524898886;6;0.5796963352438;[0.354082846466483;0.40541256050217167;0.5273990304419169;0.5787287444776056];0.7730270812001013;0.25
4712;0.26014778721749593;0.27484248786270166;6;0.5638984637212515;[0.17409618515725547;0.1887908858024612;0.3461993892777364;0.36089408992294214];0.7792721977019179;0.25
2460;0.15727634460081624;0.748290444276174;6;0.6767463551236331;[0.07297101436435367;0.6639851140397114;0.24158167483727883;0.8325957745126366];0.7790378188712345;0.25
3878;0.15082315198503837;0.20065682457298353;6;0.45560914465890745;[0.06359497544722113;0.1134286480351663;0.2380513285228556;0.2878850011108008];0.7814211441189824;0.25
9564;0.20602169632906459;0.6600630815398576;5;0.510437283153252;[0.11316503058287429;0.5672064157936673;0.29887836207525487;0.7529197472860479];0.7742381461762388;0.25
3646;0.4160818069801722;0.8172350748090289;6;0.4793812564970565;[0.3258395330868048;0.7269928009156614;0.5063240808735396;0.9074773487023964];0.7722757187121768;0.25
540;0.5248978035659906;0.09535166889001821;6;0.6160823164999372;[0.4342883195447624;0.004742184868790009;0.6155072875872187;0.18596115291124643];0.7689463230467732;0.25
5522;0.3326755179346183;0.2735395374955607;6;0.37332998534836925;[0.2470202641338973;0.1878842836948397;0.4183307717353393;0.35919479129628173];0.7676750772836118;0.25
8767;0.4818491442718965;0.24655198118786442;5;0.5427477341256833;[0.3967337457415485;0.16143658265751643;0.5669645428022445;0.3316673797182124];0.778776549124234;0.25
5661;0.49176814826165616;0.09275217639125118;6;0.45208382890080356;[0.40303038028938676;0.004014408418981777;0.5805059162339256;0.18148994436352056];0.767913031532014;0.25
1334;0.776873805761583;0.3803357522413672;6;0.5097168037041253;[0.6878944876370396;0.2913564341168237;0.8658531238861265;0.46931507036591064];0.7767270232690194;0.25
8103;0.2246554316085307;0.28156739760113697;6;0.35612460665698353;[0.13814857789772053;0.19506054389032682;0.31116228531934087;0.36807425131194715];0.7694201027573241;0.25
856;0.9351320352947691;0.17931594339379262;6;0.5015682805720725;[0.849672976148601;0.09385688424762455;1.020591094440937;0.26477500253996067];0.776069245108762;0.25
7900;0.46065854850022653;0.4067301574044995;6;0.551008884859133;[0.3727046918131074;0.3187763007173804;0.5486124051873457;0.49468401409161866];0.7869790366365461;0.25
9519;0.9190954965113645;0.8166168329012311;6;0.45492333818053843;[0.831984221542726;0.7295055579325926;1.006206771480003;0.9037281078698696];0.7774835247821156;0.25
7099;0.5295094052649879;0.6627581914965663;6;0.39589078546105644;[0.4446532004415511;0.5779019866731295;0.6143656100884247;0.7476143963200031];0.7736698976768864;0.25
2006;0.354170501317401;0.8892027030956092;6;0.41767143565488496;[0.2680346127223812;0.8030668145005895;0.4403063899124208;0.975338591690629];0.7741217367087936;0.25
9723;0.5390214941232678;0.3665678630361604;6;0.3001045280608543;[0.44836351585527945;0.275909884768172;0.6296794723912562;0.4572258413041488];0.7806487440681106;0.25
3173;0.07086769739368665;0.522294724298211;6;0.6570024413718373;[-0.017820887931648016;0.43360613897287636;0.1595562827190213;0.6109833096235456];0.7771126233553235;0.25
6807;0.4225357145595767;0.022175882650779105;6;0.42686178219289045;[0.3328284502537521;-0.06753138165504553;0.5122429788654014;0.11188314695660374];0.7805832683736289;0.25
78;0.7001982230622558;0.687303873747644;6;0.6442690568169522;[0.6092377008949309;0.5963433515803191;0.7911587452295806;0.7782643959149689];0.7727312153591744;0.25
4335;0.9541151613149145;0.9498916798223481;6;0.3823689302089753;[0.8652990221866281;0.8610755406940618;1.0429313004432008;1.0387078189506345];0.7809289658798925;0.25
1905;0.7635261739304875;0.11661159115651923;6;0.429490934557191;[0.6772752034895744;0.030360620715606093;0.8497771443714006;0.20286256159743238];0.7803052683107206;0.25
9099;0.5073367141933172;0.7562899270739984;7;0.5052672981941689;[0.4183180424837688;0.6672712553644501;0.5963553859028655;0.8453085987835468];0.7720205726830025;0.25
1776;0.18311397593197393;0.513753934633503;6;0.39745359626251303;[0.09433329874224308;0.42497325744377223;0.2718946531217048;0.6025346118232339];0.7817534673278393;0.25
3158;0.44629332613542994;0.728395692594316;5;0.6643646773405834;[0.3577006837038923;0.6398030501627784;0.5348859685669676;0.8169883350258537];0.765049670183263;0.25
8259;0.4550010639760466;0.1624689521804947;6;0.5571594818173679;[0.36159357843446477;0.06906146663891286;0.5484085495176285;0.2558764377220766];0.782044476671225;0.25
3180;0.6687555551340978;0.5104217765730079;6;0.4261295728678306;[0.5785757798110384;0.42024200124994854;0.7589353304571572;0.6006015518960673];0.7676316535646615;0.25
1790;0.44402926132972065;0.17779258850500573;6;0.5403321938603025;[0.3584371015309892;0.09220042870627428;0.5296214211284521;0.2633847483037372];0.771008592465767;0.25
3999;0.10077842454416971;0.677457775448298;6;0.4134224672078911;[0.014339005740862484;0.5910183566449908;0.18721784334747693;0.7638971942516052];0.7833215760367797;0.25
8813;0.21092140555449784;0.9575518017701913;6;0.43131824075122666;[0.11900081662848436;0.8656312128441778;0.3028419944805113;1.0494723906962047];0.7801287677302091;0.25
6984;0.09737534803351755;0.596214469083445;6;0.5335183550926572;[0.010617295455025919;0.5094564165049533;0.18413340061200917;0.6829725216619367];0.7817006091860131;0.25
1267;0.39123578344438986;0.27210133641045575;6;0.5043337966897216;[0.302214803784586;0.1830803567506519;0.48025676310419374;0.3611223160702596];0.7719609609769394;0.25
3471;0.13881998956775563;0.1707435065217741;6;0.5126742248419193;[0.05142845153910765;0.08335196849312614;0.22621152759640362;0.2581350445504221];0.7765906064229734;0.25
1888;0.6600660220615651;0.2758854664182742;6;0.49729530397153704;[0.5737403778407141;0.18955982219742318;0.746391666282416;0.36221111063912526];0.7763499980345261;0.25
3130;0.13667700999252502;0.19547796492290356;6;0.3646204202391969;[0.048935160259602525;0.10773611518998107;0.2244188597254475;0.2832198146558261];0.7776565533611209;0.25
8271;0.4306371892058681;0.4298959615528613;5;0.3536391533977705;[0.3427760349041748;0.342034807251168;0.5184983435075614;0.5177571158545546];0.772900613857832;0.25
6095;0.22154518822554248;0.288500793959216;6;0.4706294341839253;[0.13410355527800133;0.20105916101167487;0.3089868211730836;0.37594242690675717];0.7699294703637031;0.25
2337;0.9442711844528467;0.5094998259295657;5;0.44856007304570306;[0.857129559111888;0.42235820058860696;1.0314128097938053;0.5966414512705244];0.7768586430707778;0.25
7819;0.160833782377669;0.476059213265945;6;0.6458096341654489;[0.07079404847013217;0.3860194793584082;0.2508735162852058;0.5660989471734819];0.7739632841182605;0.25
2946;0.6740679148703989;0.00864493149822712;6;0.6678011236101872;[0.5865661543087525;-0.07885682906341922;0.7615696754320452;0.09614669205987346];0.7760006986376353;0.25
9706;0.40450920163295007;0.44522099990780784;6;0.4682286727900365;[0.3172526579019084;0.3579644561767661;0.49176574536399176;0.5324775436388496];0.7743422967675112;0.25
4127;0.09015627072431687;0.22805414024963433;6;0.5290212291801883;[0.0015196168146081462;0.13941748633992562;0.17879292463402557;0.31669079415934304];0.7776592369883064;0.25
9746;0.5376156297661652;0.03191008684126803;6;0.5198048152535812;[0.45168153599623795;-0.05402400692865919;0.6235497235360924;0.11784418061119525];0.7783062568771986;0.25
7043;0.46424011769384244;0.3637477114228348;7;0.6109877730176763;[0.3815170100238564;0.28102460375284877;0.5469632253638285;0.4464708190928208];0.7761596747577142;0.25
4159;0.8531576151200918;0.4411683380722513;6;0.5576449343825607;[0.769167301923113;0.3571780248752725;0.9371479283170706;0.5251586512692301];0.7798690899300114;0.25
4022;0.1882636455620584;0.13649570722303164;6;0.6511032720750435;[0.0985950821783165;0.04682714383928974;0.2779322089458003;0.22616427060677355];0.7700481494398433;0.25
570;0.3190570223665995;0.5274234815856657;6;0.5457162021724385;[0.23075730800974026;0.4391237672288064;0.40735673672345873;0.6157231959425249];0.7785366704356238;0.25
200;0.06707334062919393;0.2644777730672877;6;0.46715462377451605;[-0.02203062121415425;0.17537381122393952;0.1561773024725421;0.3535817349106359];0.7739617817759263;0.25
1869;0.12544261715368593;0.10544155731420524;6;0.6754378165987593;[0.0375794237400551;0.017578363900574406;0.21330581056731676;0.19330475072783607];0.7757207517286794;0.25
8935;0.07571011582046702;0.22395003463920848;6;0.6061913612107057;[-0.01505965645838371;0.13318026236035774;0.16647988809931774;0.31471980691805923];0.7779164014705573;0.25
3997;0.5023409325112693;0.27037513476832836;6;0.38616340385687303;[0.41575316396974893;0.183787366226808;0.5889287010527897;0.3569629033098487];0.777896002992006;0.25
1138;0.29443265949221936;0.8799179864710104;6;0.45075186560736824;[0.2081655199751151;0.7936508469539061;0.3806997990093236;0.9661851259881147];0.7740528205006975;0.25
5187;0.28785115146597773;0.5408579633665451;6;0.41882446439544685;[0.20259756947874286;0.45560438137931025;0.3731047334532126;0.62611154535378];0.7710427737857634;0.25
9538;0.02127144420299837;0.2329022086404106;7;0.47354467363169855;[-0.06789534815755088;0.14373541627986136;0.11043823656354762;0.32206900100095986];0.7806667433095918;0.25
3579;0.9680368715387576;0.4302933776543584;6;0.5347894834416866;[0.8801619523522766;0.3424184584678773;1.0559117907252387;0.5181682968408394];0.7650599040802666;0.25
8325;0.6332173589938903;0.002396382394090707;6;0.3311057968235387;[0.5480959558504267;-0.08272502074937287;0.7183387621373539;0.08751778553755428];0.7815321964745234;0.25
2177;0.6790183100453044;0.43229387429358024;6;0.4848294852417993;[0.5942402472809106;0.3475158115291864;0.7637963728096983;0.517071937057974];0.7826292348274402;0.25
9092;0.7922775829212189;0.42814038945969046;5;0.44600467177186426;[0.7026673675365513;0.338530174075023;0.8818877983058864;0.5177506048443579];0.775652157113124;0.25
6472;0.24076641264993337;0.032563012648637896;5;0.4892223294775776;[0.15380076036917173;-0.05440263963212373;0.327732064930695;0.11952866492939952];0.7668452457818311;0.25
3270;0.47369588735416396;0.5063243790973065;6;0.4083948263781997;[0.3864183942705722;0.41904688601371476;0.5609733804377557;0.5936018721808983];0.7743546861598269;0.25
3620;0.6591199510878827;0.5852985901953793;6;0.5424790296613493;[0.5688174487482212;0.4949960878557178;0.7494224534275442;0.6756010925350409];0.7657884680054826;0.25
1491;0.19898466100361425;0.4970100786905624;6;0.5192078126638193;[0.1125886939661982;0.4106141116531463;0.2853806280410303;0.5834060457279785];0.7735487494474484;0.25
8369;0.18809071247186238;0.23436380114615957;6;0.4717103366403438;[0.1016936756608593;0.1479667643351565;0.27448774928286546;0.32076083795716265];0.7773315990968251;0.25
6188;0.35342202733659767;0.43726325944815453;6;0.6193936785722969;[0.2641774214903425;0.3480186536018993;0.4426666331828528;0.5265078652944097];0.7718565896903657;0.25
7336;0.4309530940588615;0.42718822756962993;6;0.7002385743698922;[0.34132418100365114;0.33755931451441956;0.5205820071140719;0.5168171406248403];0.7726520856987307;0.25
590;0.3507240288216811;0.5481028460420734;6;0.42371199095709006;[0.26672746504286104;0.46410628226325334;0.4347205926005011;0.6320994098208934];0.772682158685575;0.25
8287;0.43515152503528154;0.67117876140865;6;0.4488201792169303;[0.34297902037879524;0.5790062567521637;0.5273240296917678;0.7633512660651363];0.7740168212997467;0.25
3188;0.9688986196556785;0.6732970653546907;6;0.5471268390659091;[0.8795825558018783;0.5839810015008905;1.0582146835094788;0.7626131292084909];0.7694554933361234;0.25
7048;0.03544677054586792;0.29405646958375864;7;0.6966347588825216;[-0.051765569470940326;0.2068441295669504;0.12265911056267617;0.38126880960056686];0.7739476424307457;0.25
5228;0.25610732549895027;0.05581812148283066;6;0.5457394223066877;[0.16869826334669913;-0.031590940669420475;0.3435163876512014;0.1432271836350818];0.772524730148753;0.25
7757;0.7532939380244332;0.4973174985455966;6;0.35716630184833886;[0.6637556540314327;0.407779214552596;0.8428322220174338;0.5868557825385972];0.7867395248508345;0.25
3041;0.7796045862991756;0.24469597056063805;5;0.5958667510079751;[0.692555176742896;0.15764656100435842;0.8666539958554552;0.3317453801169177];0.7739463924655621;0.25
7028;0.28824632174412135;0.028884217445150823;7;0.5729238725931962;[0.19677953852810964;-0.06258256577086088;0.37971310496013305;0.12035100066116253];0.7751705744333928;0.25
5044;0.32876574063253505;0.30288786359208086;6;0.4820840430525121;[0.24351371683565018;0.217635839795196;0.41401776442941995;0.38813988738896577];0.7698522300105703;0.25
2706;0.2996758150604321;0.37406355344931164;6;0.5952808960201886;[0.2104523459551805;0.28484008434406005;0.38889928416568376;0.4632870225545632];0.7713492986519217;0.25
4047;0.6641084853476882;0.2226918071361389;6;0.2977863553859401;[0.5797943532479666;0.13837767503641735;0.7484226174474098;0.30700593923586045];0.7744209149228072;0.25
7353;0.3353882363852261;0.007173318281091717;6;0.5348962560087687;[0.24344589974542222;-0.08476901835871214;0.42733057302502997;0.09911565492089558];0.7704563992110254;0.25
4976;0.7407061163573895;0.08852635785734204;6;0.5816688067234632;[0.6537345927155297;0.0015548342154822342;0.8276776399992493;0.17549788149920187];0.768595353131736;0.25
8169;0.020625732712488964;0.3865638803665056;6;0.5605000108457695;[-0.06678846440304836;0.29914968325096825;0.1080399298280263;0.4739780774820429];0.7760549057156909;0.25
5357;0.3208312581519745;0.7618978584104883;6;0.5001456776119352;[0.23161066259316815;0.672677262851682;0.41005185371078084;0.8511184539692946];0.7755130536165723;0.25
7607;0.855071203627716;0.30337716416836213;6;0.38870089459945906;[0.7670843168704692;0.21539027741111527;0.9430580903849629;0.391364050925609];0.7751397702658936;0.25
6137;0.6998053507769829;0.4737959185877547;6;0.41561790813933586;[0.6132226093612104;0.3872131771719822;0.7863880921927554;0.5603786600035272];0.7738204611770778;0.25
376;0.3196092191243326;0.7766994272729032;6;0.4817369016049173;[0.23445722698127575;0.6915474351298463;0.40476121126738945;0.8618514194159601];0.7700771582069508;0.25
7937;0.03786786406668252;0.8008228686911782;5;0.4400322702351903;[-0.053274077239519185;0.7096809273849766;0.12900980537288423;0.8919648099973799];0.7766134437323077;0.25
2589;0.7098527028216881;0.12118992846571469;6;0.42699930076439363;[0.6199011558027705;0.031238381446797123;0.7998042498406057;0.21114147548463225];0.7720181428578324;0.25
2686;0.06168380915026317;0.42981977023978135;6;0.4528516410365933;[-0.021589408197766224;0.34654655289175196;0.14495702649829256;0.5130929875878107];0.7688368551335308;0.25
894;0.45541378065332383;0.4333017412555286;6;0.4863496613395518;[0.36504417134171346;0.34293213194391825;0.5457833899649343;0.523671350567139];0.7732730403477661;0.25
4927;0.6422714128043043;0.37296667196843525;6;0.6136464196495897;[0.5554944429510598;0.2861897021151907;0.7290483826575489;0.4597436418216798];0.7778431509066411;0.25
2903;0.5263616828716637;0.04853208215363525;6;0.47547499527478676;[0.43752797068725324;-0.040301630030775276;0.6151953950560742;0.13736579433804577];0.7684442527904443;0.25
7952;0.23648307725003875;0.28966889306262267;6;0.3985771700268809;[0.1500003709202122;0.20318618673279612;0.3229657835798653;0.37615159939244924];0.7726310349072362;0.25
2343;0.5262461849033158;0.16094572017027772;6;0.4921439103859008;[0.4398642200566786;0.07456375532364053;0.6126281497499529;0.24732768501691493];0.773528616095806;0.25
5796;0.12610516586593642;0.2708158167828003;6;0.42694256023651145;[0.03976334394113784;0.18447399485800173;0.212446987790735;0.35715763870759887];0.7848578871522756;0.25
2598;0.06738662484652441;0.7589093699879574;6;0.44908991446911045;[-0.01643514959380235;0.6750875955476306;0.15120839928685118;0.8427311444282842];0.7781656497766272;0.25
4013;0.42533463744276023;0.19239969276648236;6;0.34562722739640667;[0.3382147557035088;0.10527981102723093;0.5124545191820117;0.2795195745057338];0.7698255104874825;0.25
1896;0.1367385151050884;0.24323047514306434;6;0.5488536918465154;[0.04667717727202472;0.15316913731000067;0.22679985293815205;0.333291812976128];0.7783270787934781;0.25
9384;0.3272927217621872;0.3456900141144194;6;0.6407572224116388;[0.23769371290388192;0.2560910052561141;0.4168917306204925;0.4352890229727247];0.7805027445441806;0.25
4855;0.36895235951107874;0.5238191197115645;6;0.44230914663278265;[0.2825699553222132;0.4374367155226989;0.4553347636999443;0.61020152390043];0.7723720164398957;0.25
6915;0.7248565086871848;0.029016627558813735;6;0.3735333104956094;[0.6354195376103222;-0.06042034351804887;0.8142934797640473;0.11845359863567634];0.7722369035047418;0.25
1684;0.14365544715160927;0.005675808576078051;6;0.3903821981826407;[0.053484333975976586;-0.08449530459955464;0.23382656032724197;0.09584692175171074];0.7806918214328181;0.25
7300;0.19518650198172433;0.5820083791188648;6;0.5732570501401084;[0.10867471210876867;0.49549658924590917;0.28169829185468;0.6685201689918205];0.7643981022098032;0.25
7785;0.031630658125957334;0.2076383155534862;7;0.338135334216366;[-0.05439124929865116;0.1216164081288777;0.11765256555056583;0.2936602229780947];0.773440420107367;0.25
5715;0.10569477134203661;0.6879737168518415;6;0.40022581628594817;[0.020166026211782137;0.6024449717215871;0.19122351647229108;0.7735024619820959];0.7881474415355907;0.25
3275;0.9589475531095721;0.8660784970470935;6;0.556141695813106;[0.8719576832913278;0.7790886272288491;1.0459374229278164;0.9530683668653379];0.780886835679239;0.25
7021;0.480787836380819;0.3145819854105222;6;0.3944869887503221;[0.3940324796301693;0.22782662865987247;0.5675431931314687;0.4013373421611719];0.7703445425785317;0.25
2085;0.4291070556913998;0.44503152094222564;6;0.5779558246646755;[0.3416618966799019;0.3575863619307277;0.5165522147028977;0.5324766799537236];0.7780977738590599;0.25
4817;0.31890980444049394;0.345880793457366;6;0.5850930452956972;[0.2309221030945392;0.25789309211141126;0.4068975057864487;0.43386849480332074];0.7672302794195968;0.25
2717;0.7997984224554551;0.5416323795703156;6;0.6042096229388575;[0.7135131308878326;0.4553470880026932;0.8860837140230775;0.6279176711379381];0.7836676713543226;0.25
9761;0.7229987583779591;0.22105248099201275;5;0.6589249680981568;[0.6366597474288156;0.1347134700428692;0.8093377693271027;0.3073914919411563];0.7752853205160847;0.25
1790;0.38912129593252853;0.48561208042072596;6;0.5403321938603025;[0.30046095064232614;0.3969517351305235;0.4777816412227309;0.5742724257109284];0.771008592465767;0.25
9306;0.3185689371855332;0.4999423797360201;6;0.4762751966740236;[0.23133361951104564;0.41270706206153257;0.40580425486002075;0.5871776974105077];0.7800026623224584;0.25
2431;0.9991249768674769;0.5420671673131201;6;0.5137689134298681;[0.9130287840743356;0.4559709745199788;1.0852211696606182;0.6281633601062614];0.7741366157301143;0.25
3332;0.5551503538751321;0.049609625902101634;6;0.4269822691579493;[0.4655456677802869;-0.0399950601927436;0.6447550399699773;0.13921431199694687];0.7778900377814134;0.25
3186;0.637567959630822;0.14346323119507412;6;0.39781119535876774;[0.5495706206955482;0.05546589225980027;0.7255652985660959;0.231460570130348];0.7793578170101864;0.25
864;0.47309299554365297;0.4415527335468145;6;0.6642708543286323;[0.38841577411302647;0.356875512116188;0.5577702169742795;0.526229954977441];0.7693635729968258;0.25
3315;0.5092722008624231;0.6868311297526455;5;0.3262736566581026;[0.4195903551652985;0.5971492840555209;0.5989540465595476;0.77651297544977];0.7722258427093588;0.25
4558;0.9802473681954601;0.39653190563717877;6;0.6276759144698587;[0.8934146244222045;0.3096991618639232;1.0670801119687157;0.48336464941043433];0.7767909017088487;0.25
2169;0.48617911963521915;0.15350317200849256;6;0.44896501198009475;[0.40067228811721456;0.06799634049048797;0.5716859511532237;0.23901000352649715];0.7831928082424838;0.25
9429;0.26413310850623284;0.4404514448814323;6;0.42081061523676;[0.1781126329835272;0.35443096935872664;0.3501535840289385;0.5264719204041379];0.7863837944888511;0.25
1924;0.3367684604771002;0.688449653467385;6;0.5003067772386399;[0.24733678305702053;0.5990179760473053;0.4262001378971798;0.7778813308874646];0.7787939518933896;0.25
7033;0.6112434272961612;0.29356197287855695;6;0.5026688984528057;[0.5184742439923231;0.2007927895747189;0.7040126105999993;0.386331156182395];0.7776819297368052;0.25
2787;0.8265143894891445;0.9203716165806588;6;0.5714719408041227;[0.7415788506316694;0.8354360777231837;0.9114499283466195;1.0053071554381339];0.770171225501959;0.25
7242;0.7716877791864604;0.5311155305572937;6;0.4737227844299417;[0.6820980915969385;0.44152584296777175;0.8612774667759823;0.6207052181468156];0.7647976779858217;0.25
3304;0.133291628353722;0.2785116252439901;6;0.619915056806624;[0.0457394644192055;0.1909594613094736;0.22084379228823847;0.36606378917850657];0.7724057898885877;0.25
7843;0.5583450443436458;0.39361747292031657;6;0.525520353965527;[0.4717089881018438;0.30698141667851453;0.6449811005854479;0.4802535291621186];0.7692584190516591;0.25
138;0.6847486114872544;0.3230722951026127;6;0.5817871265751644;[0.6011202260923894;0.23944390970774768;0.7683769968821195;0.40670068049747776];0.7715962983752249;0.25
1297;0.9301997252224691;0.6895131795582411;6;0.39274882196686156;[0.8429388685207192;0.6022523228564912;1.0174605819242188;0.776774036259991];0.7741785008297984;0.25
458;0.6834143300766855;0.7565708764175851;6;0.5109228008141435;[0.6005662658047843;0.673722812145684;0.7662623943485867;0.8394189406894863];0.7745815380703477;0.25
7909;0.8215518011141036;0.6781064054395092;6;0.5246046279096389;[0.732694575884283;0.5892491802096885;0.9104090263439243;0.7669636306693298];0.7795825644065599;0.25
5367;0.6348408258319702;0.16927098104014912;6;0.5712902371451767;[0.5503834541651814;0.08481360937336037;0.719298197498759;0.2537283527069379];0.7678291684880019;0.25
3043;0.5702971689122343;0.1053183776298321;6;0.47772618111792775;[0.4819178284317889;0.016939037149386743;0.6586765093926796;0.19369771811027744];0.7671605937765237;0.25
5050;0.9100919485546802;0.23034430329700487;6;0.6057173903951821;[0.8202338522599182;0.1404862070022428;0.9999500448494423;0.32020239959176694];0.7595073815411103;0.25
9818;0.7993545436075734;0.29944473916529546;6;0.44812109110152853;[0.7143731094615149;0.21446330501923688;0.8843359777536319;0.38442617331135404];0.7840836380744469;0.25
5078;0.991021881394155;0.7382310138410297;6;0.5448260447790017;[0.9048716162459475;0.6520807486928222;1.0771721465423627;0.8243812789892373];0.7796710767381281;0.25
6503;0.7304774025342354;0.5645354227341022;7;0.604075875904847;[0.6445726270022851;0.47863064720215187;0.8163821780661857;0.6504401982660525];0.7707819782754682;0.25
841;0.8247786687698283;0.16715823274918798;6;0.4062891372802858;[0.7351136346697033;0.07749319864906297;0.9144437028699534;0.256823266849313];0.7703727591488079;0.25
9159;0.6830184977189351;0.9961385034219759;6;0.34977899331997336;[0.5964709250177396;0.9095909307207803;0.7695660704201306;1.0826860761231714];0.7792085396570816;0.25
6122;0.8743276241922745;0.32194331165515405;6;0.52869533380491;[0.7869129974281402;0.23452868489101986;0.9617422509564088;0.40935793841928825];0.7691655873070063;0.25
7512;0.5742284015936419;0.20253539914665858;6;0.6151182123070539;[0.4884751622688319;0.11678215982184867;0.6599816409184518;0.28828863847146846];0.7776519272213376;0.25
5497;0.8120622120830694;0.4140478999030078;6;0.4255892474207138;[0.7242997657171957;0.32628545353713406;0.8998246584489431;0.5018103462688814];0.7674734602034776;0.25
192;0.3930289879394665;0.5768796232479927;6;0.6029954951529285;[0.3042477643386692;0.48809839964719537;0.4818102115402638;0.66566084684879];0.7717870870194341;0.25
2563;0.24259693719821795;0.06538730412590582;6;0.49073812713719067;[0.1563146839668109;-0.020894949105501243;0.328879190429625;0.15166955735731288];0.7758031135147342;0.25
7497;0.6633862174199733;0.1308493735444915;5;0.561905345416286;[0.577754516846636;0.04521767297115428;0.7490179179933105;0.21648107411782871];0.7731797536737971;0.25
4693;0.9733532492072338;0.7019838960408952;6;0.37334304498033477;[0.8897430609246885;0.6183737077583499;1.0569634374897792;0.7855940843234405];0.783926314327815;0.25
9841;0.023132904031180956;0.7331612013876053;5;0.46684150890674003;[-0.06663544924603444;0.6433928481103899;0.11290125730839635;0.8229295546648208];0.7820583480889775;0.25
4815;0.5733676869879195;0.47675563849107894;6;0.5594896899194861;[0.48613516176058574;0.38952311326374517;0.6606002122152533;0.5639881637184128];0.7697743753232759;0.25
9254;0.16035812400857974;0.08791544689252459;6;0.456541689089525;[0.07013024004836314;-0.0023124370676920053;0.2505860079687963;0.1781433308527412];0.7678464563124968;0.25
6759;0.36242632378321127;0.6562775739954132;6;0.5444629518543493;[0.275643686266036;0.569494936478238;0.4492089613003865;0.7430602115125884];0.7726360532758718;0.25
4308;0.7545771416234053;0.14401998814921244;6;0.38569865622416144;[0.6704248778525913;0.05986772437839842;0.8387294053942193;0.22817225192002644];0.7795476761416563;0.25
6189;0.44304868082726967;0.03570089508443591;6;0.41250041737363635;[0.35258936006623254;-0.05475842567660119;0.5335080015883068;0.12616021584547302];0.7764570706244912;0.25
8530;0.679568550490457;0.17311246229823446;6;0.49465381402866243;[0.5929799517183981;0.0865238635261756;0.7661571492625158;0.25970106107029334];0.7744053578380957;0.25
7046;0.5848047364083907;0.6162855159345293;6;0.4784155333267741;[0.49838007852175814;0.5298608580478967;0.6712293942950233;0.7027101738211619];0.7852181034032618;0.25
1281;0.9234904581719084;0.8270609167545728;6;0.3761223737752658;[0.8405303102273372;0.7441007688100015;1.0064506061164797;0.9100210646991441];0.7753481712020427;0.25
6053;0.8890289561639124;0.2797592284464937;6;0.47211499825033115;[0.8000409437759164;0.19077121605849773;0.9780169685519084;0.3687472408344897];0.7771773749923397;0.25
3825;0.7881763006968469;0.3865023616832203;6;0.33513729497940314;[0.6989462161999979;0.2972722771863713;0.8774063851936958;0.47573244618006927];0.7716068623651305;0.25
6154;0.7217331876386005;0.6672750017364137;6;0.5796126191787675;[0.6339347571440763;0.5794765712418896;0.8095316181331247;0.7550734322309379];0.7825579014445958;0.25
8467;0.7180624204990042;0.17044928475300314;6;0.5663687174920174;[0.6285390855185559;0.08092594977255485;0.8075857554794524;0.2599726197334514];0.7711100355308274;0.25
3947;0.9916350270542134;0.43742709165444577;6;0.6071412078336619;[0.9073470937770272;0.3531391583772596;1.0759229603313996;0.5217150249316319];0.7695143055225308;0.25
9538;0.5079222020945411;0.3231508100579859;7;0.47354467363169855;[0.42400344431343406;0.2392320522768789;0.5918409598756481;0.40706956783909287];0.7806667433095918;0.25
4512;0.8462567025096069;0.8125512245637955;6;0.3950058660090088;[0.7572095398337821;0.7235040618879707;0.9353038651854317;0.9015983872396203];0.7785390045997285;0.25
7522;0.8782722981638343;0.6790725610886886;6;0.4321731712731527;[0.7932498434660447;0.594050106390899;0.963294752861624;0.7640950157864783];0.7783279089251642;0.25
3583;0.7120758253385672;0.39165762025371925;6;0.36560384207216534;[0.6283746021080711;0.30795639702322314;0.7957770485690633;0.47535884348421537];0.7746314015454403;0.25
8941;0.47495877848818774;0.11597568645991785;7;0.5959443954606576;[0.386454618658883;0.027471526630613072;0.5634629383174925;0.2044798462892226];0.7797092613881337;0.25
3790;0.821388426552972;0.37526754109565946;6;0.5438277306540206;[0.7310073451532155;0.2848864596959031;0.9117695079527284;0.46564862249541583];0.7713798400281168;0.25
8542;0.9005181760851241;0.7337969419287221;6;0.6469792893444944;[0.8116392562065011;0.6449180220500992;0.989397095963747;0.8226758618073451];0.780103936449971;0.25
3160;0.6222988512435633;0.6678693588013794;6;0.5811714642108121;[0.530601917247174;0.5761724248049901;0.7139957852399527;0.7595662927977688];0.7794205464555001;0.25
640;0.7833672168292928;0.36376763526930644;6;0.5738374736037078;[0.6966803006275448;0.2770807190675585;0.8700541330310407;0.4504545514710544];0.769595411499347;0.25
8411;0.38673417526931403;0.2860146377879993;6;0.4431333851245158;[0.2994236732451894;0.1987041357638747;0.47404467729343863;0.3733251398121239];0.7749573550962937;0.25
8379;0.06773163102777258;0.658842649457658;6;0.6089208057286685;[-0.023110557976288415;0.5680004604535971;0.15857382003183357;0.749684838461719];0.7858144530598368;0.25
2008;0.6321039445320329;0.21909642465974705;7;0.5328167313513864;[0.5454375634971553;0.13243004362486946;0.7187703255669105;0.30576280569462466];0.7786669388169087;0.25
9606;0.4111683771231444;0.03164692370771932;6;0.4400240406976512;[0.3230661191528911;-0.056455334262534004;0.49927063509339775;0.11974918167797265];0.7744782958642256;0.25
4829;0.7562952227272064;0.5606882449729917;6;0.7560900452403085;[0.670502282246084;0.4748953044918693;0.8420881632083288;0.6464811854541141];0.7824667710318557;0.25
9573;0.7401598344751869;0.9904543002555075;6;0.43431527795237496;[0.6535380660649905;0.9038325318453112;0.8267816028853832;1.0770760686657037];0.776354715231268;0.25
7125;0.5505679757225765;0.0680375569003579;6;0.3339208313372123;[0.4623697860789896;-0.02016063274322906;0.6387661653661635;0.15623574654394484];0.7704485621779683;0.25
9725;0.24836100964384789;0.5483647486293752;6;0.5962178809556344;[0.1581531814086058;0.45815692039413314;0.33856883787909;0.6385725768646173];0.7727606279841229;0.25
5449;0.4233399738222932;0.3910825571031143;6;0.5031940062691369;[0.3368667917685968;0.3046093750494179;0.5098131558759896;0.4775557391568107];0.7720576014115013;0.25
2531;0.7049624325837761;0.32120265824807487;6;0.6379558387627339;[0.6212347455712331;0.2374749712355319;0.7886901195963191;0.40493034526061783];0.7764716963602241;0.25
274;0.666797195852114;0.3700908718948825;6;0.4289035761657869;[0.5780751017097607;0.2813687777525292;0.7555192899944674;0.45881296603723576];0.7744423300121792;0.25
3276;0.7967871393756533;0.1165067760168047;6;0.42675804800856243;[0.707017708539241;0.026737345180392405;0.8865565702120656;0.20627620685321701];0.7713511475141559;0.25
4589;0.48702023915020926;0.5140576622958548;6;0.38358354237352965;[0.39948141139067045;0.426518834536316;0.5745590669097481;0.6015964900553936];0.7722644923910985;0.25
2286;0.8550567783312808;0.9178489518327082;6;0.6059286623241326;[0.7676460532540212;0.8304382267554486;0.9424675034085404;1.0052596769099678];0.7738035570007886;0.25
9299;0.9859661634681939;0.6853258787856404;6;0.5788597769237264;[0.9001975496002239;0.5995572649176705;1.0717347773361638;0.7710944926536104];0.773877301193105;0.25
6998;0.3959454654363085;0.6621203195083574;6;0.42526273961249395;[0.30588113657753374;0.5720559906495827;0.48600979429508323;0.7521846483671321];0.7685342723435239;0.25
7432;0.964942865155177;0.6964301892024157;6;0.567289449149095;[0.8768411026443428;0.6083284266915815;1.0530446276660113;0.78453195171325];0.7816418776000019;0.25
1392;0.8625817868660866;0.7211693120159766;6;0.459689746451758;[0.7702189236425173;0.6288064487924073;0.9549446500896558;0.8135321752395458];0.7766447852690215;0.25
8766;0.8570019402608501;0.4394175279731385;6;0.6839965060518044;[0.7729491321794776;0.355364719891766;0.9410547483422226;0.523470336054511];0.7728079048312122;0.25
4009;0.9302850495039512;0.2118533880743813;6;0.5888989399452842;[0.8420439790869442;0.12361231765737432;1.018526119920958;0.30009445849138827];0.7726166949270106;0.25
1509;0.9773894470517639;0.18066644764901038;6;0.483307766471963;[0.8925438418824272;0.09582084247967369;1.0622350522211006;0.26551205281834706];0.773738826201064;0.25
4045;0.8659314421380184;0.16707481666920407;6;0.31847409644293434;[0.7771092464562237;0.0782526209874094;0.9547536378198132;0.2558970123509987];0.7705389585279312;0.25
7883;0.746913479828247;0.6934414978536992;6;0.5542579064572862;[0.659151334388096;0.6056793524135483;0.8346756252683979;0.7812036432938502];0.7725081312441391;0.25
3256;0.5100004594854901;0.03967435939933933;6;0.4671524248209508;[0.42619720821487445;-0.04412889187127633;0.5938037107561058;0.123477610669955];0.7761722779017775;0.25
1194;0.4321797863748638;0.42585328455274146;6;0.42415171126150397;[0.3440566300224525;0.33773012820033016;0.5203029427272752;0.5139764409051528];0.7786404807440614;0.25
5589;0.6762491048447565;0.37863074930059126;6;0.6550816634761122;[0.5885813972446389;0.29096304170047366;0.7639168124448742;0.46629845690070887];0.7864083933704351;0.25
4977;0.14454865425507646;0.6806593249178696;6;0.5118003608414967;[0.057107213106248125;0.5932178837690413;0.2319900954039048;0.768100766066698];0.7767338057192915;0.25
3993;0.6368777379493078;0.6760329284159292;6;0.4202562060338618;[0.5508603360945991;0.5900155265612205;0.7228951398040165;0.762050330270638];0.7760024261858938;0.25
8433;0.5122043918024415;0.30475465325124335;6;0.6286108780741028;[0.42946065025201363;0.2220109117008155;0.5949481333528693;0.3874983948016712];0.7810796304585477;0.25
9188;0.737095701948565;0.20839447266479433;5;0.49213013976363296;[0.6509664169900798;0.1222651877063092;0.8232249869070501;0.2945237576232794];0.7716511971739253;0.25
6816;0.9613700335947817;0.23126460696646353;6;0.49693766661032024;[0.8723296344425551;0.14222420781423686;1.0504104327470083;0.32030500611869017];0.7692384644681176;0.25
3548;0.795979398776647;0.33639882684722283;6;0.6063308156850479;[0.7104754789381706;0.2508949070087465;0.8814833186151234;0.42190274668569916];0.7752675745758323;0.25
1319;0.7586049231187459;0.18898937668589533;6;0.39337752582519425;[0.671853178565289;0.10223763213243839;0.8453566676722029;0.27574112123935224];0.7628618028278834;0.25
2699;0.9496330424055094;0.3214682610589379;6;0.6157345191801602;[0.8646421083330736;0.23647732698650215;1.034623976477945;0.40645919513137363];0.7742166492032577;0.25
5483;0.0757055523973249;0.11362353476900325;5;0.41187214069047023;[-0.009592869939238594;0.02832511243243975;0.1610039747338884;0.19892195710556676];0.7804980057710883;0.25
2905;0.7729826784934506;0.1556684162256225;6;0.4852966696119284;[0.6838735818848019;0.06655931961697374;0.8620917751020993;0.24477751283427124];0.7661690201684348;0.25
8403;0.9230672807418854;0.163799559827325;6;0.4520293183183421;[0.8364320055623568;0.07716428464779641;1.009702555921414;0.2504348350068536];0.7673876753631826;0.25
5886;0.5105366009462506;0.9825485379332549;6;0.6035038729441147;[0.42180117662663574;0.89381311361364;0.5992720252658655;1.0712839622528698];0.7823693090869285;0.25
718;0.46880534042118094;0.03155754891160173;6;0.43976599592643645;[0.382638569795676;-0.0546092217139032;0.5549721110466859;0.11772431953710666];0.7713053858095703;0.25
2090;0.7094679572249869;0.5678609918568487;6;0.4991059791981394;[0.6219348667879114;0.4803279014197733;0.7970010476620624;0.6553940822939242];0.7646721695368097;0.25
7688;0.23564998319972885;0.20844905228680952;6;0.46880340750562177;[0.1489888840993328;0.12178795318641347;0.3223110823001249;0.29511015138720553];0.7742480419513446;0.25
5160;0.8366009837469695;0.5460440226970305;7;0.46051708685233467;[0.7503519981877956;0.45979503713785663;0.9228499693061433;0.6322930082562043];0.7691284200975371;0.25
9851;0.9526488947599786;0.4615539905556814;6;0.45211246703299235;[0.8643571567432788;0.3732622525389817;1.0409406327766784;0.5498457285723811];0.7810665457086059;0.25
7341;0.9295430033447496;0.4834067564262849;6;0.4922150459996428;[0.846604808760134;0.4004685618416693;1.012481197929365;0.5663449510109004];0.7809613369299322;0.25
9745;0.7914584987030906;0.2410345922046058;6;0.26687205290350036;[0.7035044725165749;0.15308056601809006;0.8794125248896063;0.32898861839112153];0.774076539091489;0.25
4663;0.603794052363122;0.3920640285389819;6;0.5707261017017635;[0.5155716669863907;0.3038416431622506;0.6920164377398533;0.48028641391571325];0.7890767621475506;0.25
7318;0.9167206967841875;0.2983314298267049;6;0.4454955600560926;[0.8311156932006094;0.21272642624312676;1.0023257003677657;0.38393643341028305];0.7733331868966574;0.25
9754;0.5642402703828764;0.15653384209028479;6;0.449045561300578;[0.4790985467720592;0.07139211847946764;0.6493819939936936;0.24167556570110194];0.7662147945531493;0.25
5037;0.16368446481092613;0.5604234581247937;6;0.5625410923358465;[0.07854771467338474;0.47528670798725225;0.24882121494846754;0.6455602082623351];0.7739150876732049;0.25
2616;0.6244409034638203;0.4552662793145974;6;0.45204544479336783;[0.5368011292134238;0.36762650506420086;0.7120806777142168;0.5429060535649939];0.775813925725079;0.25
245;0.8477713945633201;0.6363712647645602;6;0.5450399684941066;[0.757658440678252;0.5462583108794921;0.9378843484483881;0.7264842186496283];0.78389368850033;0.25
5538;0.7590644023064972;0.35677057226847203;6;0.3184082415045888;[0.6785361359359228;0.27624230589789767;0.8395926686770716;0.4372988386390464];0.7731992119215831;0.25
287;0.15882084011383701;0.41597273945630164;6;0.7253708205742246;[0.07033450431066833;0.327486403653133;0.24730717591700568;0.5044590752594703];0.7746943092767946;0.25
2466;0.9965868642393183;0.5676238135425539;6;0.5451276382690453;[0.9061379634815792;0.4771749127848148;1.0870357649970575;0.658072714300293];0.777871910140838;0.25
195;0.6579329292354661;0.3384106698416362;6;0.48070057545465433;[0.5750224991214499;0.25550023972762004;0.7408433593494823;0.42132109995565237];0.7731000793676989;0.25
5082;0.48812406299582445;0.7299139075180787;6;0.6577425132665085;[0.4017958647033661;0.6435857092256203;0.5744522612882828;0.8162421058105371];0.7749076828510905;0.25
2297;0.2789506541180582;0.5321877014795471;6;0.39898041820548297;[0.1949959730613542;0.4482330204228431;0.3629053351747622;0.6161423825362511];0.7720790979213649;0.25
7816;0.8600728198287223;0.7538915311553245;6;0.4889133286669378;[0.7747907700303396;0.6686094813569418;0.945354869627105;0.8391735809537072];0.7756817524748989;0.25
3196;0.9225542138262189;0.6488492729016893;6;0.5099578836101774;[0.8400684200756691;0.5663634791511394;1.0050400075767687;0.7313350666522391];0.783797388368254;0.25
5788;0.2856122998277364;0.5287868682907632;6;0.3277982121638093;[0.20058267136031577;0.44375723982334253;0.370641928295157;0.6138164967581837];0.7718386987446771;0.25
976;0.7927701947607536;0.7018946209762578;6;0.3872280268750953;[0.7018972431095245;0.6110216693250287;0.8836431464119827;0.7927675726274869];0.7736863716828313;0.25
6065;0.7621552769876427;0.34143261415562537;6;0.3721661240851766;[0.6789237016103873;0.2582010387783699;0.8453868523648982;0.4246641895328808];0.7841221307122411;0.25
5742;0.4818104218500693;0.0033917566079049166;6;0.32395241121001195;[0.39634635212306935;-0.082072313119095;0.5672744915770692;0.08885582633490484];0.773519590293113;0.25
3050;0.9762727803938591;0.5111699463476497;6;0.322344507284604;[0.8856130560493796;0.4205102220031701;1.0669325047383387;0.6018296706921292];0.7686171275297526;0.25
562;0.718151696536911;0.8038719283829112;6;0.5462115088510607;[0.6292907432707983;0.7150109751167985;0.8070126498030238;0.892732881649024];0.7804775887886571;0.25
4497;0.9050187430924548;0.2524489025506125;6;0.678924151789968;[0.8176412248128366;0.1650713842709943;0.9923962613720729;0.3398264208302306];0.7711376964822015;0.25
8363;0.702542320676632;0.7616523533437711;6;0.4330761969411785;[0.615325354196353;0.6744353868634921;0.789759287156911;0.8488693198240501];0.7678408499633931;0.25
2024;0.8949830833494468;0.38380004195510453;6;0.5071292573381899;[0.8032928979901643;0.2921098565958221;0.9866732687087292;0.47549022731438695];0.7767587611686734;0.25
5791;0.8063219272155355;0.5727233454213164;5;0.32416373082462047;[0.7194835964502718;0.4858850146560527;0.8931602579807992;0.6595616761865801];0.7689157485550142;0.25
3448;0.6662782563487367;0.8700601742982074;6;0.4889682128845789;[0.5774619974979831;0.7812439154474538;0.7550945151994903;0.958876433148961];0.7744984536702928;0.25
8449;0.9632316631223812;0.41611375392097755;6;0.5837369742277612;[0.873215042901101;0.3260971336996974;1.0532482833436614;0.5061303741422577];0.7739594873695015;0.25
3046;0.6328196983746555;0.6857446525476452;6;0.3422558374863499;[0.545577696166234;0.5985026503392237;0.720061700583077;0.7729866547560666];0.7819234922511086;0.25
454;0.468506400343339;0.1791090861052957;6;0.3997016789463859;[0.38791809141021893;0.09852077717217562;0.5490947092764591;0.25969739503841577];0.7679340086430042;0.25
1279;0.15585202749564664;0.10789805333618308;6;0.30059590656521346;[0.0691674870072865;0.02121351284782294;0.24253656798400677;0.1945825938245432];0.774603971576418;0.25
5662;0.6686045074744891;0.383120107089594;6;0.5266600278084019;[0.5779498013048747;0.29246540091997963;0.7592592136441034;0.47377481325920834];0.7750766474885217;0.25
3907;0.9580439502365926;0.6122401360735017;6;0.3930598001526031;[0.8712459317572064;0.5254421175941155;1.044841968715979;0.6990381545528879];0.7792965874853779;0.25
7891;0.8311578373688461;0.892233301125381;6;0.41611999197034033;[0.7407368800162448;0.8018123437727798;0.9215787947214473;0.9826542584779823];0.7749022066074586;0.25
2607;0.19037726151810597;0.4318676377395569;6;0.5221257541408716;[0.10221972494910678;0.34371010117055767;0.27853479808710513;0.5200251743085561];0.7710453587366276;0.25
1617;0.7604113595698833;0.03306069577482029;6;0.5328497194495456;[0.6742768575916511;-0.053073806203411816;0.8465458615481154;0.1191951977530524];0.7807103581889157;0.25
5767;0.5818585231505007;0.19682202926888775;6;0.5544108133815449;[0.4957271358301136;0.11069064194850063;0.6679899104708878;0.28295341658927486];0.7712380497158878;0.25
2674;0.7808945783394363;0.17207013433367851;6;0.4423436199487703;[0.6960498629004477;0.08722541889468986;0.865739293778425;0.25691484977266715];0.7704518277958388;0.25
4643;0.9002290804348071;0.025665129177162682;6;0.5956553621349938;[0.8138519576429268;-0.06071199361471763;0.9866062032266874;0.112042251969043];0.7743225027374951;0.25
8505;0.9763329049177204;0.9840223681069831;6;0.46313596148852043;[0.8875303293767315;0.8952197925659942;1.0651354804587094;1.072824943647972];0.7832316103456834;0.25
6025;0.770682219756031;0.7579871540120171;5;0.29941455386558;[0.6870646306050993;0.6743695648610853;0.8542998089069628;0.8416047431629489];0.7821086305296606;0.25
937;0.8596455198458722;0.8779744829543403;6;0.5862056993672686;[0.7708383648818534;0.7891673279903215;0.948452674809891;0.9667816379183591];0.7762533915696403;0.25
8736;0.30938614680543963;0.1266935361138415;6;0.6507000671850341;[0.219309017592147;0.036616406900548834;0.39946327601873227;0.21677066532713413];0.7682181258651408;0.25
2770;0.3633619897156659;0.8628271055096584;6;0.4896200725130231;[0.27497161647225643;0.7744367322662489;0.4517523629590754;0.9512174787530678];0.7745601377672785;0.25
5692;0.4722000512062415;0.8076334793697374;6;0.39920734510988165;[0.38627096654839344;0.7217043947118893;0.5581291358640895;0.8935625640275855];0.784899629806553;0.25
299;0.39504785709724566;0.4825957377661769;6;0.48873776256226986;[0.30898071746591355;0.3965285981348448;0.48111499672857777;0.5686628773975091];0.7802164989959619;0.25
7609;0.8136130897302136;0.662911631686146;6;0.5005348509438012;[0.7255675186967623;0.5748660606526946;0.901658660763665;0.7509572027195973];0.7718283562240239;0.25
2045;0.8156440554765575;0.6521447645221446;6;0.42182674544659177;[0.7330868831483893;0.5695875921939765;0.8982012278047257;0.7347019368503128];0.766628360975487;0.25
742;0.586422319136676;0.7229108964847838;6;0.5221149095838196;[0.49552086640420334;0.6320094437523112;0.6773237718691486;0.8138123492172564];0.7715386304540739;0.25
3317;0.11604098704082885;0.16475579553231334;6;0.3883251557094475;[0.029985877472518782;0.07870068596400327;0.2020960966091389;0.2508109051006234];0.7666005408075844;0.25
8140;0.7452936046846201;0.8020595947135141;6;0.5105140100268296;[0.6610717675460611;0.717837757574955;0.8295154418231792;0.8862814318520731];0.7817493179568019;0.25
3582;0.8993466154479032;0.5359998099781034;6;0.4823484812936835;[0.8102367142475131;0.44688990877771323;0.9884565166482933;0.6251097111784936];0.7727335555077215;0.25
8784;0.04713193372243751;0.8328349083152911;6;0.49018008982479605;[-0.04022156793824251;0.745481406654611;0.13448543538311752;0.9201884099759711];0.7787595413579296;0.25
1827;0.03488381813172073;0.11610963943942199;6;0.4743610345256889;[-0.05955624320325424;0.021669578104447015;0.1293238794666957;0.21054970077439694];0.7753403592296294;0.25
7356;0.17269099728040138;0.7704316269739503;6;0.6139337621193279;[0.0877655658009731;0.685506195494522;0.25761642875982965;0.8553570584533786];0.7776678186065854;0.25
2651;0.9995104006372724;0.7836595346506244;6;0.4042810557383151;[0.91181640226552;0.695965536278872;1.0872043990090248;0.8713535330223768];0.7887569373058931;0.25
7815;0.15213590859631476;0.8845057144056538;6;0.4640309114239442;[0.06157157736059592;0.793941383169935;0.2427002398320336;0.9750700456413727];0.7809174087547417;0.25
8274;0.5994438329769156;0.9193405984779511;6;0.6601398241650343;[0.5056287991996471;0.8255255647006825;0.6932588667541841;1.0131556322552198];0.7753232570786021;0.25
2122;0.38857709779100336;0.8488807617556345;6;0.5371348720853795;[0.29879549124754085;0.759099155212172;0.47835870433446587;0.9386623682990971];0.7805415730341395;0.25
336;0.33664936162892867;0.7853410028997359;6;0.6225850745027809;[0.2483696488874129;0.69706129015822;0.42492907437044447;0.8736207156412517];0.7815486002126195;0.25
2279;0.09025210493712632;0.9572696851571488;6;0.5271194334204815;[0.005322015166660296;0.8723395953866828;0.17518219470759233;1.0421997749276148];0.7684322473511748;0.25
11;0.05473361844587005;0.9479446185280631;6;0.6632726536649557;[-0.03698227220953593;0.8562287278726571;0.14644950910127602;1.0396605091834692];0.775368697501549;0.25
6627;0.4536619224405227;0.7418082380282779;6;0.38575267024570986;[0.3675051242461377;0.6556514398338928;0.5398187206349078;0.8279650362226629];0.7780978418988895;0.25
9342;0.2062668451379432;0.35335156708701654;6;0.31162101195843894;[0.11564810465843336;0.26273282660750674;0.29688558561745304;0.44397030756652633];0.7789954770533941;0.25
4989;0.17372157925704407;0.14237491300156813;6;0.552812543133951;[0.08895657766632799;0.05760991141085205;0.25848658084776016;0.22713991459228422];0.7760161974838165;0.25
1695;0.4143737928819455;0.6340776692373467;6;0.48937285055439106;[0.3259834541631307;0.5456873305185319;0.5027641316007603;0.7224680079561614];0.7716155881937533;0.25
8789;0.41337602902369835;0.952839482654295;6;0.450904593949067;[0.3278953180797441;0.8673587717103407;0.4988567399676526;1.0383201935982491];0.7750691825602047;0.25
8896;0.8718669871544251;0.42756164793687296;6;0.46783206216580714;[0.7901853005326867;0.3458799613151345;0.9535486737761636;0.5092433345586114];0.7656545231754757;0.25
3629;0.5060328629047264;0.6823178169102726;6;0.41283977425810303;[0.41344405697128606;0.5897290109768323;0.5986216688381667;0.7749066228437129];0.776249635977965;0.25
3944;0.047239682575371866;0.33682105585401767;6;0.6169705487562732;[-0.03463068132954905;0.25495069194909675;0.12911004648029278;0.4186914197589386];0.7825372757368506;0.25
986;0.007958966534054146;0.8336359485415002;6;0.6841121311308991;[-0.07773763671872129;0.7479393452887249;0.09365556978682958;0.9193325517942756];0.7868166934216729;0.25
2422;0.40916778665801856;0.9849236255721683;6;0.5676706409958528;[0.3227046740641855;0.8984605129783352;0.4956308992518516;1.0713867381660014];0.7863019884200024;0.25
5483;0.20885484542752641;0.42299401024748906;5;0.41187214069047023;[0.12081919436240134;0.334958359182364;0.2968904964926515;0.5110296613126142];0.7804980057710883;0.25
2005;0.5129649823456497;0.8396638175907073;6;0.47404582842566645;[0.42510276017781423;0.7518015954228718;0.6008272045134851;0.9275260397585428];0.7716326767103365;0.25
94;0.8028786721915521;0.3683425570190054;6;0.5692153890056711;[0.7144034433513458;0.2798673281787991;0.8913539010317584;0.45681778585921173];0.771439900527593;0.25
2099;0.9073772106521125;0.36956372796020803;6;0.4447720906522021;[0.817057896388631;0.2792444136967265;0.997696524915594;0.4598830422236896];0.7765774330038806;0.25
9538;0.9163619847653879;0.8596293012777246;7;0.47354467363169855;[0.8328432819094964;0.7761105984218332;0.9998806876212794;0.9431480041336161];0.7806667433095918;0.25
2957;0.2687537979945954;0.8991527975091959;6;0.5258073677367749;[0.18280927783680104;0.8132082773514014;0.35469831815238984;0.9850973176669903];0.7795880560046886;0.25
4437;0.6900605874799365;0.8804878290185713;7;0.4887054684723925;[0.5983331813392622;0.7887604228778969;0.7817879936206108;0.9722152351592456];0.7741397389960202;0.25
1870;0.15099166838172035;0.7608799850055481;6;0.4933682556762741;[0.0647396632929837;0.6746279799168114;0.237243673470457;0.8471319900942847];0.7797960411722155;0.25
9531;0.8030188270913521;0.34801235331762825;5;0.45193010881914675;[0.717439708082996;0.2624332343092721;0.8885979460997082;0.4335914723259844];0.7727904764215549;0.25
7006;0.8559651704076678;0.0011149473462254145;6;0.5946905383251755;[0.7737964417813458;-0.0810537812800967;0.9381338990339899;0.08328367597254753];0.7778261410820948;0.25
9829;0.5252897387871538;0.8784245300557635;6;0.4513802605833985;[0.43854363330904667;0.7916784245776564;0.6120358442652609;0.9651706355338706];0.7849489536351261;0.25
6732;0.916978976008117;0.3437226027016072;6;0.481044953253637;[0.8325415124162403;0.2592851391097306;1.0014164395999936;0.4281600662934838];0.7781998136264267;0.25
1558;0.4686534468485233;0.9597104889993692;7;0.3338398288973444;[0.3788714501374383;0.8699284922882842;0.5584354435596083;1.0494924857104542];0.7761491559671699;0.25
9748;0.8602272769628598;0.4590781738973178;6;0.4259787676895087;[0.7712810507020451;0.37013194763650303;0.9491735032236746;0.5480244001581326];0.7802717669796365;0.25
2551;0.163557846101542;0.07495926555787102;6;0.503616242110697;[0.07314032821220831;-0.015458252331462669;0.2539753639908757;0.16537678344720472];0.774723781863186;0.25
7184;0.2446657039337157;0.47696587753340725;6;0.37071274006504107;[0.15409354499462535;0.3863937185943169;0.33523786287280605;0.5675380364724976];0.772605334731975;0.25
141;0.9143747934521739;0.8012995068054174;6;0.39766388483366966;[0.8243977519535186;0.7113224653067621;1.0043518349508291;0.8912765483040727];0.7724139547449257;0.25
5305;0.6202217942565775;0.5516771839905716;6;0.6176757763673055;[0.5343372315665599;0.465792621300554;0.7061063569465952;0.6375617466805893];0.778591447459318;0.25
2240;0.03987763346619225;0.888527875890378;5;0.5346882377134992;[-0.05104066546445671;0.797609576959729;0.1307959323968412;0.9794461748210269];0.7709876828925539;0.25
9477;7.434226387958986E-5;0.9913792715581805;5;0.3256592460481783;[-0.08404615220875568;0.9072587770855453;0.08419483673651486;1.0754997660308159];0.7797466553372924;0.25
1039;0.89857334764556;0.5142074751365993;5;0.5187700409076;[0.8095101776518965;0.4251443051429357;0.9876365176392234;0.6032706451302627];0.7744284131431012;0.25
3508;0.5784821461863947;0.9789572125019006;6;0.3053206154515539;[0.4928007020441876;0.8932757683596935;0.6641635903286018;1.0646386566441077];0.7753245947015218;0.25
812;0.061564997558056;0.1754374745395203;6;0.30191151874863886;[-0.03254935907716461;0.08132311790429969;0.1556793541932766;0.2695518311747409];0.7743523992573522;0.25
8176;0.7378779473724154;0.7475162181514077;6;0.46810118079808083;[0.6503022721300173;0.6599405429090096;0.8254536226148135;0.8350918933938057];0.7773803046935741;0.25
5513;0.3865883430830702;0.8512553808184774;6;0.6167445391375118;[0.29772017376718063;0.7623872115025878;0.4754565123989598;0.940123550134367];0.7739457554000846;0.25
5489;0.9896445414985522;0.08270297684100203;6;0.5576697060752366;[0.9006004940978294;-0.006341070559720816;1.078688588899275;0.1717470242417249];0.7745427854448255;0.25
3706;0.9113513391110774;0.47599133338480554;6;0.5037150817520415;[0.8218313310224622;0.3864713252961903;1.0008713471996926;0.5655113414734207];0.7662605877296828;0.25
8127;0.6970874574761108;0.6373305442202558;6;0.49118782645817644;[0.6083973367698832;0.5486404235140282;0.7857775781823384;0.7260206649264834];0.7730119158581406;0.25
3241;0.6031159104548165;0.6662073660985472;6;0.5715142024346898;[0.5142804933130753;0.5773719489568061;0.6919513275965576;0.7550427832402884];0.7647642539609525;0.25
198;0.03919194960297137;0.9325293071217009;6;0.41157295792035287;[-0.04810040415316644;0.845236953365563;0.12648430335910918;1.0198216608778388];0.773027894208877;0.25
3077;0.10792792932184339;0.44816019055704115;6;0.42097298485575585;[0.019469777807758423;0.35970203904295617;0.19638608083592834;0.5366183420711261];0.7716530000827206;0.25
462;0.5951596568974966;0.703246762990068;6;0.5272526807741428;[0.5132125469775283;0.6212996530700997;0.677106766817465;0.7851938729100364];0.775266868459248;0.25
2212;0.5349510543703107;0.5410824452200325;6;0.42024912063721315;[0.44699051039735915;0.45312190124708096;0.6229115983432622;0.629042989192984];0.7839436663406377;0.25
8805;0.7017851715035837;0.5433016137366938;6;0.4567123978835845;[0.617179965628026;0.4586964078611362;0.7863903773791413;0.6279068196122515];0.7687997930450162;0.25
4423;0.3230414491924456;0.5231340125178835;6;0.5093328814166398;[0.23503350736017006;0.43512607068560794;0.41104939102472116;0.6111419543501591];0.7765610489011263;0.25
6007;0.4260272667775671;0.22165805513680914;6;0.48653182607142714;[0.3342825030210413;0.12991329138028335;0.5177720305340929;0.31340281889333493];0.7858692561554779;0.25
6085;0.6560705046885891;0.9885833717749299;6;0.40666598918886965;[0.5662691599278029;0.8987820270141438;0.7458718494493752;1.078384716535716];0.7647161176960755;0.25
3272;0.4154682073500646;0.3197684912499553;6;0.35705212835485345;[0.32647890465842594;0.23077918855831664;0.5044575100417034;0.408757793941594];0.7806576640346915;0.25
7443;0.6012601338240676;0.7520321551725826;6;0.3800208695322237;[0.512763217049925;0.66353523839844;0.6897570505982102;0.8405290719467252];0.7699587353889181;0.25
7759;0.7048328437914705;0.7549568190072988;6;0.5163301060073632;[0.6168687869688587;0.6669927621846871;0.7927969006140823;0.8429208758299106];0.7805323185190294;0.25
7910;0.39552060239975056;0.9481071435103732;6;0.5410000616131412;[0.30690587518372403;0.8594924162943466;0.4841353296157771;1.0367218707263997];0.7790560996910197;0.25
4929;0.46292992848515097;0.12319130994157201;6;0.324773111106484;[0.3769708160212799;0.03723219747770097;0.548889040949022;0.20915042240544307];0.7738958086814129;0.25
9219;0.3526040058597929;0.3153489269543529;6;0.373838678752887;[0.2623572811012809;0.22510220219584093;0.4428507306183049;0.4055956517128649];0.7813624553180961;0.25
2026;0.31143465840147266;0.8192478730232757;6;0.6847191004260199;[0.21991984971567385;0.727733064337477;0.4029494670872715;0.9107626817090745];0.7789349347191249;0.25
5992;0.4198222616235109;0.7243030063490665;6;0.5297098932913249;[0.3295980695768892;0.6340788143024448;0.5100464536701326;0.8145271983956882];0.7746821497419728;0.25
3406;0.3925914382477314;0.8425129795203684;6;0.5401840059821932;[0.3028460302626057;0.7527675715352427;0.4823368462328571;0.9322583875054942];0.7759726507251572;0.25
5851;0.0064576901286971244;0.5865296400194739;6;0.5748727422895705;[-0.07695431135766642;0.5031176385331104;0.08986969161506067;0.6699416415058375];0.776533521544578;0.25
2789;0.19605112237551303;0.6918806566828544;5;0.6534907614796036;[0.11057537156090672;0.606404905868248;0.2815268731901194;0.7773564074974607];0.7728120852044444;0.25
9592;0.07220766899443504;0.4062178943869516;6;0.59224588541806;[-0.01635184712902829;0.3176583782634883;0.16076718511789836;0.4947774105104149];0.7710184021998262;0.25
1978;0.005170442234271377;0.6117326488941704;6;0.49357706738640306;[-0.07872043230450379;0.5278417743553953;0.08906131677304654;0.6956235234329456];0.775083778008233;0.25
6405;0.2834601315088481;0.4329283885208435;6;0.44255897189233595;[0.19521930312840075;0.34468756014039614;0.3717009598892954;0.5211692169012908];0.7701836788891687;0.25
4628;0.5470050709611346;0.07673633348551478;6;0.4264927940217278;[0.4592007559059816;-0.01106798156963823;0.6348093860162876;0.1645406485406678];0.7851075214958655;0.25
40;0.1874693915308236;0.951176190845195;6;0.5039989421391469;[0.10255198830664816;0.8662587876210196;0.27238679475499905;1.0360935940693705];0.7762061806977497;0.25
2440;0.5020448556722298;0.11274139094748903;6;0.5338857917650025;[0.41645563706495303;0.02715217234021225;0.5876340742795065;0.1983306095547658];0.7731898548681596;0.25
607;0.3894915757837981;0.6399163389140052;6;0.5981440094711279;[0.302972558996363;0.5533973221265701;0.47601059257123324;0.7264353557014404];0.7796395099003169;0.25
7681;0.14194510869425275;0.5239815827868165;6;0.4902395357987544;[0.05657875628625242;0.43861523037881617;0.2273114611022531;0.6093479351948168];0.7769125381294751;0.25
9773;0.06787443015881298;0.0597973180914918;6;0.6237046847678327;[-0.023624861907241834;-0.03170197397456301;0.1593737222248678;0.1512966101575466];0.7647348362441974;0.25
1594;0.4505928618220778;0.5235849079577419;7;0.4663345825768776;[0.3602123188411318;0.43320436497679593;0.5409734048030238;0.6139654509386879];0.7754543240738322;0.25
9876;0.4290707806054212;0.990497724867835;6;0.3092338481053658;[0.3385703108722813;0.8999972551346951;0.5195712503385611;1.080998194600975];0.7728907117077632;0.25
5162;0.49453553423011526;0.45294653504924876;6;0.5097102540528704;[0.4075956975920638;0.3660066984111973;0.5814753708681667;0.5398863716873002];0.7691906415151818;0.25
899;0.12973391521247682;0.9096160667956404;6;0.5202540172807222;[0.03963433334529133;0.819516484928455;0.21983349707966232;0.9997156486628259];0.7695197675463662;0.25
1909;0.9355815903506645;0.7781554454926233;6;0.4108107161844534;[0.8471497716905254;0.6897236268324842;1.0240134090108035;0.8665872641527623];0.7843214377363652;0.25
9845;0.20908135046602158;0.7911395761106925;6;0.4274566044806309;[0.12394824609664219;0.7060064717413131;0.294214454835401;0.8762726804800719];0.7751282420847424;0.25
6603;0.7444073022904529;0.8626036487155652;6;0.4615813435085521;[0.6536782205698437;0.7718745669949559;0.8351363840110622;0.9533327304361744];0.7781257133983625;0.25
6146;0.024792312500066305;0.8841268972558438;6;0.46213427692407805;[-0.059784437267118656;0.7995501474886588;0.10936906226725127;0.9687036470230288];0.7728825245557451;0.25
3229;0.39000666169619924;0.8832551693027771;6;0.38577324372328936;[0.3044056232943019;0.7976541309008798;0.4756077000980966;0.9688562077046745];0.7792929712762569;0.25
477;0.24277352102073774;0.31210293985438053;6;0.5393404287364937;[0.1505936506993055;0.2199230695329483;0.33495339134216995;0.4042828101758128];0.7794089576068839;0.25
7755;0.7123488583328035;0.3510139100572467;6;0.5215832336911432;[0.6275277107755206;0.2661927624999639;0.7971700058900864;0.4358350576145295];0.776673180332268;0.25
6446;0.03510314074419413;0.5032184432501818;6;0.4411733683482064;[-0.047417236809820254;0.42069806569616747;0.11762351829820851;0.5857388208041963];0.7773233633277593;0.25
4046;0.27112832617266164;0.5981893691670217;6;0.4380343407672724;[0.18361438265426866;0.5106754256486288;0.3586422696910546;0.6857033126854146];0.7684999173115159;0.25
2076;0.5544872055214309;0.21463849734389906;6;0.477333548465648;[0.4689113565536457;0.12906264837611378;0.6400630544892162;0.3002143463116843];0.7783681172133937;0.25
8005;0.20680893078572632;0.8360447733419253;6;0.33500585101488445;[0.11913807061161266;0.7483739131678117;0.29447979095984;0.9237156335160389];0.7813748347634615;0.25
1088;0.6292779711977949;0.3707481575184011;6;0.3312132272417755;[0.5390077489560405;0.2804779352766467;0.7195481934395493;0.46101837976015553];0.7677544707505071;0.25
5201;0.4318812546467813;0.8027518729614352;6;0.5522117275895788;[0.34461558938126025;0.7154862076959142;0.5191469199123023;0.8900175382269563];0.7829895340172456;0.25
2516;0.8076328729024236;0.5455792859807854;6;0.4034322132176528;[0.7208372271735428;0.45878364025190466;0.8944285186313043;0.6323749317096662];0.7702822544346342;0.25
6914;0.5329226293143595;0.5400053561319704;6;0.5552318965969472;[0.4449036529054807;0.4519863797230916;0.6209416057232384;0.6280243325408493];0.7775025859935945;0.25
2486;0.26217654119682615;0.9919065733186339;6;0.4728758942691092;[0.1750078143305338;0.9047378464523415;0.3493452680631185;1.0790753001849263];0.7699544589071656;0.25
6733;0.5455042128052514;0.8822968773558407;6;0.35714746221230664;[0.4568120552096076;0.7936047197601969;0.6341963704008953;0.9709890349514846];0.7823436228973588;0.25
4127;0.3787948752664996;0.7357437331437194;6;0.5290212291801883;[0.2912979754143984;0.6482468332916183;0.46629177511860076;0.8232406329958206];0.7776592369883064;0.25
9255;0.5616866305893142;0.40031129965914897;6;0.4953086780375122;[0.4728166609513684;0.3114413300212031;0.65055660022726;0.4891812692970948];0.7774716416299723;0.25
2315;0.9760397712625084;0.9463816353111975;6;0.6203777003083262;[0.8962803048987504;0.8666221689474395;1.0557992376262664;1.0261411016749555];0.7811250449971447;0.25
8422;0.05108672810011644;0.44728832947392533;6;0.37495822209861523;[-0.04005296830641014;0.35614863306739875;0.14222642450664302;0.5384280258804519];0.7717278057331385;0.25
4366;0.09795342560431147;0.5551992211727133;7;0.3685624942034591;[0.010948888152263747;0.4681946837206655;0.1849579630563592;0.642203758624761];0.7753162817123196;0.25
1499;0.32084352714807807;0.7896427589289343;6;0.6364584464386684;[0.23212481432113635;0.7009240461019925;0.4095622399750198;0.8783614717558761];0.7826303851625253;0.25
3675;0.07709715985925766;0.6953568355324934;5;0.6131818928770542;[-0.012635728451580341;0.6056239472216554;0.16683004817009567;0.7850897238433314];0.7758765449676885;0.25
7785;0.6462965188803108;0.760522208717691;7;0.338135334216366;[0.5566175348629967;0.6708432247003769;0.7359755028976249;0.8502011927350052];0.773440420107367;0.25
2584;0.5730714222987561;0.6044028751383214;6;0.4050316986919754;[0.4873891752808127;0.518720628120378;0.6587536693166994;0.6900851221562647];0.7762402392016065;0.25
205;0.45619309449892054;0.9354144473760316;6;0.4685406226311172;[0.37140832686157066;0.8506296797386818;0.5409778621362704;1.0201992150133814];0.7750186447826697;0.25
7299;0.6596360128832273;0.9268080656761447;6;0.5559370838398809;[0.577069570710697;0.8442416235036144;0.7422024550557575;1.009374507848675];0.7705149733135133;0.25
9596;0.6211012887107732;0.571446381184815;6;0.5011375872727689;[0.5344140589388946;0.4847591514129364;0.7077885184826518;0.6581336109566938];0.7762627087847829;0.25
4311;0.3915828012929834;0.6242702563200859;6;0.43256084043950815;[0.30154200914939494;0.5342294641764975;0.48162359343657185;0.7143110484636743];0.7728039327186749;0.25
2438;0.17773156323539782;0.4047742821741974;7;0.5531562170613988;[0.08849559085727873;0.31553830979607833;0.26696753561351694;0.4940102545523165];0.7740082431038489;0.25
6429;0.6460073511091147;0.585006609446356;6;0.3989354664282838;[0.5580219952261845;0.49702125356342575;0.7339927069920449;0.6729919653292862];0.7705454495205261;0.25
8785;0.12505591485660006;0.5219511250268091;6;0.4466827479650008;[0.03362261187889032;0.43051782204909933;0.2164892178343098;0.6133844280045189];0.7780670350910344;0.25
4743;0.6638229030317957;0.2598929603275445;6;0.5052248643251782;[0.5790574339182482;0.1751274912139969;0.7485883721453432;0.3446584294410921];0.7761080400181953;0.25
9487;0.2689351067416694;0.8691651744656832;6;0.41256474339996385;[0.1819117342218709;0.7821418019458847;0.35595847926146795;0.9561885469854817];0.7731996264588087;0.25
7952;0.3821193659954272;0.8154164709129705;6;0.3985771700268809;[0.2958678917963903;0.7291649967139336;0.46837084019446407;0.9016679451120074];0.7726310349072362;0.25
8111;0.6611751834877304;0.7047881505310223;6;0.7063605346098556;[0.572263214056302;0.6158761810995939;0.7500871529191588;0.7937001199624507];0.7815076255153472;0.25
6535;0.653314929678895;0.9167271175318861;6;0.4586709127280093;[0.5640599267931473;0.8274721146461383;0.7425699325646428;1.0059821204176338];0.7744571803560321;0.25
2423;0.42204065718060646;0.44209345893960733;6;0.3360780169189668;[0.3379102068022726;0.3579630085612734;0.5061711075589403;0.5262239093179413];0.7763281072690355;0.25
