6472;0.812996670709673;0.34275106846358294;5;0.4892223294775776;[0.7292507695533044;0.25900516730721435;0.8967425718660416;0.42649696961995154];0.7668452457818311;0.25
205;0.9340628469701312;0.20520051617154747;6;0.4685406226311172;[0.849268744248582;0.12040641344999824;1.0188569496916804;0.2899946188930967];0.7750186447826697;0.25
7402;0.4538015621165608;0.7812024850946885;6;0.5614185288816606;[0.36679957794690415;0.6942005009250318;0.5408035462862175;0.8682044692643451];0.7702264012894555;0.25
1220;0.5025537130945532;0.3050087164483622;6;0.46581946466892576;[0.4167616601049392;0.21921666345874816;0.5883457660841672;0.39080076943797626];0.7770071228970458;0.25
9673;0.5594503808650098;0.6558948659128199;6;0.3929428435367539;[0.4734605272378861;0.5699050122856962;0.6454402344921334;0.7418847195399435];0.76709688657996;0.25
4855;0.29323572068144965;0.27438089677763444;6;0.44230914663278265;[0.20537047417607443;0.18651565027225922;0.38110096718682485;0.36224614328300964];0.7723720164398957;0.25
1422;0.5961391269829592;0.14879376580688852;6;0.44371819444021254;[0.5093949172949596;0.062049556118888835;0.6828833366709589;0.2355379754948882];0.7731561329554529;0.25
4306;0.8946929045181482;0.0960013643689944;6;0.3857717346963889;[0.8034769526894247;0.004785412540270831;0.9859088563468718;0.18721731619771798];0.7740521538151709;0.25
3019;0.2554190604037909;0.21125117903652452;6;0.7496907738225305;[0.1701102039732059;0.1259423226059395;0.340727916834376;0.2965600354671095];0.7710666629066631;0.25
8038;0.06208048529362284;0.28346245149686095;6;0.4719457748113484;[-0.017373740431111895;0.2040082257721262;0.14153471101835757;0.3629166772215957];0.7669547368366397;0.25
2596;0.16635137251385831;0.06026080514514667;6;0.41724737285013547;[0.07829376443394186;-0.027796802934769785;0.25440898059377476;0.14831841322506312];0.7795527615676197;0.25
1334;0.8560882575638799;0.198759922442755;6;0.5097168037041253;[0.7645909882526234;0.10726265313149849;0.9475855268751363;0.29025719175401155];0.7767270232690194;0.25
7068;0.24950831571520565;0.5533197723573;6;0.44480253780257406;[0.1594025434087656;0.46321400005086;0.3396140880216457;0.64342554466374];0.7773537628851739;0.25
8963;0.4945662582940127;0.16459321703954147;6;0.4909448631043145;[0.40481172527976966;0.07483868402529845;0.5843207913082558;0.2543477500537845];0.7705514566869407;0.25
7888;0.029534584907543626;0.3200980881005065;6;0.5239463558199899;[-0.05687105602748181;0.23369244716548104;0.11594022584256906;0.40650372903553195];0.7706008705873135;0.25
2234;0.10909003963748462;0.0615391292729528;6;0.4857420265838876;[0.019233608777780034;-0.02831730158675179;0.19894647049718922;0.15139556013265737];0.7719378028792182;0.25
7674;0.544662745899236;0.8661063470660991;6;0.3439195087289123;[0.45622379206819025;0.7776673932350534;0.6331016997302817;0.9545453008971448];0.7783413708759771;0.25
3394;0.5862233801866202;0.16052691337092612;6;0.31034527633974807;[0.49708282889867034;0.07138636208297623;0.6753639314745701;0.24966746465887601];0.7730042428178844;0.25
2872;0.6014614467860623;0.5179137139534048;6;0.5430999806881168;[0.5137379067508764;0.4301901739182189;0.6891849868212482;0.6056372539885907];0.7793026169488253;0.25
5239;0.5390476723538452;0.49569634879558094;6;0.5983926555481891;[0.45212127322477946;0.40876994966651525;0.625974071482911;0.5826227479246466];0.7658815205805309;0.25
965;0.2928694235211674;0.15740808696318254;6;0.44125781422522403;[0.20508934712704277;0.0696280105690579;0.38064949991529207;0.24518816335730717];0.7791078751792456;0.25
7006;0.15313957898680752;0.4515613523657552;6;0.5946905383251755;[0.06272016829760206;0.3611419416765497;0.24355898967601297;0.5419807630549607];0.7778261410820948;0.25
2;0.23102820150622966;0.17886134380341004;6;0.6796906719169193;[0.14316865058048778;0.09100179287766816;0.31888775243197154;0.26672089472915195];0.7717267659930485;0.25
9406;0.9255210853703985;0.47013309866216485;5;0.5921125081307825;[0.8377871796482907;0.38239919294005714;1.0132549910925062;0.5578670043842726];0.7767159966964343;0.25
3110;0.9691309704944391;0.5913846415088853;6;0.59387222000926;[0.8822090864445059;0.5044627574589521;1.0560528545443724;0.6783065255588184];0.773780293720724;0.25
2992;0.4776718820419937;0.7775943470662374;6;0.511505275250018;[0.3902674519162921;0.6901899169405359;0.5650763121676953;0.864998777191939];0.7790894253745919;0.25
4845;0.0718447193958423;0.317888998818275;6;0.5628744379673095;[-0.01498262147152045;0.2310616579509122;0.15867206026320507;0.40471633968563775];0.7770897254005751;0.25
4359;0.16680276410468078;0.24958159396652757;6;0.4421858297897865;[0.07770863324950414;0.16048746311135093;0.25589689495985746;0.3386757248217042];0.768424843538333;0.25
798;0.6688844572656057;0.2703621118085496;6;0.3248011567639245;[0.5844888207745079;0.18596647531745175;0.7532800937567036;0.3547577482996474];0.7761408587783422;0.25
2400;0.20205170756113328;0.7753994836032546;6;0.46455894553433014;[0.11742595082337112;0.6907737268654924;0.2866774642988954;0.8600252403410168];0.7743870267101695;0.25
1260;0.3521669817637909;0.6580881619578605;6;0.434542009414311;[0.2647105657250902;0.5706317459191598;0.4396233978024916;0.7455445779965612];0.7713294358545321;0.25
4895;0.16340534203721;0.15808542703488038;6;0.47601592303466356;[0.08218430477227798;0.07686438976994836;0.244626379302142;0.2393064642998124];0.7719081580556401;0.25
1004;0.4894169173547289;0.4135880761102321;7;0.4654825936901689;[0.4048989216564326;0.32907008041193575;0.5739349130530252;0.4981060718085284];0.7692926509165019;0.25
7817;0.13280381369841954;0.34496561797032366;6;0.4668507957762508;[0.043809057608288515;0.25597086188019263;0.22179856978855056;0.4339603740604547];0.7687093799019055;0.25
6684;0.6570627984474002;0.48265080848589587;6;0.6530250482523974;[0.5724133912641565;0.39800140130265216;0.741712205630644;0.5673002156691396];0.768791048747204;0.25
8405;0.3790997732061364;0.3925026315068185;6;0.5588520585543694;[0.28895815503373645;0.30236101333441856;0.4692413913785364;0.4826442496792185];0.7813210458066638;0.25
7092;0.29944833501375256;0.9327320090591424;6;0.41478725227287805;[0.2132631153718248;0.8465467894172147;0.38563355465568033;1.0189172287010702];0.7730306204980836;0.25
2526;0.9745972307203382;0.45560067782857544;6;0.512377660707686;[0.8872891792571886;0.3682926263654258;1.0619052821834878;0.5429087292917251];0.7797896527046826;0.25
8997;0.7294118181132605;0.12332678052064283;6;0.6029767749973418;[0.6416758223460113;0.035590784753393584;0.8171478138805097;0.21106277628789208];0.7768870842840168;0.25
3446;0.19876934885613895;0.15691336605775014;6;0.5284577276532698;[0.11480735615363169;0.07295137335524288;0.2827313415586462;0.2408753587602574];0.7846103334571176;0.25
1937;0.08086376985705448;0.25824742396091216;6;0.4073409399811095;[-0.0031784658285678724;0.1742051882752898;0.16490600554267684;0.3422896596465345];0.7706041064951634;0.25
3277;0.6150313050981974;0.07436940708308876;6;0.5526721969137769;[0.5272703856355998;-0.01339151237950878;0.7027922245607949;0.1621303265456863];0.7805063770689209;0.25
1790;0.050654892621572994;0.7075296526284638;6;0.5403321938603025;[-0.03267086512609145;0.6242038948807993;0.13398065036923745;0.7908554103761283];0.771008592465767;0.25
8558;0.7130520307151031;0.399895128094124;7;0.4023624876125128;[0.6261974188541177;0.31304051623313855;0.7999066425760886;0.4867497399551094];0.7755242158975926;0.25
9885;0.6006395565142679;0.550418681416629;6;0.49010913399357503;[0.5139179533581492;0.46369707826051015;0.6873611596703867;0.6371402845727477];0.7714356887558997;0.25
2228;0.15603865123257352;0.03837738923039219;6;0.6206762644618489;[0.06917577571249045;-0.04848548628969088;0.24290152675265658;0.12524026475047526];0.7732232614345598;0.25
4860;0.3374327914364842;0.6794118451715626;6;0.501537965123199;[0.24842304570614154;0.59040209944122;0.42644253716682684;0.7684215909019052];0.7718395674013745;0.25
4013;0.01004588020339775;0.36606698194597065;6;0.34562722739640667;[-0.0748805892595748;0.2811405124829981;0.0949723496663703;0.4509934514089432];0.7698255104874825;0.25
5781;0.7100149234202242;0.25470050855206794;7;0.38188541938329124;[0.6203894734481824;0.16507505858002616;0.799640373392266;0.34432595852410974];0.7737356122657286;0.25
4581;0.19718406037528857;0.962024893147951;6;0.5932979802087871;[0.10876394626487472;0.8736047790375372;0.2856041744857024;1.0504450072583649];0.7797820084336373;0.25
1441;0.5934888101728175;0.9269022654588325;6;0.5867635399105071;[0.5056169839653504;0.8390304392513654;0.6813606363802847;1.0147740916662995];0.7768705254808413;0.25
5499;0.02208345865765704;0.7520110387574149;6;0.3588679276908595;[-0.06900431385221593;0.6609232662475419;0.11317123116753001;0.8430988112672879];0.7728961029264613;0.25
4419;0.3993518142953179;0.5721156890042676;6;0.6344227401878597;[0.3144860989587436;0.48724997366769324;0.48421752963189224;0.6569814043408418];0.7683343244629279;0.25
8603;0.9707564394175558;0.07185355937327453;6;0.34778796368763565;[0.8856169270293197;-0.013285953014961632;1.055895951805792;0.1569930717615107];0.78687561441542;0.25
6114;0.5074600506728733;0.06133188049956534;6;0.6051998460947987;[0.41991560235478104;-0.026212567818526877;0.5950044989909655;0.14887632881765755];0.7664035043243066;0.25
450;0.6944271822874419;0.48104509917090893;6;0.4525394557038191;[0.6048801037146192;0.39149802059808614;0.7839742608602647;0.5705921777437317];0.7784185838870431;0.25
9293;0.7728636887192046;0.482039900456958;6;0.5217340624903201;[0.6837282626709621;0.39290447440871545;0.8619991147674472;0.5711753265052005];0.7796164317287841;0.25
4204;0.422925403750128;0.399335642837432;6;0.617131280731379;[0.33662600494645895;0.31303624403376296;0.5092248025537971;0.48563504164110105];0.7744111537503996;0.25
19;0.252463272272145;0.8721168223709737;6;0.4702971037013479;[0.16334781457688613;0.7830013646757148;0.34157872996740385;0.9612322800662325];0.768947053395841;0.25
7541;0.3655340309258138;0.1867609694150598;7;0.6733424217372446;[0.28261014229927056;0.10383708078851651;0.4484579195523571;0.2696848580416031];0.7769846165557788;0.25
1311;0.6536218629115862;0.47214218012013126;6;0.4973273221288558;[0.5661766490440183;0.38469696625256344;0.7410670767791541;0.5595873939876991];0.7741981103985087;0.25
9187;0.4422626174480622;0.649947932770067;6;0.6672596836291687;[0.3541106745453934;0.5617959898673982;0.5304145603507311;0.7380998756727358];0.7793199772066214;0.25
3626;0.0437931574921433;0.3615012557029083;6;0.5551817486647171;[-0.04780028236445229;0.26990781584631274;0.13538659734873887;0.4530946955595039];0.7820192142397957;0.25
58;0.18830101746855094;0.5260972892569156;5;0.5777085817519486;[0.09483664749577202;0.43263291928413666;0.28176538744132984;0.6195616592296945];0.7810159322745099;0.25
7755;0.7893111673493615;0.12493594658935755;6;0.5215832336911432;[0.7010456706932898;0.03667044993328587;0.8775766640054331;0.21320144324542922];0.776673180332268;0.25
3658;0.7410967185659443;0.7349093719999564;6;0.6541398071658235;[0.6535717899081371;0.6473844433421493;0.8286216472237514;0.8224343006577636];0.7764682295131283;0.25
189;0.6572607598797036;0.6284546309404826;6;0.4505360997830067;[0.5677171723920146;0.5389110434527936;0.7468043473673925;0.7179982184281716];0.7768704360037303;0.25
4492;0.20542042528177404;0.634609455726729;6;0.5109412381595977;[0.11562169137177275;0.5448107218167277;0.2952191591917753;0.7244081896367303];0.7790448389204794;0.25
3420;0.1935476790835377;0.4750694789812849;6;0.7334314149355345;[0.10592464806381559;0.38744644796156275;0.28117071010325984;0.562692510001007];0.7675876623837509;0.25
6907;0.06005745453189604;0.4039414560816965;6;0.5274294051786319;[-0.026652732126264844;0.31723126942353563;0.14676764119005692;0.4906516427398574];0.7748717850408101;0.25
2558;0.6158007738356371;0.29578311338237245;6;0.38752110341857343;[0.529868963635032;0.20985130318176728;0.7017325840362423;0.38171492358297765];0.7731581372168652;0.25
6721;0.16303038593702962;0.4901427086101999;6;0.5521565183327743;[0.0747667607556999;0.40187908342887013;0.25129401111835936;0.5784063337915296];0.7682273758205962;0.25
5533;0.6320680985098903;0.6134237954841564;6;0.4255931995809303;[0.5449109081500917;0.5262666051243577;0.719225288869689;0.700580985843955];0.773199660829081;0.25
8907;0.5828425360938994;0.3947608421449257;6;0.6117110368128805;[0.4988019140182135;0.3107202200692398;0.6668831581695852;0.47880146422061154];0.7721314429921822;0.25
8422;0.7858056955508779;0.4906384649985516;6;0.37495822209861523;[0.7001352709575563;0.40496804040523016;0.8714761201441994;0.5763088895918731];0.7717278057331385;0.25
2626;0.09790888682712448;0.23834543898835264;6;0.523110552862776;[0.012706909765656124;0.15314346192688427;0.18311086388859282;0.323547416049821];0.7708268813936557;0.25
1807;0.8103874161690454;0.5534703300790291;6;0.41023136700628565;[0.719546310537951;0.46262922444793475;0.9012285218001398;0.6443114357101235];0.7727349364661112;0.25
3668;0.6693353888802946;0.44916069494045996;6;0.38346035906641135;[0.5878813822669935;0.3677066883271588;0.7507893954935958;0.5306147015537611];0.778741972586343;0.25
262;0.49981500729071604;0.8852851681435491;6;0.5960603659637755;[0.41574332466349134;0.8012134855163244;0.5838866899179407;0.9693568507707737];0.7781035623647103;0.25
5398;0.5066633503536948;0.4286254598220294;6;0.5551284771120111;[0.4195856082327966;0.3415477177011312;0.5937410924745931;0.5157032019429276];0.7770340382971039;0.25
8496;0.6376182766109957;0.4090854981260763;6;0.5015401386532714;[0.5486499350935585;0.32011715660863915;0.7265866181284328;0.49805383964351346];0.774183673571485;0.25
7551;0.8916948512636573;0.18933880602684067;6;0.47180092646342825;[0.7993744775515564;0.09701843231473975;0.9840152249757582;0.2816591797389416];0.7735468088793137;0.25
2421;0.06512906052429615;0.5233945060672667;6;0.5383453099650367;[-0.02447973273608045;0.43378571280689004;0.15473785378467275;0.6130032993276433];0.7691306141312084;0.25
1541;0.19033124714103652;0.07021170735001855;6;0.29922040901412206;[0.10732376744019244;-0.012795772350825532;0.2733387268418806;0.15321918705086263];0.7669922539840454;0.25
3468;0.10210841478480087;0.12661720242337474;6;0.6360400056906297;[0.015416941876793433;0.0399257295153673;0.1887998876928083;0.21330867533138217];0.7745307515153487;0.25
2996;0.524827135717244;0.2972594572305645;5;0.47001594974463834;[0.43932025090109916;0.2117525724144196;0.6103340205333889;0.38276634204670945];0.7777684174320162;0.25
4671;0.5700286896052769;0.2655610764459105;6;0.523379674588724;[0.48596329421765905;0.18149568105829267;0.6540940849928947;0.3496264718335283];0.7743895599480026;0.25
1412;0.5232447128874711;0.378201746462141;6;0.6569500771918654;[0.43695083154705583;0.29190786512172573;0.6095385942278864;0.46449562780255627];0.7766747608597524;0.25
5991;0.20578016218096373;0.30802061488713695;7;0.484271062439449;[0.11803118191504414;0.22027163462121735;0.29352914244688333;0.39576959515305654];0.7836043381745976;0.25
4884;0.5865903719349226;0.30843356788431187;6;0.7012186267159216;[0.5014822923693053;0.22332548831869461;0.6716984515005399;0.39354164744992914];0.7736099683479556;0.25
9300;0.4301578390581825;0.34686235364856166;6;0.4348484504088268;[0.3401954601800482;0.25689997477042736;0.5201202179363168;0.43682473252669596];0.7741179281099866;0.25
4120;0.05900163330749361;0.02781799322888806;6;0.5662996138048644;[-0.027443740789374046;-0.0586273808679796;0.14544700740436128;0.11426336732575572];0.7730034231631994;0.25
47;0.26949144382483475;0.660010468266744;6;0.520549136434858;[0.17777661733522546;0.5682956417771348;0.3612062703144441;0.7517252947563533];0.7675243158795302;0.25
4858;0.49709969571608686;0.7034436297439662;6;0.5247984238831711;[0.4137186480285961;0.6200625820564755;0.5804807434035777;0.786824677431457];0.7667217564124219;0.25
828;0.7422467361276983;0.21092034145448227;6;0.5624930358273861;[0.6518710371150536;0.1205446424418375;0.8326224351403431;0.30129604046712705];0.770460100725248;0.25
8179;0.026776012978345476;0.610730284996702;5;0.6429028954700481;[-0.058311521798939225;0.5256427502194173;0.11186354775563018;0.6958178197739867];0.7772818049178669;0.25
7320;0.24996075406092388;0.44673154846946667;6;0.5102311694342855;[0.1656563317786494;0.3624271261871922;0.33426517634319836;0.5310359707517411];0.7764282847493342;0.25
8800;0.22781537577963534;0.10185732801914538;6;0.5659882930190251;[0.13779483064113668;0.011836782880646712;0.317835920918134;0.19187787315764404];0.7770321037422361;0.25
4705;0.0275806769891061;0.3539609643933741;6;0.5693438073240344;[-0.05830202594276507;0.26807826146150293;0.11346337992097727;0.43984366732524527];0.7696054951574886;0.25
3215;0.6175955017586268;0.3174651807855457;7;0.5418979931830505;[0.5300763746794532;0.2299460537063721;0.7051146288378003;0.4049843078647193];0.778232259827114;0.25
4396;0.5584124952836887;0.26214964971856325;6;0.532116098586366;[0.47248947835676147;0.17622663279163597;0.644335512210616;0.3480726666454905];0.7713896899463166;0.25
3899;0.8073557552882124;0.8005028294416355;6;0.6832053167264068;[0.7158742394025744;0.7090213135559976;0.8988372711738503;0.8919843453272734];0.7718871080079635;0.25
8808;0.5975375904903379;0.5300685626570081;6;0.5688309820832511;[0.5105861733545725;0.4431171455212426;0.6844890076261034;0.6170199797927736];0.7727107551923424;0.25
3606;0.280652849983257;0.0036297290356042122;6;0.3945847833492028;[0.19435061444338533;-0.08267250650426747;0.3669550855231287;0.08993196457547589];0.7646946361348175;0.25
7752;0.30356605715035895;0.7898097251586567;6;0.4416347766744526;[0.21571754862599726;0.701961216634295;0.39141456567472066;0.8776582336830183];0.7746031328456847;0.25
7226;0.5463070532914492;0.029430262463467444;6;0.40972366554220696;[0.45737518363425433;-0.05950160719372749;0.6352389229486441;0.11836213212066238];0.7716949322442308;0.25
1373;0.032925221382947234;0.05913804762493502;5;0.6882930638470701;[-0.056942115662966586;-0.0307292894209788;0.12279255842886105;0.14900538467084884];0.7775384164326353;0.25
7199;0.48590397121002227;0.7343993865376761;6;0.4452434701172312;[0.39666489041636444;0.6451603057440183;0.5751430520036801;0.823638467331334];0.7858682584257951;0.25
2173;0.11826382633553179;0.3063320773873048;6;0.4681945025289016;[0.030884045789201744;0.21895229684097473;0.20564360688186184;0.39371185793363483];0.7744514960171435;0.25
1118;0.23286132714302332;0.22047090910590325;6;0.4720215314027719;[0.1457756728289169;0.13338525479179686;0.31994698145712974;0.30755656342000964];0.7793668045265801;0.25
5478;0.3865565473146861;0.0014817327014033932;6;0.3628355692065195;[0.29916516951282535;-0.08590964510045732;0.4739479251165468;0.0888731105032641];0.7727995782058542;0.25
5695;0.3796700738116794;0.6880928602799374;6;0.4450441865369302;[0.2947959894358344;0.6032187759040925;0.46454415818752437;0.7729669446557824];0.7771394791939528;0.25
5228;0.054655713746772944;0.37343688214474274;6;0.5457394223066877;[-0.03597814043793121;0.2828030279600386;0.1452895679314771;0.4640707363294469];0.772524730148753;0.25
9518;0.6989893205414582;0.009339362042569799;6;0.41952692718614537;[0.6105509696899905;-0.07909898880889796;0.787427671392926;0.09777771289403756];0.7716964573109537;0.25
5823;0.5981223227208835;0.043837830276970385;6;0.4583312973421656;[0.5071942109387456;-0.047090281505167475;0.6890504345030214;0.13476594205910825];0.7772874956921871;0.25
4791;0.5163915857319772;0.4603195768668226;6;0.375496068070702;[0.42745962537110094;0.37138761650594637;0.6053235460928534;0.5492515372276989];0.7772998372396211;0.25
6474;0.1712822506986393;0.4250004118978371;6;0.5276608578350681;[0.08127497362578463;0.33499313482498244;0.261289527771494;0.5150076889706918];0.7661394937038698;0.25
2331;0.33079562159379317;0.3939150992061523;6;0.48746637359347833;[0.24003297442257632;0.30315245203493546;0.42155826876501;0.48467774637736916];0.7757766524968877;0.25
9429;0.06097176916582453;0.45468382721628187;6;0.42081061523676;[-0.022720323437404016;0.37099173461305335;0.14466386176905308;0.5383759198195104];0.7863837944888511;0.25
5849;0.38248486405387266;0.799326665217203;6;0.43086761221379016;[0.2971630625767764;0.7140048637401067;0.46780666553096895;0.8846484666942992];0.7679689606961246;0.25
2363;0.059268008814603285;0.18889607533763095;7;0.4326601473559784;[-0.023765987312060477;0.10586207921096719;0.14230200494126705;0.2719300714642947];0.7751918766393204;0.25
7091;0.9116325358189807;0.625888126181205;6;0.5405237436754406;[0.8193660979005772;0.5336216882628015;1.0038989737373842;0.7181545640996085];0.771513158933027;0.25
2723;0.2902365502509442;0.8062715013525849;6;0.6055757776124614;[0.20167100911957964;0.7177059602212202;0.37880209138230875;0.8948370424839495];0.7705435206095853;0.25
9477;0.7906029024596655;0.12113001676199639;5;0.3256592460481783;[0.7046010735412098;0.03512818784354069;0.8766047313781211;0.2071318456804521];0.7797466553372924;0.25
7747;0.041679231825079155;0.1660447948399454;6;0.5340155563453489;[-0.044676702727090845;0.07968886028777539;0.12803516637724915;0.2524007293921154];0.7711508304990146;0.25
9401;0.27194139383499977;0.02868826112525283;6;0.5819606220600875;[0.18554892747000346;-0.05770420523974347;0.3583338601999961;0.11508072749024913];0.7765629007659728;0.25
9651;0.508806476376073;0.5748615647987348;6;0.653798559015805;[0.4206763950050527;0.48673148342771455;0.5969365577470933;0.6629916461697551];0.7710261027561567;0.25
2315;0.8639682357163017;0.04915264774104694;6;0.6203777003083262;[0.7761321466327924;-0.03868344134246235;0.9518043247998109;0.13698873682455623];0.7811250449971447;0.25
1909;0.0907697376199107;0.49369527616379705;6;0.4108107161844534;[0.004108291946396558;0.4070338304902829;0.17743118329342483;0.5803567218373111];0.7843214377363652;0.25
6563;0.0580236652125716;0.6283810320831777;7;0.6281080950657831;[-0.03082159140633957;0.5395357754642666;0.14686892183148276;0.7172262887020889];0.762792434417413;0.25
960;0.26934996537323497;0.31706395390358166;6;0.5655888074795792;[0.1841659370852823;0.231879925615629;0.35453399366118765;0.40224798219153435];0.7769575121473284;0.25
6095;0.002967286226168042;0.5237536906727608;6;0.4706294341839253;[-0.08503055251004712;0.43575585193654565;0.09096512496238321;0.6117515294089759];0.7699294703637031;0.25
6816;0.01504561087539208;0.23074003791153008;6;0.49693766661032024;[-0.07411193083395175;0.14158249620218627;0.1042031525847359;0.3198975796208739];0.7692384644681176;0.25
7555;0.2764530362676889;0.6505130509020918;6;0.5121426536531449;[0.1933936843321351;0.567453698966538;0.3595123882032427;0.7335724028376456];0.7694808260694562;0.25
3813;0.8908223655070167;0.27115991938167255;6;0.4070477089076439;[0.8063864328724467;0.18672398674710255;0.9752582981415866;0.35559585201624255];0.7668087147490642;0.25
5678;0.9460657441597631;0.04199991248537832;6;0.5286361684391081;[0.8574521656353297;-0.04661366603905509;1.0346793226841964;0.13061349100981173];0.7799231108105171;0.25
8399;0.8508015528946231;0.635506040861621;6;0.5799018634333135;[0.7690836822916003;0.5537881702585982;0.9325194234976459;0.7172239114646438];0.7783897799753573;0.25
6333;0.982408565130072;0.08138948744373747;6;0.44122175918068185;[0.8926025990678998;-0.008416478618434711;1.0722145311922442;0.17119545350590964];0.7766643824176369;0.25
60;0.9698473113173695;0.10742252770475177;6;0.3859057532964336;[0.8837474975060953;0.021322713893477535;1.0559471251286436;0.19352234151602601];0.7736365889980518;0.25
5189;0.5005912671476915;0.6480375962554799;6;0.43964477590955886;[0.41249143279302203;0.5599377619008103;0.588691101502361;0.7361374306101494];0.7696443924328913;0.25
4227;0.4875484330364516;0.7505564855516966;6;0.6643178420332618;[0.4017577321570234;0.6647657846722683;0.5733391339158799;0.8363471864311249];0.778982707549576;0.25
7036;0.5942135122845846;0.17933218139015203;6;0.6242677310074737;[0.5073979493588606;0.09251661846442802;0.6810290752103086;0.26614774431587607];0.7704502737879898;0.25
3595;0.3439686166523813;0.4080200178039976;6;0.5155540875138351;[0.2534054160138568;0.3174568171654731;0.43453181729090584;0.4985832184425221];0.7709064641217466;0.25
1546;0.693535577886299;0.8142680295576313;6;0.4772848666287865;[0.6104293947078555;0.7311618463791878;0.7766417610647426;0.8973742127360749];0.7757731718943869;0.25
1633;0.970044418068089;0.8862189118237643;6;0.5175219643547427;[0.8810611552747105;0.7972356490303858;1.0590276808614676;0.9752021746171429];0.7824294302371914;0.25
7723;0.8369487350182044;0.010299264119097817;5;0.5788465942410137;[0.7502147478679666;-0.07643472303114007;0.9236827221684423;0.09703325126933571];0.7703455587005603;0.25
8746;0.6404110037961411;0.2825819934135204;6;0.4341894256557006;[0.5529103975554339;0.19508138717281326;0.7279116100368483;0.3700825996542276];0.7808596925179493;0.25
6834;0.5978466797924349;0.8254504963212246;6;0.5846986943894903;[0.5147455338833511;0.7423493504121408;0.6809478257015187;0.9085516422303084];0.768159898374491;0.25
5242;0.49817199649704674;0.18112922724365288;6;0.5401988709101679;[0.41138701113843607;0.09434424188504219;0.5849569818556575;0.26791421260226356];0.7801936171748186;0.25
4019;0.7614065654753743;0.3691804874558201;6;0.36545233281513256;[0.6717929873617638;0.27956690934220957;0.8510201435889848;0.45879406556943064];0.7737184802972917;0.25
9997;0.03402215672422715;0.3363914115901226;6;0.5624076288580475;[-0.056005291066667184;0.24636396379922826;0.12404960451512148;0.4264188593810169];0.7729868201516642;0.25
4862;0.9086011093146552;0.15802535393906722;6;0.49631707001327985;[0.8180910959614097;0.06751534058582177;0.9991111226679007;0.24853536729231268];0.7782918809170555;0.25
1141;0.9312802247654417;0.9505906962102333;6;0.6077106514552773;[0.8443557959194031;0.8636662673641947;1.0182046536114802;1.0375151250562717];0.7740504910063873;0.25
9797;0.881742960964556;0.29617344920946637;6;0.5698277680559711;[0.7953703872824482;0.2098008755273586;0.9681155346466637;0.38254602289157413];0.7783802821335454;0.25
4871;0.5648975365735859;0.3857725466695443;6;0.5006592887358673;[0.4803812350588177;0.3012562451547761;0.6494138380883541;0.4702888481843125];0.7766832470928267;0.25
3050;0.8085343160709142;0.7145436754242934;6;0.322344507284604;[0.7201387112543324;0.6261480706077116;0.896929920887496;0.8029392802408752];0.7686171275297526;0.25
8641;0.9758718735493002;0.04078368682991984;7;0.4300388887104681;[0.887124864411542;-0.04796332230783827;1.0646188826870582;0.12953069596767797];0.7796683188866367;0.25
6249;0.7228547605288935;0.44286520439838556;6;0.5042512585644982;[0.636444600126126;0.356455043995618;0.809264920931661;0.5292753648011531];0.7780101002378558;0.25
4123;0.1520693418008905;0.20097673376758773;6;0.5610460567788877;[0.06267422230342501;0.11158161427012225;0.24146446129835597;0.2903718532650532];0.7701784296451428;0.25
9680;0.5315554897961752;0.1515810006194836;6;0.43662430935431623;[0.44544743384957497;0.06547294467288338;0.6176635457427754;0.2376890565660838];0.771121915229159;0.25
7810;0.2021352293803007;0.37708149271789837;6;0.47635346496803327;[0.11292785732605795;0.2878741206636556;0.2913426014345435;0.46628886477214115];0.7685704673103129;0.25
1986;0.9724915237360655;0.2319527019299079;6;0.5362343980494112;[0.8874280816203125;0.14688925981415496;1.0575549658518184;0.31701614404566086];0.7705336264370748;0.25
8345;0.7142316398973512;0.4768003957056397;6;0.48169577669023567;[0.627631651063592;0.39020040687188057;0.8008316287311104;0.5634003845393989];0.7737687211678711;0.25
7724;0.8780378798788753;0.784894920530967;6;0.3319356144880252;[0.7900979939726367;0.6969550346247284;0.9659777657851139;0.8728348064372056];0.7746567471610611;0.25
5201;0.4696641213482167;0.14694442134083763;6;0.5522117275895788;[0.3785296903449227;0.05580999033754361;0.5607985523515108;0.23807885234413165];0.7829895340172456;0.25
5016;0.31733264420809126;0.6924986576519927;6;0.5281797087568152;[0.22467326368142773;0.5998392771253291;0.4099920247347548;0.7851580381786563];0.7801550095604215;0.25
3963;0.7897992860520446;0.11967889964470219;6;0.3209001770686847;[0.7020914896096749;0.03197110320233251;0.8775070824944143;0.20738669608707186];0.7703463082508343;0.25
7384;0.7855977443414921;0.19823656334155404;6;0.45252892895713515;[0.7009503774922277;0.11358919649228962;0.8702451111907565;0.2828839301908185];0.7776402161182;0.25
6250;0.8319984937009739;0.7668494304082882;6;0.5604730167166917;[0.743347791001399;0.6781987277087134;0.9206491964005488;0.8555001331078631];0.7728620133650207;0.25
1888;0.8077643901964919;0.8375973467917087;6;0.49729530397153704;[0.722065968629074;0.7518989252242908;0.8934628117639098;0.9232957683591266];0.7763499980345261;0.25
9670;0.8953764327769643;0.17285830017130105;6;0.3577036246012993;[0.8069585594444184;0.0844404268387551;0.9837943061095102;0.261276173503847];0.7755231545823152;0.25
1483;0.6959473912988237;0.6021107727828592;7;0.601605102801325;[0.6049981283755081;0.5111615098595437;0.7868966542221392;0.6930600357061747];0.7778140638962935;0.25
2653;0.9255669882281623;0.44526409414635204;7;0.5285906344541186;[0.8357830870734256;0.3554801929916154;1.0153508893828989;0.5350479953010887];0.770831034669083;0.25
9887;0.6892898667661332;0.11955766577615301;5;0.4523404157318722;[0.6030753115773415;0.033343110587361335;0.775504421954925;0.20577222096494469];0.7785453586683744;0.25
6842;0.7862469593820502;0.45293106995331367;6;0.4354478662526008;[0.6957341367171939;0.36241824728845723;0.8767597820469066;0.54344389261817];0.7765602133325147;0.25
4667;0.6502953498126575;0.3834945303525661;6;0.6161295725101004;[0.5622501825977214;0.29544936313763;0.7383405170275935;0.4715396975675022];0.7731088871445263;0.25
1072;0.6794262536273538;0.2718235350218911;6;0.5567482564005204;[0.5908797362921078;0.18327701768664512;0.7679727709625997;0.3603700523571371];0.7738377431989603;0.25
2460;0.5624408747275397;0.9449929208206843;6;0.6767463551236331;[0.47396977570676546;0.8565218217999101;0.6509119737483139;1.0334640198414586];0.7790378188712345;0.25
543;0.8944311976896018;0.7324009956232271;6;0.52600798848361;[0.8098726575679996;0.647842455501625;0.9789897378112039;0.8169595357448293];0.7720043261673003;0.25
755;0.9544501337305613;0.7159720455861072;6;0.4855192410022126;[0.8658559654046671;0.627377877260213;1.0430443020564555;0.8045662139120013];0.7745222027023909;0.25
4558;0.2779347666776353;0.4498309572314559;6;0.6276759144698587;[0.18906701297896097;0.36096320353278155;0.36680252037630956;0.5386987109301302];0.7767909017088487;0.25
1036;0.3709563753700025;0.5784285707084094;6;0.6111171153261217;[0.28442543701924794;0.4918976323576548;0.457487313720757;0.6649595090591639];0.7719170997519428;0.25
5254;0.6577717779907697;0.3093929068475527;6;0.6649186889728163;[0.5711610987830241;0.22278222763980712;0.7443824571985153;0.3960035860552983];0.7743850801552027;0.25
4653;0.04218603515296082;0.4599600429791437;6;0.5069768864809114;[-0.04951265153999329;0.3682613562861896;0.13388472184591493;0.5516587296720978];0.773846073498393;0.25
414;0.7838003604398861;0.6088392389579056;6;0.344035656603796;[0.6975515402115937;0.5225904187296131;0.8700491806681785;0.6950880591861981];0.7808747633891896;0.25
9681;0.4985743150881288;0.0054242489095963076;6;0.4809443666141851;[0.41224606348810267;-0.08090400269042983;0.584902566688155;0.09175250050962244];0.7678655597448528;0.25
4370;0.572506349790807;0.20871589658180825;6;0.7048068414763028;[0.4848431192249195;0.1210526660159208;0.6601695803566944;0.2963791271476957];0.777683407607733;0.25
598;0.728034164183536;0.2943062564092597;5;0.5454129141849088;[0.6380412406736338;0.2043133328993576;0.8180270876934381;0.38429917991916185];0.7658316420872603;0.25
5420;0.7600734028351637;0.15541521986964807;6;0.33378660908480995;[0.6723419093741633;0.06768372640864768;0.8478048962961641;0.24314671333064847];0.777754131700436;0.25
5244;0.4578930745866805;0.13170516633077997;6;0.5124288954433239;[0.37362051877786684;0.047432610521966345;0.5421656303954941;0.2159777221395936];0.7709373834846286;0.25
4727;0.7907035169971021;0.523379523090262;6;0.5788286615537767;[0.7016284099616149;0.4343044160547749;0.8797786240325892;0.6124546301257492];0.7796438322440931;0.25
1884;0.28973769437057073;0.5633796371753004;6;0.4315386091392449;[0.2018144333648204;0.47545637616955005;0.37766095537632105;0.6513028981810507];0.7705610678946067;0.25
8496;0.5982979088596998;0.9369087463061421;6;0.5015401386532714;[0.5098125419026919;0.8484233793491341;0.6867832758167077;1.0253941132631499];0.774183673571485;0.25
1478;0.020376330393507724;0.4976187632666379;6;0.7163493458919812;[-0.06718294562707554;0.4100594872460546;0.10793560641409099;0.5851780392872211];0.7754729177398167;0.25
7512;0.1732771262513445;0.7929880959783885;6;0.6151182123070539;[0.08692607693658953;0.7066370466636335;0.25962817556609946;0.8793391452931435];0.7776519272213376;0.25
7651;0.43603266134365753;0.7544410039643914;7;0.40230165610596763;[0.34529751774612283;0.6637058603668566;0.5267678049411922;0.8451761475619262];0.7729315383281918;0.25
5834;0.717550040397406;0.6933527434729647;5;0.5662778342017696;[0.6275517896508238;0.6033544927263825;0.8075482911439882;0.7833509942195469];0.7757329269668507;0.25
7166;0.39079989540674476;0.08909005757829408;6;0.580052916798624;[0.30357288748134303;0.0018630496528923707;0.4780269033321465;0.1763170655036958];0.7787015850418856;0.25
8177;0.676130724150783;0.4652127614612863;6;0.6248560508938692;[0.5869860523629877;0.376068089673491;0.7652753959385783;0.5543574332490816];0.7820986208048701;0.25
1449;0.8960182573603067;0.5301784431087159;7;0.5862225192717576;[0.8069680729602029;0.44112825870861205;0.9850684417604105;0.6192286275088197];0.7698932287366262;0.25
7736;0.012132478072201858;0.5406712973436608;6;0.5470405385792844;[-0.07242055678409834;0.45611826248736065;0.09668551292850205;0.625224332199961];0.768376011384997;0.25
7085;0.804459514957905;0.23488610056702797;6;0.4596414202869105;[0.7158228669915484;0.14624945260067135;0.8930961629242616;0.3235227485333846];0.7702935047696476;0.25
6472;0.8642781915827326;0.0014160677257137877;5;0.4892223294775776;[0.7755550710573679;-0.08730705279965088;0.9530013121080972;0.09013918825107846];0.7668452457818311;0.25
7608;0.7515015778610077;0.3161320720770038;6;0.5442558942465785;[0.6662837930960279;0.23091428731202404;0.8367193626259875;0.40134985684198354];0.7709412567024805;0.25
303;0.5734382195772045;0.7090946841822656;6;0.5314386085243921;[0.48108549309293847;0.6167419576979996;0.6657909460614706;0.8014474106665317];0.7755829620115273;0.25
7638;0.8697448883623305;0.5394294105968187;6;0.5362598420888611;[0.7822840522935646;0.4519685745280528;0.9572057244310965;0.6268902466655846];0.775251539551529;0.25
4453;0.4162897908406883;0.38337381164732326;6;0.4665892175799057;[0.331376890163807;0.298460910970442;0.5012026915175696;0.46828671232420455];0.7802652947187567;0.25
5595;0.9306837204801246;0.9426709953525942;6;0.419629346453447;[0.8390284692195277;0.8510157440919973;1.0223389717407216;1.0343262466131913];0.7751924412060254;0.25
5642;0.549936239856347;0.7562860829697235;6;0.5725243543159512;[0.4612918342382232;0.6676416773515997;0.6385806454744708;0.8449304885878474];0.7715600720195658;0.25
9843;0.8809033391712905;0.0561906482990443;6;0.5726097269861258;[0.7876614908464015;-0.03705120002584471;0.9741451874961795;0.14943249662393332];0.7776721325885633;0.25
2009;0.9793768120277683;0.7434070591201198;6;0.5651052234498655;[0.8917659448180508;0.6557961919104025;1.0669876792374857;0.8310179263298372];0.7790598670013635;0.25
1714;0.8419750432996281;0.016485960169890235;6;0.641002886374254;[0.7519454795075687;-0.07354360362216913;0.9320046070916875;0.1065155239619496];0.7677613616801688;0.25
4622;0.47613837455500313;0.048101660616535535;6;0.2503657576648086;[0.38805978520091045;-0.039976928737557135;0.5642169639090958;0.13618024997062822];0.7766095120490927;0.25
4503;0.7183932376255066;0.38854824684599704;6;0.24743921182197376;[0.626771562319406;0.2969265715398965;0.8100149129316071;0.4801699221520976];0.7778436757852697;0.25
4166;0.5698404301017971;0.19536655583752743;6;0.5469189941306334;[0.4860888068860832;0.11161493262181353;0.653592053317511;0.2791181790532413];0.7784100122582557;0.25
5039;0.27836979464808054;0.8804522076637334;6;0.5561483064257596;[0.1927602924764985;0.7948427054921514;0.36397929681966257;0.9660617098353155];0.7825630320717433;0.25
7291;0.8539355366076086;0.8574580360777975;6;0.4903114276514422;[0.7650318228158338;0.7685543222860227;0.9428392503993833;0.9463617498695722];0.7665068046433998;0.25
6053;0.4649626857285216;0.3673009986271477;6;0.47211499825033115;[0.37522718320528403;0.2775654961039101;0.5546981882517592;0.4570365011503853];0.7771773749923397;0.25
6068;0.8680627982240502;0.38464825979345807;6;0.5028016793748417;[0.7827362145724;0.2993216761418079;0.9533893818757004;0.46997484344510826];0.769775431740887;0.25
2561;0.3638375321237184;0.6765978749765089;6;0.4388860301283487;[0.2735620551790463;0.5863223980318368;0.45411300906839047;0.766873351921181];0.7783086074351788;0.25
3940;0.2965183651065033;0.5955480167366916;6;0.44786477456086043;[0.20756901549970974;0.506598667129898;0.3854677147132969;0.6844973663434851];0.7683608272759087;0.25
1348;0.6367343953308213;0.4331622932177776;6;0.6340378629941624;[0.5506397824801519;0.34706768036710817;0.7228290081814908;0.5192569060684471];0.7739080559397338;0.25
8331;0.7605629415914347;0.8443832600661442;6;0.5636115956893898;[0.6773754540722439;0.7611957725469534;0.8437504291106255;0.927570747585335];0.7811704676903924;0.25
8403;0.7657437213039879;0.31887718997751363;6;0.4520293183183421;[0.676851560620646;0.2299850292941717;0.8546358819873299;0.40776935066085557];0.7673876753631826;0.25
5141;0.978170846546201;0.14044700775355043;6;0.43678268678799387;[0.8902616822777211;0.0525378434850705;1.0660800108146808;0.22835617202203035];0.7733815478671365;0.25
2280;0.3879735597921305;0.14753797617912318;6;0.5044888082103764;[0.2979078063103355;0.05747222269732816;0.4780393132739255;0.2376037296609182];0.7693122768057379;0.25
1401;0.6452260690258678;0.3846362634364073;6;0.5299218518426438;[0.5588014182409551;0.29821161265149454;0.7316507198107804;0.47106091422132];0.7674687384524127;0.25
5507;0.9965761783430578;0.04986629539104115;5;0.32372970976853643;[0.9070581812237714;-0.03965170172824531;1.0860941754623443;0.1393842925103276];0.7714626453976651;0.25
285;0.8630130057672212;0.2040658807057484;6;0.5877249080689048;[0.7786327325810553;0.11968560751958252;0.9473932789533871;0.2884461538919143];0.7783803821769791;0.25
9718;0.7852360488252441;0.9580791753368274;6;0.5614485936611199;[0.6968218478789912;0.8696649743905744;0.8736502497714971;1.0464933762830804];0.7720817043481747;0.25
4226;0.3415262316103773;0.1291904124408853;6;0.3751536389664724;[0.255157048985525;0.042821229816032966;0.42789541423522964;0.21555959506573763];0.7696546198833756;0.25
2446;0.6784413864753129;0.3704305760765014;6;0.522496358210796;[0.5952044115667601;0.28719360116794856;0.7616783613838658;0.4536675509850543];0.7793719243482423;0.25
9114;0.6649754967259822;0.5618355549365012;6;0.4060801476113649;[0.5766208543054052;0.4734809125159241;0.7533301391465592;0.6501901973570782];0.771158268383224;0.25
6195;0.16659651371804884;0.057678741676184975;6;0.49666864457035664;[0.07589926544803738;-0.03301850659382649;0.2572937619880603;0.14837598994619644];0.7845427007654416;0.25
3045;0.08455850823892197;0.2165702040135088;6;0.6405731049071872;[-0.0018772503957833059;0.13013444537880353;0.17099426687362723;0.30300596264821406];0.7774365209823818;0.25
2760;0.7593053118008819;0.338926376114983;6;0.779231336669326;[0.6755037014859337;0.25512476580003485;0.84310692211583;0.42272798642993115];0.7789796018241304;0.25
8810;0.5528468042509463;0.5452609286234754;6;0.34633626355439495;[0.4678516098791692;0.46026573425169826;0.6378419986227235;0.6302561229952526];0.7703511477172952;0.25
2762;0.9397133627962272;0.25251182965913793;6;0.4133051713531821;[0.8493045840693685;0.16210305093227922;1.030122141523086;0.34292060838599664];0.7712074779828926;0.25
1193;0.32153672303509373;0.09177751643879337;6;0.5284591764407025;[0.2362067002762185;0.006447493679918148;0.406866745793969;0.17710753919766858];0.7773428981063557;0.25
7869;0.20155840290940663;0.4312118905279403;6;0.6112487673573969;[0.11396865364152463;0.3436221412600583;0.2891481521772886;0.5188016397958223];0.7741245211114521;0.25
9833;0.8738730806927605;0.08964143506147426;6;0.23455152421584002;[0.7831366879161996;-0.001094957715086664;0.9646094734693214;0.1803778278380352];0.7723561162080274;0.25
1785;0.14995627548162982;0.5249670230060723;6;0.46279772018579757;[0.06388381552682966;0.43889456305127217;0.23602873543643;0.6110394829608725];0.7706873164215071;0.25
5350;0.8509180814605589;0.2215478936558782;6;0.5593953455383845;[0.7635556631158255;0.13418547531114472;0.9382804998052924;0.3089103120006117];0.7760016712431327;0.25
2823;0.9322982830375346;0.8542919679887578;6;0.45963766647842713;[0.8454098501260213;0.7674035350772446;1.019186715949048;0.9411804009002711];0.7718470544056045;0.25
3155;0.6114560375162061;0.15540954532736787;6;0.48969293883293663;[0.5261672353713547;0.07012074318251638;0.6967448396610576;0.24069834747221935];0.7781294363095048;0.25
8441;0.8693727226022475;0.7183453976556518;6;0.4035192094262918;[0.7802136406358293;0.6291863156892337;0.9585318045686657;0.8075044796220698];0.7682276900460675;0.25
4021;0.9719124721346329;0.7919256541800379;7;0.540541229977795;[0.8814097492956059;0.7014229313410109;1.06241519497366;0.882428377019065];0.7754864129531952;0.25
906;0.6894446054226961;0.9416832698629226;6;0.3897372085975891;[0.6020760966476272;0.8543147610878536;0.7768131141977651;1.0290517786379916];0.7770108638253806;0.25
2326;0.3511447538585184;0.4158165797143772;6;0.4152812503811431;[0.26352970308040513;0.3282015289362639;0.43875980463663167;0.5034316304924904];0.7701418917260096;0.25
9638;0.5300540037754129;0.20696997702824194;6;0.5158236278833164;[0.4401004775483296;0.11701645080115862;0.6200075300024962;0.29692350325532524];0.781321770956384;0.25
4745;0.1032233671765812;0.3630832196388779;6;0.5649214224123376;[0.018381659867071243;0.27824151232936795;0.18806507448609117;0.44792492694838787];0.7701760924523837;0.25
9668;0.7724629935351742;0.9152935498509249;6;0.7229098500576392;[0.6844970251341462;0.8273275814498969;0.8604289619362022;1.0032595182519528];0.7670292654590722;0.25
7236;0.7282476762682895;0.15020989013695737;6;0.42839852866765016;[0.6400973209952101;0.062059534863878066;0.8163980315413688;0.2383602454100367];0.776808617907749;0.25
7847;0.8667219931968951;0.5685695330785652;6;0.4840898669437466;[0.7800807801478694;0.48192832002953945;0.9533632062459209;0.6552107461275909];0.7732437911109576;0.25
4322;0.24519399724326196;0.21601129351249235;6;0.4586437590490336;[0.15515952937940036;0.12597682564863075;0.33522846510712356;0.306045761376354];0.7741422841193457;0.25
7752;0.7378268389387946;0.6258965317484033;6;0.4416347766744526;[0.6479285087513956;0.5359982015610043;0.8277251691261936;0.7157948619358023];0.7746031328456847;0.25
5961;0.9352944930209776;0.7829378747836071;6;0.46545474923236146;[0.8480364807570709;0.6956798625197005;1.0225525052848843;0.8701958870475137];0.780560939805684;0.25
1675;0.1336610550132431;0.1444115926372011;5;0.7107520556032296;[0.043106118179195546;0.05385665580315355;0.22421599184729066;0.23496652947124866];0.7816045049029414;0.25
2502;0.8207622860297985;0.5010024805209401;6;0.5678320457724426;[0.7308947706032788;0.4111349650944204;0.9106298014563182;0.5908699959474598];0.7764625250237265;0.25
6985;0.8930903964289905;0.7379393869911981;6;0.5037408652890605;[0.8083236958042821;0.6531726863664897;0.9778570970536988;0.8227060876159065];0.7755904546625685;0.25
9232;0.20446262572104357;0.6480873764366772;5;0.5137907262560336;[0.11733231186273901;0.5609570625783726;0.2915929395793481;0.7352176902949819];0.7767484607032706;0.25
8642;0.5305532654798624;0.7182316399972051;6;0.5635304241838236;[0.44216282560043074;0.6298412001177734;0.618943705359294;0.8066220798766367];0.7772432485384313;0.25
5430;0.6997339232092229;0.2461816376705962;6;0.4703166697417881;[0.6130313651312383;0.15947907959261165;0.7864364812872074;0.33288419574858075];0.7703330771816959;0.25
1452;0.7343652481987141;0.1759673801850576;6;0.4897971854256511;[0.6478675856275616;0.08946971761390513;0.8208629107698665;0.2624650427562101];0.7770243207096992;0.25
641;0.6870382044645322;0.25662604995083627;6;0.5694462737515086;[0.5994387503237555;0.16902659581005947;0.774637658605309;0.34422550409161307];0.7781729547254468;0.25
8529;0.7564349891560757;0.23697337994869566;6;0.5079254648088871;[0.6720758719853136;0.15261426277793355;0.8407941063268377;0.32133249711945777];0.7806638030302879;0.25
2651;0.49468551293728963;0.19686606709528776;6;0.4042810557383151;[0.40493141806242466;0.10711197222042279;0.5844396078121545;0.2866201619701527];0.7887569373058931;0.25
1881;0.45247770326562164;0.7592414040169714;6;0.5025344932604531;[0.3651874791553687;0.6719511799067184;0.5397679273758746;0.8465316281272244];0.765568743270833;0.25
8208;0.41183573869744683;0.06731798106038134;6;0.5685264113112054;[0.3242311070009505;-0.020286650636114983;0.4994403703939432;0.15492261275687766];0.7775842160011849;0.25
1118;0.43522134264377405;0.6573610783761474;6;0.4720215314027719;[0.34666731173408705;0.5688070474664605;0.523775373553461;0.7459151092858344];0.7793668045265801;0.25
1239;0.6509952192114339;0.89914499248107;6;0.47224567357680697;[0.5654459537298399;0.813595726999476;0.7365444846930279;0.9846942579626641];0.7760827384874114;0.25
481;0.4697897801848892;0.7820866858178506;6;0.5476322105444742;[0.38513888478391334;0.6974357904168746;0.5544406755858651;0.8667375812188265];0.7743307004310325;0.25
3843;0.8039445232671579;0.29944864627099277;6;0.37747490109897175;[0.7157275793192642;0.21123170232309907;0.8921614672150516;0.38766559021888647];0.7661832957179541;0.25
1576;0.5797659721860496;0.9237499145038088;6;0.37145723184147794;[0.4879511931381898;0.831935135455949;0.6715807512339095;1.0155646935516687];0.7674838953989522;0.25
4675;0.1693543045569733;0.7845041660379217;6;0.43087426539219215;[0.08339966226450692;0.6985495237454553;0.2553089468494397;0.8704588083303881];0.7705452764916162;0.25
3252;0.22232852541901713;0.5321865938061969;6;0.4951936259011258;[0.13674973835969967;0.4466078067468795;0.3079073124783346;0.6177653808655144];0.778769001737617;0.25
3435;0.46166324834322886;0.11921033249318891;6;0.5974293557410504;[0.3752206189945446;0.03276770314450467;0.5481058776919131;0.20565296184187315];0.7737648360825435;0.25
7544;0.9273419574631685;0.6152584961080723;6;0.4166613250545164;[0.8410314264494203;0.5289479650943241;1.0136524884769167;0.7015690271218205];0.7728421209796297;0.25
2779;0.2839805524322835;0.8952249518737851;6;0.335520468588961;[0.19698697048274966;0.8082313699242513;0.3709741343818173;0.982218533823319];0.7747651932439731;0.25
8851;0.29512027727561163;0.486442143055591;5;0.6670638860770972;[0.2076397796324915;0.3989616454124709;0.3826007749187318;0.5739226406987111];0.7686745800339443;0.25
7228;0.761179516520796;0.42031372603230693;6;0.5229038152230646;[0.6785654599901866;0.33769966950169755;0.8437935730514053;0.5029277825629163];0.7769704316856254;0.25
3037;0.5989371661384075;0.6705364325198649;6;0.5058954432020715;[0.5151443390246541;0.5867436054061115;0.682729993252161;0.7543292596336184];0.7702001867275926;0.25
446;0.8180300098441764;0.5378152482891138;6;0.4196348499257123;[0.7304765844479776;0.45026182289291494;0.9055834352403752;0.6253686736853126];0.7712048499870859;0.25
3837;0.008391602221407057;0.7604492383309589;6;0.7151444909475383;[-0.08158879373601136;0.6704688423735405;0.09837199817882547;0.8504296342883773];0.769915072423419;0.25
4747;0.2284142206451141;0.5405547956199696;6;0.49246421809221463;[0.1423643228973102;0.4545048978721657;0.314464118392918;0.6266046933677735];0.773803626879575;0.25
9941;0.3918939409143558;0.889291755591409;5;0.4020040344383379;[0.30232732709333643;0.7997251417703897;0.4814605547353752;0.9788583694124284];0.7750446147641814;0.25
3745;0.2848949536721787;0.731605461241376;6;0.4792212506341962;[0.19478583502998525;0.6414963425991826;0.37500407231437216;0.8217145798835694];0.7748838606995038;0.25
396;0.47931507837692044;0.9093148141638391;7;0.6166203556552522;[0.390597374260794;0.8205971100477126;0.5680327824930469;0.9980325182799655];0.7774500642834428;0.25
1318;0.8970894389068106;0.4912889652142891;6;0.3804676986437195;[0.8062217310299642;0.4004212573374427;0.987957146783657;0.5821566730911355];0.772399510258486;0.25
6907;0.22343285911201582;0.6065318141174316;6;0.5274294051786319;[0.13759412521834757;0.5206930802237634;0.3092715930056841;0.6923705480110999];0.7748717850408101;0.25
3254;0.3695769330201257;0.112152187153303;6;0.5425269035042565;[0.2854111874253137;0.027986441558491018;0.45374267861493767;0.196317932748115];0.7781834462988032;0.25
7403;0.1963918238563983;0.7942168457169139;6;0.6623359195827647;[0.1083733732346022;0.7061983950951177;0.28441027447819445;0.88223529633871];0.7687681257952051;0.25
2762;0.4322501877570265;0.9732267187995853;6;0.4133051713531821;[0.34268256776163986;0.8836590988041987;0.5218178077524132;1.062794338794972];0.7712074779828926;0.25
2661;0.40718839892223924;0.5549694580244255;6;0.48487486242747047;[0.31748561073572606;0.46526666983791237;0.4968911871087524;0.6446722462109387];0.7713520630589407;0.25
6479;0.460085143795098;0.614397577143727;6;0.5493264012038991;[0.3706420220145489;0.5249544553631779;0.5495282655756472;0.7038406989242761];0.7718184776245012;0.25
3633;0.6865871282733268;0.1975284274893866;6;0.436298090378771;[0.5997221911216903;0.11066349033775014;0.7734520654249633;0.28439336464102305];0.7705533602943719;0.25
9003;0.7961939437726815;0.9332238567449008;6;0.40343484355286247;[0.7113849320143553;0.8484148449865745;0.8810029555310077;1.0180328685032272];0.7745205014684138;0.25
7990;0.6513523817162508;0.6293495244778144;6;0.3684412821539558;[0.5560131031951463;0.53401024595671;0.7466916602373552;0.7246888029989189];0.7687069055081012;0.25
1105;0.2960579064839287;0.5624800492763559;6;0.40229595663775813;[0.20920681822807102;0.4756289610204982;0.3829089947397864;0.6493311375322135];0.7721184951153834;0.25
7342;0.017975875173919242;0.2704176273565365;6;0.5287059733778756;[-0.06952769630712063;0.18291405587549664;0.10547944665495912;0.3579211988375764];0.7660273918731753;0.25
5185;0.6287788706882913;0.5684516126099044;6;0.6285576590226402;[0.5410199914464443;0.48069273336805746;0.7165377499301383;0.6562104918517514];0.7691302964414087;0.25
4459;0.15543862107544196;0.35462030491924756;6;0.42923308260464327;[0.06945756236368224;0.26863924620748786;0.2414196797872017;0.44060136363100727];0.7727535758242514;0.25
7750;0.7634367197224514;0.9685374663110172;7;0.5158054450402134;[0.6771267606447585;0.8822275072333243;0.8497466788001443;1.0548474253887101];0.7837305018822381;0.25
6261;0.24900665338224082;0.31194648498266686;6;0.442794895771911;[0.16149397341266342;0.22443380501308946;0.3365193333518182;0.39945916495224426];0.7813031779565955;0.25
4222;0.8714131243468637;0.4822965147796733;6;0.5492043245123566;[0.7828637629160595;0.3937471533488691;0.9599624857776679;0.5708458762104774];0.776166933509232;0.25
8762;0.4789997401569157;0.2517531049520294;6;0.5624273535073407;[0.39149254079123696;0.16424590558635066;0.5665069395225945;0.33926030431770815];0.781632029447377;0.25
7521;0.06962733841287072;0.8149837482549175;6;0.4027238482269173;[-0.01891126147265698;0.7264451483693898;0.15816593829839842;0.9035223481404452];0.7777449093833867;0.25
1278;0.6987916568179622;0.18374209453210233;6;0.4384096466303382;[0.6087158747707029;0.09366631248484306;0.7888674388652215;0.27381787657936163];0.7664822695420171;0.25
6161;0.03778185535097228;0.686685151284543;5;0.6839283044326887;[-0.052988105312437875;0.5959151906211329;0.12855181601438243;0.7774551119479531];0.7697481027981931;0.25
5868;0.6986851598574216;0.8284595482161352;6;0.4651072149481196;[0.6067457850072636;0.7365201733659772;0.7906245347075797;0.9203989230662932];0.7729655723501153;0.25
2904;0.14185820320946713;0.7762806188500938;6;0.5621222614611557;[0.05365919298270745;0.6880816086233341;0.23005721343622682;0.8644796290768535];0.7736175618559893;0.25
8595;0.7199881880162176;0.7858145249287279;6;0.6524290976756243;[0.6342664046847281;0.7000927415972384;0.805709971347707;0.8715363082602174];0.7804049360172788;0.25
7370;0.3540013325671679;0.9788688031877545;6;0.5822575783128653;[0.2702808340663627;0.8951483046869493;0.43772183106797313;1.0625893016885597];0.7679334341355216;0.25
2865;0.16197893370526045;0.3840906469349844;6;0.6337057153810992;[0.07498700878157379;0.2970987220112977;0.24897085862894713;0.4710825718586711];0.7679777125284268;0.25
139;0.6318622934340737;0.8875329575871279;6;0.4932349820263803;[0.5448333568466112;0.8005040209996653;0.7188912300215363;0.9745618941745905];0.7774238931465934;0.25
4681;0.9006587055722038;0.8326152313597567;6;0.47616686501719263;[0.8126485360972555;0.7446050618848084;0.9886688750471522;0.920625400834705];0.7737378944738962;0.25
5766;0.45752911829710485;0.8406452342344898;6;0.45171056018182076;[0.37163775847923397;0.7547538744166189;0.5434204781149757;0.9265365940523607];0.7783034795169231;0.25
2019;0.1720794453898954;0.6137615781744009;6;0.47754790424508237;[0.08585507068384651;0.5275372034683521;0.25830382009594427;0.6999859528804497];0.7787485760648438;0.25
5312;0.2725071836492801;0.7967647106235719;6;0.5776642849105338;[0.18686837726880884;0.7111259042431006;0.3581459900297514;0.8824035170040432];0.7868877598223136;0.25
4681;0.8112344735182767;0.41070920098596947;6;0.47616686501719263;[0.7208148638104621;0.32028959127815493;0.9016540832260913;0.501128810693784];0.7737378944738962;0.25
9888;0.12403741227966644;0.6296670120159915;6;0.37997092992122533;[0.0345692311224287;0.5401988308587538;0.21350559343690417;0.7191351931732293];0.7737818081653034;0.25
5301;0.8802475491232564;0.013128780770975457;6;0.445591252825272;[0.7930992474795198;-0.0740195208727612;0.9673958507669931;0.10027708241471212];0.7764402974532119;0.25
4235;0.17138041710596646;0.6220194921890739;6;0.6585344416350769;[0.07988304684853059;0.5305221219316381;0.26287778736340234;0.7135168624465098];0.7737180646203407;0.25
1861;0.36514862823013755;0.9843105352697421;6;0.5908337580953811;[0.27914100777734585;0.8983029148169503;0.45115624868292925;1.0703181557225339];0.7786778911056076;0.25
9175;0.34338609288677235;0.5005583997862827;6;0.3445967525493213;[0.256637179917042;0.41380948681655233;0.4301350058565027;0.5873073127560131];0.7700562300460869;0.25
7427;0.951309962063621;0.9016126591756778;6;0.5527458701113146;[0.8616383906156805;0.8119410877277373;1.0409815335115615;0.9912842306236183];0.7750972925797386;0.25
3216;0.17565946468712268;0.4995904083395728;6;0.5452739563470139;[0.08595545081771123;0.40988639447016134;0.26536347855653414;0.5892944222089842];0.7782537350685722;0.25
8369;0.4839841463049558;0.35459735627801225;6;0.4717103366403438;[0.3971241697734222;0.26773737974647865;0.5708441228364893;0.44145733280954585];0.7773315990968251;0.25
6895;0.638552319412266;0.9378109853079833;6;0.6388044245829863;[0.5497201964594941;0.8489788623552115;0.7273844423650379;1.0266431082607552];0.776442932314521;0.25
3648;0.703795720640365;0.7899650051033287;6;0.6663049752368901;[0.6152116725292837;0.7013809569922473;0.7923797687514463;0.87854905321441];0.7702171544727517;0.25
1481;0.4301249528912736;0.9170879987197478;6;0.46100981019706455;[0.3398140326890195;0.8267770785174936;0.5204358730935278;1.0073989189220018];0.7715905380418319;0.25
7030;0.22226885667392332;0.4684652999686537;6;0.4007797318083228;[0.13213638746430695;0.37833283075903734;0.3124013258835397;0.5585977691782701];0.7770864984902549;0.25
2943;0.2772933539044405;0.22227176173524765;6;0.4740285020368774;[0.19168730357974847;0.13666571141055564;0.36289940422913247;0.3078778120599397];0.7731685848878285;0.25
1350;0.1063249184218927;0.5973173995760026;6;0.32204202926414294;[0.01568856004318883;0.5066810411972987;0.19696127680059658;0.6879537579547065];0.7748127214914274;0.25
6307;0.4802871488132189;0.551697028708559;6;0.4696824001020333;[0.3860919493484678;0.4575018292438079;0.57448234827797;0.64589222817331];0.7792570871550106;0.25
4399;0.12751998253982633;0.3430661619132801;6;0.551170248828383;[0.0420131678349957;0.2575593472084495;0.21302679724465695;0.4285729766181107];0.7706126278064975;0.25
985;0.5485377783783472;0.47842917346130515;6;0.5878928840389606;[0.46150420751673765;0.39139560259969564;0.6355713492399566;0.5654627443229147];0.7856036868470517;0.25
9682;0.5082755576475073;0.7123767814001731;6;0.42971876263543374;[0.41822757108724895;0.6223287948399148;0.5983235442077657;0.8024247679604315];0.7807955990384534;0.25
9495;0.07166340935472082;0.9962408652140311;6;0.5072244659337688;[-0.012044337337211983;0.9125331185220983;0.15537115604665364;1.0799486119059638];0.7708053508978394;0.25
1287;0.35316605762447345;0.2282813883659548;6;0.6272199824179491;[0.26253858216426085;0.13765391290574222;0.44379353308468605;0.31890886382616734];0.7713843298541165;0.25
4422;0.36155290358953607;0.8571678349388607;6;0.3712172573372071;[0.2758615805688679;0.7714765119181926;0.44724422661020424;0.9428591579595289];0.7819189129871161;0.25
3255;0.6302588726447463;0.416079214275931;6;0.6422750987277932;[0.5451690357717153;0.33098937740289996;0.7153487095177774;0.501169051148962];0.7756985367383384;0.25
3630;0.4173947464745294;0.2815377325803011;6;0.5027071793880359;[0.3322351863218421;0.19637817242761385;0.5025543066272167;0.3666972927329884];0.7759556693399736;0.25
2671;0.33746028500352016;0.11614067463916389;6;0.43089120657957547;[0.25543788916086024;0.034118278796503976;0.41948268084618007;0.1981630704818238];0.7760562293719646;0.25
7568;0.2710981867509064;0.49897028334600846;5;0.3629190070326823;[0.1822423887835212;0.4101144853786233;0.35995398471829165;0.5878260813133936];0.7615489072348739;0.25
6169;0.84509060230664;0.7688427913180227;6;0.5472927456274688;[0.7546898282956909;0.6784420173070735;0.9354913763175892;0.8592435653289718];0.7772951518490713;0.25
9768;0.9629033212479258;0.31161620467310647;6;0.5807867232420605;[0.8758808941526179;0.22459377757779864;1.0499257483432336;0.3986386317684143];0.7728099799548258;0.25
9004;0.018917741203264116;0.9083837294056184;6;0.5993572985650897;[-0.06289784116496053;0.8265681470373938;0.10073332357148876;0.990199311773843];0.7757829561885526;0.25
8217;0.6921853163464234;0.43714126263170944;6;0.4062520702701229;[0.6060778257743796;0.35103377205966557;0.7782928069184673;0.5232487532037533];0.7679112476808052;0.25
5700;0.38565616323598895;0.39866089925330933;6;0.5519812434381619;[0.2991830317056115;0.3121877677229319;0.4721292947663664;0.4851340307836868];0.7810122374232954;0.25
2690;0.36303755865291343;0.6419213543244078;6;0.554083119518067;[0.2758269718822378;0.5547107675537322;0.45024814542358904;0.7291319410950834];0.7753743973347423;0.25
797;0.8569693250055189;0.9792454669630278;6;0.5602389198332683;[0.7675918647049703;0.8898680066624792;0.9463467853060675;1.0686229272635765];0.7769892624221676;0.25
6823;0.41038717517041795;0.9292536563151279;6;0.5202763642967739;[0.31962792614820673;0.8384944072929167;0.5011464241926291;1.020012905337339];0.778623875545431;0.25
6684;0.07479884379756627;0.9677555321079995;6;0.6530250482523974;[-0.013105713216446366;0.8798509750939868;0.1627034008115789;1.055660089122012];0.768791048747204;0.25
3464;0.1265592054587098;0.5073416278078182;6;0.48789801916965914;[0.03822336944618178;0.4190057917952902;0.21489504147123784;0.5956774638203463];0.7672858646706823;0.25
3983;0.5029763800706818;0.8032263876086513;6;0.5343838312647241;[0.416314650395986;0.7165646579339555;0.5896381097453776;0.889888117283347];0.7725907080629791;0.25
1650;0.13184975053633713;0.5027128133729935;6;0.4766309151769237;[0.044763683833475204;0.41562674667013155;0.21893581723919905;0.5897988800758553];0.769106855581878;0.25
8514;0.23803350312132682;0.8044380567680746;6;0.3901162288137789;[0.15081523553595055;0.7172197891826984;0.3252517707067031;0.8916563243534508];0.7721753965054801;0.25
9091;0.5729745596730742;0.8820263724592051;6;0.4909287875165121;[0.4860756585350608;0.7951274713211918;0.6598734608110876;0.9689252735972185];0.7743365816573166;0.25
3713;0.13974175865816055;0.7121486087951966;6;0.731033286637934;[0.05191462144856088;0.6243214715855969;0.22756889586776022;0.7999757460047963];0.7800914718986331;0.25
1421;0.6908490710934703;0.727731508751745;5;0.5420406286223554;[0.6034787983972402;0.6403612360555149;0.7782193437897004;0.8151017814479751];0.778486793212452;0.25
458;0.19500926238948213;0.9117338207030663;6;0.5109228008141435;[0.10888084506528405;0.8256054033788682;0.2811376797136802;0.9978622380272644];0.7745815380703477;0.25
6174;0.7791807589432853;0.6458615028524781;6;0.35411585812052865;[0.6901863982171489;0.5568671421263417;0.8681751196694217;0.7348558635786145];0.7656272889526882;0.25
2446;0.3134124158978696;0.6158150430256338;6;0.522496358210796;[0.22443241379956896;0.5268350409273331;0.40239241799617026;0.7047950451239345];0.7793719243482423;0.25
2032;0.6220441051126597;0.6804973033640282;6;0.5417242237312889;[0.5324177169010915;0.59087091515246;0.7116704933242279;0.7701236915755965];0.7831388878381723;0.25
56;0.0016302920549343125;0.7615498496920797;6;0.7443260041614741;[-0.08594883336412237;0.6739707242730231;0.089209417473991;0.8491289751111364];0.7782114773940786;0.25
7424;0.557467443047496;0.8084349926161186;6;0.4505712925159165;[0.46889220377905355;0.7198597533476763;0.6460426823159384;0.897010231884561];0.7689192687431881;0.25
7428;0.30599303206196604;0.8565147483291652;6;0.4250264478600624;[0.21767235562043055;0.7681940718876297;0.39431370850350156;0.9448354247707007];0.7742712626385055;0.25
5866;0.03582657865033592;0.8955896916356457;6;0.5785958611169458;[-0.049528929404282704;0.8102341835810271;0.12118208670495455;0.9809451996902644];0.7802689238272942;0.25
6000;0.6684140676712287;0.28978794573939515;6;0.45449314421998044;[0.5841515916620368;0.20552546973020328;0.7526765436804206;0.37405042174858705];0.7696770291270886;0.25
4462;0.8021261257938777;0.5711601896124362;6;0.3864164911144058;[0.7182967642816003;0.4873308281001588;0.885955487306155;0.6549895511247136];0.773031824435139;0.25
6322;0.7908511977725975;0.8562463361017378;6;0.5334183364966899;[0.6995708463279937;0.7649659846571341;0.8821315492172013;0.9475266875463416];0.7636411098620642;0.25
799;0.290473034373355;0.385489563081168;6;0.6128188713669491;[0.1993215678450337;0.2943380965528467;0.38162450090167627;0.4766410296094893];0.7702879717775128;0.25
2163;0.09139445052529194;0.9316723799708455;6;0.593278897925382;[0.0041494282948353195;0.8444273577403889;0.17863947275574854;1.0189174022013021];0.7861905408749755;0.25
3006;0.15691375914494596;0.5613065481053074;7;0.48436485536444435;[0.06872081812664076;0.47311360708700223;0.24510670016325115;0.6494994891236127];0.7765972297140604;0.25
7392;0.21730556840649512;0.7831976628427508;5;0.6371481286436946;[0.12926657253329701;0.6951586669695528;0.30534456427969325;0.8712366587159489];0.7709512302310999;0.25
6043;0.8675712608599119;0.3553089655948575;5;0.43644169018719275;[0.77951094515461;0.26724864988955555;0.9556315765652138;0.4433692813001594];0.7687385654271669;0.25
3468;0.3886170704328885;0.7809837944332791;6;0.6360400056906297;[0.30168786017833865;0.6940545841787293;0.47554628068743837;0.867913004687829];0.7745307515153487;0.25
4635;0.13570972362389874;0.1072209233561553;6;0.45971751268881755;[0.04734173982906187;0.01885293956131842;0.22407770741873562;0.19558890715099217];0.7762998483791025;0.25
116;0.424709124384469;0.7305196998960123;6;0.45920383322389857;[0.33737173850851004;0.6431823140200533;0.5120465102604279;0.8178570857719712];0.767872655236887;0.25
7552;0.32955176963879856;0.22602128730396398;6;0.49221508692378113;[0.23581023945535257;0.13227975712051798;0.42329329982224456;0.31976281748741];0.7734163836249316;0.25
394;0.7634871664391762;0.5452648134004017;6;0.6765608650827155;[0.6778176395539307;0.45959528651515613;0.8491566933244218;0.6309343402856472];0.7723864688169376;0.25
8236;0.5137676903052423;0.6442186919143226;6;0.5507109932406605;[0.4230053093508713;0.5534563109599515;0.6045300712596133;0.7349810728686936];0.7730253887217533;0.25
8745;0.13648057759450502;0.8901122652652054;6;0.6476980592615269;[0.04954790396179627;0.8031795916324966;0.22341325122721378;0.9770449388979141];0.7747714138425543;0.25
5431;0.35034150593568625;0.9215606972281372;6;0.5001669511951248;[0.26323780980817657;0.8344570011006275;0.4374452020631959;1.0086643933556467];0.7676231346316285;0.25
5141;0.5756828866560906;0.9799139824695952;6;0.43678268678799387;[0.4893921346626029;0.8936232304761075;0.6619736386495783;1.066204734463083];0.7733815478671365;0.25
6361;0.08276636058541911;0.8558514654126728;7;0.3535947771618707;[-0.004860832659968312;0.7682242721672854;0.17039355383080654;0.9434786586580601];0.7716357552291204;0.25
7827;0.22865967085830433;0.29630430544079556;6;0.43206702994335894;[0.14446993869435917;0.2121145732768504;0.3128494030222495;0.3804940376047407];0.7719378636466968;0.25
7684;0.41947423726874367;0.26474237472287765;6;0.7348716415027726;[0.3292869254509507;0.17455506290508466;0.5096615490865366;0.35492968654067064];0.7824236845409359;0.25
3895;0.18542718523794532;0.7802206994228817;6;0.5044497473502445;[0.09934000617803039;0.6941335203629668;0.27151436429786024;0.8663078784827967];0.7700809415678135;0.25
8367;0.41972992507806106;0.432301614921659;6;0.4513637202368941;[0.335268402639607;0.34784009248320497;0.5041914475165151;0.5167631373601131];0.7732907304294308;0.25
6622;0.2916072305582985;0.6627786851169262;6;0.5350945675614933;[0.2041366824508261;0.5753081370094537;0.3790777786657709;0.7502492332243986];0.775468717513621;0.25
4189;0.6803275493281165;0.6325026390396932;6;0.4062329807757847;[0.594587352012576;0.5467624417241527;0.766067746643657;0.7182428363552337];0.7774534724795681;0.25
4586;0.6681650460476471;0.152110688231189;6;0.5958461050331844;[0.5779984088854466;0.06194405106898844;0.7583316832098477;0.2422773253933896];0.7754199841322815;0.25
9218;0.24692365322833765;0.6569404809840722;6;0.566685934997503;[0.1592510952590983;0.5692679230148329;0.334596211197577;0.7446130389533115];0.7724594429269825;0.25
7739;0.7340458401596561;0.5698724190512418;6;0.5952391597047221;[0.6481031592630788;0.48392973815466445;0.8199885210562334;0.6558150999478191];0.7848806631561374;0.25
3016;0.31276035486622294;0.6248518426552125;6;0.5326064477158744;[0.23008903870128583;0.5421805264902755;0.39543167103116006;0.7075231588201496];0.7618520875285092;0.25
1926;0.8357401534528717;0.5455371873548361;6;0.5784772788483027;[0.7497824201563607;0.4595794540583251;0.9216978867493827;0.6314949206513472];0.7729198731503354;0.25
7226;0.080079240613747;0.9829171220850198;6;0.40972366554220696;[-0.004382789457412231;0.8984550920138605;0.1645412706849062;1.067379152156179];0.7716949322442308;0.25
1029;0.1370097763727433;0.6708320602249831;6;0.5317328471517562;[0.052775374703938505;0.5865976585561783;0.2212441780415481;0.7550664618937879];0.7704062569811806;0.25
