7206;0.1541091670977237;0.7245774197216441;6;0.4160541923230036;[0.06550026613018528;0.6359685187541058;0.24271806806526214;0.8131863206891825];0.764008488406728;0.25
2829;0.3655937061422434;0.5385963672985815;6;0.49274754828283573;[0.2792225493074446;0.4522252104637827;0.4519648629770422;0.6249675241333803];0.7746708629901892;0.25
7930;0.604167035305652;0.5683074238706709;6;0.5695347809316812;[0.5208125181123469;0.4849529066773658;0.6875215524989571;0.651661941063976];0.7840695856618185;0.25
4371;0.5395557367490198;0.699472525719036;6;0.49405655613191374;[0.45259487780578755;0.6125116667758037;0.626516595692252;0.7864333846622682];0.7731962855621088;0.25
1114;0.22245669943706414;0.43142004125160405;7;0.5404674974957954;[0.13694807908144413;0.34591142089598403;0.30796531979268416;0.5169286616072241];0.7671243324993336;0.25
2870;0.07273589690377072;0.3105078784286325;6;0.38186109308061145;[-0.01505848940923929;0.22271349211562247;0.16053028321678073;0.3983022647416425];0.7680889541614762;0.25
197;0.1513728195534238;0.18123894842679872;6;0.4336269253029471;[0.06030016988038822;0.09016629875376314;0.24244546922645938;0.2723115980998343];0.7785055106697429;0.25
7197;0.7042291243099825;0.01955421906607735;6;0.3836430759951286;[0.6208063779124808;-0.06386852733142429;0.7876518707074842;0.10297696546357898];0.7749926145247319;0.25
2301;0.7800386567467137;0.29009478038756764;6;0.495548697145364;[0.6968608946656627;0.20691701830651668;0.8632164188277647;0.37327254246861863];0.776558575232358;0.25
4131;0.45183823397187195;0.28557277876246373;6;0.46245951850911937;[0.3653592430748509;0.19909378786544266;0.538317224868893;0.37205176965948483];0.7722685844056163;0.25
2146;0.19534196432040618;0.35143107502577436;6;0.565848157372693;[0.10865314779128266;0.26474225849665084;0.2820307808495297;0.4381198915548979];0.7686224806845163;0.25
6695;0.1661528539653948;0.13791788210146066;6;0.5635206702805903;[0.0821262648199554;0.053891292956021256;0.25017944311083423;0.2219444712469001];0.7779350317299575;0.25
1343;0.32069062339918114;0.8557095308228422;6;0.5840259105224526;[0.23111118893790092;0.7661300963615619;0.41027005786046133;0.9452889652841224];0.7739210252952564;0.25
6050;0.13746735396050958;0.23109726100496042;6;0.4390411356007643;[0.054522244973891174;0.14815215201834203;0.22041246294712796;0.3140423699915788];0.7766898105732275;0.25
3285;0.5382358944036528;0.2271930045596335;6;0.39939877931913176;[0.4552547779952094;0.1442118881511901;0.6212170108120962;0.31017412096807695];0.7730351408112581;0.25
8303;0.2813197978540738;0.6072718477050358;6;0.6651765501434161;[0.19451883159355066;0.5204708814445127;0.36812076411459693;0.694072813965559];0.772109532005129;0.25
5918;0.49685045914834525;0.08233136055351059;6;0.5453814961876966;[0.4066117984465737;-0.007907300148260993;0.5870891198501168;0.17257002125528217];0.7718602874148208;0.25
9900;0.41209890344907973;0.28074692738413237;6;0.39796555137808437;[0.32691946035011193;0.19556748428516457;0.49727834654804753;0.36592637048310017];0.773968587992494;0.25
3349;0.3808174339383654;0.37592209977568813;6;0.33491082981365183;[0.2927115467706555;0.2878162126079782;0.4689233211060754;0.4640279869433981];0.7800160408098739;0.25
8648;0.5082481224241;0.5315732013763621;6;0.6648543545355147;[0.4204987419158881;0.4438238208681502;0.5959975029323119;0.619322581884574];0.784427051574887;0.25
2993;0.2764401105553489;0.5357688982293068;6;0.4707648238962744;[0.18912584808649902;0.44845463576045697;0.3637543730241988;0.6230831606981567];0.7743697135264904;0.25
8556;0.004775905476708975;0.46902235659232133;6;0.36539864630985697;[-0.08435141877955603;0.3798950323360563;0.09390322973297398;0.5581496808485863];0.773896218689937;0.25
3154;0.6385940956086079;0.07367935046057836;6;0.4701679198853089;[0.5496282341365532;-0.015286511011476447;0.7275599570806627;0.16264521193263315];0.777550650936394;0.25
8406;0.23163728722640536;0.7625262899174526;6;0.5222539723843735;[0.14091857260305365;0.671807575294101;0.3223560018497571;0.8532450045408043];0.7777158848887372;0.25
5189;0.35530738461625067;0.7226542511466363;6;0.43964477590955886;[0.2678089295241886;0.6351557960545742;0.4428058397083127;0.8101527062386984];0.7696443924328913;0.25
8232;0.5494114019695756;0.6932940319564244;6;0.3887322007179548;[0.4617264703510727;0.6056091003379215;0.6370963335880785;0.7809789635749272];0.7769559322484216;0.25
3453;0.2868324324853336;0.31624164910668207;6;0.5026282883910183;[0.2016412914944148;0.23105050811576328;0.37202357347625237;0.40143279009760086];0.7824466337543664;0.25
7237;0.22429387207174217;0.5092901189961594;6;0.4096140971434793;[0.13615334699086845;0.42114959391528567;0.3124343971526159;0.5974306440770331];0.7669888082964774;0.25
4435;0.5380394155368686;0.2862125048484523;6;0.6553342619018315;[0.4515222624796345;0.19969535179121817;0.6245565685941028;0.3727296579056864];0.7714146754764633;0.25
5658;0.6794515676527132;0.2545932774071998;6;0.5305084953645712;[0.5961010688032048;0.17124277855769138;0.7628020665022216;0.3379437762567082];0.7722848003530233;0.25
3821;0.6167022387450476;0.11713789470769712;6;0.5750642042127119;[0.5242241881514207;0.024659844114070156;0.7091802893386745;0.20961594530132407];0.764851192454846;0.25
931;0.24565482530567542;0.6668782138184244;6;0.3489141269589554;[0.1603991806963575;0.5816225692091065;0.33091046991499334;0.7521338584277423];0.7712464709819732;0.25
451;0.5210624000600853;0.01994334034179121;6;0.5355438626194866;[0.43238555428699477;-0.06873350543129936;0.6097392458331758;0.10862018611488178];0.7784117450462915;0.25
473;0.40423745743340417;0.46608043829234214;6;0.5815862221957144;[0.319607914914113;0.38145089577305097;0.48886699995269534;0.5507099808116334];0.7846158973160179;0.25
7478;0.21498744619115062;0.238481673081061;6;0.4438119092319851;[0.12511141352527688;0.14860564041518726;0.30486347885702436;0.32835770574693474];0.7741593615028525;0.25
7922;0.4935973366080525;0.44872168487258357;6;0.5310537509811952;[0.40516564431305524;0.3602899925775863;0.5820290289030497;0.5371533771675808];0.7802054753677296;0.25
4657;0.0855117800633029;0.41480885969409065;6;0.5304036996962317;[-1.9044781470524408E-4;0.3291066318160825;0.17121400794131103;0.5005110875720988];0.7821258463953451;0.25
380;0.014805159486440622;0.46261765637352914;6;0.4278406406889225;[-0.07052796009498453;0.377284536792104;0.10013827906786578;0.5479507759549543];0.7692622894013432;0.25
7705;0.4664920960522784;0.5274989564071946;6;0.6586170918669791;[0.37941958357094197;0.4404264439258581;0.5535646085336149;0.6145714688885311];0.7744869170810935;0.25
2414;0.4290591747506093;0.3763279150732601;6;0.4127339124290446;[0.3415621563813248;0.28883089670397555;0.5165561931198938;0.4638249334425446];0.7753517507116511;0.25
6846;0.15212569345143376;0.9953333029782905;6;0.4649931589002836;[0.06419399345690682;0.9074016029837635;0.2400573934459607;1.0832650029728175];0.7787132247090692;0.25
4889;0.6129728123195994;0.018198155536990834;6;0.6182721028506284;[0.5201985391212243;-0.07457611766138439;0.7057470855179746;0.11097242873536606];0.784434458777761;0.25
9489;0.2376141021243966;0.39982253648200744;6;0.5644254086396993;[0.14987888304076102;0.31208731739837187;0.32534932120803217;0.487557755565643];0.7706343466111086;0.25
71;0.23337418805578491;0.24098682774569416;6;0.5693004084803697;[0.14452252669728133;0.1521351663871906;0.3222258494142885;0.3298384891041977];0.7707858896331093;0.25
7957;0.05854943877915195;0.859909985347924;6;0.44245900991421766;[-0.027426206330711092;0.773934340238061;0.14452508388901497;0.945885630457787];0.7840939190181777;0.25
5582;0.6398640530403652;0.18891401041102315;6;0.4010188546833952;[0.5519049852839338;0.10095494265459179;0.7278231207967966;0.27687307816745454];0.7802436768021972;0.25
9009;0.935008384710876;0.31862699188523447;6;0.5880094428165735;[0.84884076422528;0.2324593713996385;1.021176005196472;0.4047946123708305];0.7764992202310427;0.25
967;0.22956047966530166;0.5351379224664028;6;0.30530917752425146;[0.14014243579121144;0.44571987859231255;0.3189785235393919;0.624555966340493];0.7724656098114714;0.25
8759;0.18199467202418718;0.21886716158082303;6;0.3854650253143358;[0.09838094892906696;0.13525343848570281;0.2656083951193074;0.30248088467594325];0.7730249905561167;0.25
6287;0.28466201140295033;0.40117228227022506;6;0.5476096445993869;[0.2010404479010227;0.31755071876829744;0.36828357490487795;0.4847938457721527];0.7784169003922913;0.25
8868;0.22707632544025486;0.2992022237415868;6;0.2805266405788168;[0.13740557907531203;0.20953147737664396;0.3167470718051977;0.3888729701065296];0.7788869701768981;0.25
6517;0.6235712464157597;0.3178237192416168;6;0.4777166656349418;[0.5346536978553554;0.2289061706812125;0.7124887949761639;0.4067412678020211];0.7758456642987084;0.25
9035;0.9731484739548675;0.2219544625339683;6;0.4798476525131515;[0.8863845639813285;0.13519055256042933;1.0599123839284064;0.3087183725075073];0.7790965553411346;0.25
443;0.8668402613302606;0.12560363416370485;6;0.3630706678014165;[0.7786730795190269;0.037436452352471075;0.9550074431414943;0.21377081597493863];0.7779357230895162;0.25
1134;0.7521050948689927;0.1918883755700956;6;0.2927384635681781;[0.6625162457744798;0.10229952647558266;0.8416939439635056;0.28147722466460856];0.771118186001299;0.25
8159;0.31514776694121577;0.9691739720674771;6;0.5199839250899235;[0.22639173421764203;0.8804179393439033;0.4039037996647895;1.057930004791051];0.7749524440656804;0.25
653;0.1055918746735588;0.002946600310485159;6;0.485692654971785;[0.020717294079793766;-0.08192798028327987;0.1904664552673238;0.08782118090425019];0.7718433174594185;0.25
4047;0.2715909851297822;0.11123384985024098;6;0.2977863553859401;[0.18403214347658275;0.023675008197041533;0.35914982678298163;0.19879269150344042];0.7744209149228072;0.25
4333;0.48316080894177105;0.5115639435785205;6;0.41772615035283717;[0.3980641503764768;0.4264672850132263;0.5682574675070653;0.5966606021438148];0.7758514372000763;0.25
8839;0.5319180046480921;0.08185807504008431;7;0.571886883194326;[0.44537636629809074;-0.004683563309917094;0.6184596429980935;0.16839971339008572];0.7783788207241811;0.25
3482;0.6384302658079635;0.7411414394069694;6;0.48889248395829904;[0.5511058749475518;0.6538170485465578;0.7257546566683751;0.8284658302673811];0.7715472332528401;0.25
3752;0.5215483866450732;0.37671117948950583;6;0.5659382399791498;[0.43190004602241516;0.2870628388668478;0.6111967272677312;0.46635952011216386];0.7706764252194406;0.25
745;0.6595371508212511;0.7174245507884366;6;0.5973770629813504;[0.575629863312365;0.6335172632795505;0.7434444383301372;0.8013318382973227];0.7769303883235859;0.25
8415;0.5701484228494594;0.5411874946612595;6;0.5021508378818508;[0.48353213739249734;0.4545712092042974;0.6567647083064215;0.6278037801182216];0.7704968473027891;0.25
3174;0.945803610722957;0.024414030016553984;6;0.6897864346253568;[0.8592046323478287;-0.06218494835857434;1.0324025890980855;0.11101300839168231];0.772643710166723;0.25
70;0.707971741146782;0.1529477773181288;6;0.4287750382497314;[0.6177303807065855;0.0627064168779323;0.7982131015869784;0.24318913775832532];0.7691534369677482;0.25
7140;0.1285641179999245;0.34510332874068683;6;0.37838217385585327;[0.039352389976331476;0.2558916007170938;0.21777584602351754;0.43431505676427984];0.7750086417661122;0.25
7205;0.23850684615070586;0.10942865847274287;6;0.5021902807793831;[0.15352783476337456;0.024449647085411585;0.32348585753803716;0.19440766986007416];0.7695966352048367;0.25
4005;0.6648490436609749;0.6307607988093321;6;0.42848960384369067;[0.5780793480876582;0.5439911032360154;0.7516187392342916;0.7175304943826488];0.7651056810633687;0.25
8778;0.4341695235944948;0.12290705527813986;6;0.38861441204052627;[0.35276922966602514;0.041506761349670226;0.5155698175229644;0.20430734920660948];0.7756166805644698;0.25
5313;0.9857937354281727;0.4279262704725207;5;0.5236469491862389;[0.8975582101276184;0.3396907451719664;1.074029260728727;0.516161795773075];0.7727840202072342;0.25
904;0.44947449337179224;0.7077370702628261;6;0.527959494658452;[0.3621790634208352;0.620441640311869;0.5367699233227493;0.7950325002137831];0.7741849967823762;0.25
3083;0.6638208415230817;0.33005755858283337;6;0.535380439889566;[0.5781220946551371;0.24435881171488866;0.7495195883910264;0.4157563054507781];0.774616734059123;0.25
8110;0.5193650984456291;0.08957028187620641;5;0.5286809500280674;[0.4301697740889078;3.749575194851029E-4;0.6085604228023503;0.17876560623292773];0.7789041978072011;0.25
8022;0.2285239738111458;0.19928235601938576;6;0.45215715334917356;[0.13932873616506186;0.11008711837330182;0.31771921145722976;0.2884775936654697];0.7695273846765303;0.25
2662;0.24892991616151094;0.5658527993327093;6;0.5524010077226529;[0.15815993254540103;0.4750828157165994;0.33969989977762083;0.6566227829488192];0.7721846202099039;0.25
6802;0.3902819127562274;0.3450309429714018;6;0.46099747093602095;[0.30463744270066484;0.2593864729158393;0.47592638281179;0.4306754130269643];0.7703597907754247;0.25
9255;0.5562746350703525;0.8295204157925903;6;0.4953086780375122;[0.46927490596782306;0.7425206866900609;0.6432743641728819;0.9165201448951197];0.7774716416299723;0.25
5044;0.2579312116008635;0.5368910482015135;6;0.4820840430525121;[0.17260366365230267;0.4515635002529526;0.34325875954942436;0.6222185961500744];0.7698522300105703;0.25
2546;0.3356596626134529;0.20752123538704545;6;0.5373503650982658;[0.2474244343740193;0.11928600714761181;0.42389489085288656;0.2957564636264791];0.7697289501431399;0.25
7047;0.31852019427241507;0.9199762823423839;6;0.3799359242582803;[0.2319615138695495;0.8334176019395184;0.40507887467528064;1.0065349627452496];0.7737865756127027;0.25
1852;0.00858537116933522;0.571478311916735;6;0.5858313669391935;[-0.07974510254855777;0.48314783819884205;0.09691584488722821;0.659808785634628];0.7822712083775201;0.25
7876;0.3370414633986238;0.23204730970362386;7;0.5120392025975453;[0.24709727895560635;0.14210312526060642;0.4269856478416412;0.3219914941466413];0.7705432934291525;0.25
9415;0.18374944978701824;0.29721437460812916;6;0.4696220335569461;[0.09332233299997296;0.20678725782108387;0.27417656657406353;0.38764149139517445];0.7768544990335228;0.25
5851;0.4160757856697522;0.7898014352186032;6;0.5748727422895705;[0.32298400921455706;0.6967096587634081;0.5091675621249473;0.8828932116737984];0.776533521544578;0.25
4242;0.3917003703807672;0.18436165602364607;6;0.5171661830485849;[0.3018718624812801;0.09453314812415896;0.4815288782802543;0.27419016392313317];0.7799137684933503;0.25
6868;0.0011292669117617393;0.961107417620945;6;0.4386786687578841;[-0.08545055155848619;0.8745275991506971;0.08770908538200967;1.0476872360911929];0.7737226073427036;0.25
3493;0.32055230335504487;0.18238903842282705;7;0.3368749571114318;[0.23533109981535943;0.09716783488314162;0.4057735068947303;0.2676102419625125];0.7745877191213814;0.25
8638;0.08281729269055005;0.6421715257110926;6;0.5226059896108379;[-0.003923685383292463;0.5554305476372501;0.16955827076439256;0.7289125037849351];0.7765271567027454;0.25
3258;0.5315314695416418;0.22619633326332986;6;0.620195310718177;[0.4471158788644797;0.14178074258616777;0.6159470602188039;0.310611923940492];0.7770151658448876;0.25
512;0.8079841743694987;0.5326632814941171;6;0.4191890019892651;[0.7197045137611251;0.44438362088574357;0.8962638349778722;0.6209429421024907];0.7779937099444375;0.25
7545;0.19431095162751177;0.3858528824651815;6;0.6003389429752376;[0.10852824971206591;0.30007018054973567;0.2800936535429576;0.47163558438062736];0.7856643349008623;0.25
6521;0.3323312434905209;0.29318048187174156;6;0.6697816551523659;[0.24419833756530582;0.20504757594652648;0.42046414941573595;0.38131338779695667];0.7711521720778516;0.25
4073;0.298736019355171;0.3375002477314636;6;0.4585965977338159;[0.21234791517282714;0.2511121435491197;0.3851241235375149;0.42388835191380747];0.7771002455476743;0.25
1531;0.8495908486309312;0.13048823957973427;6;0.5519744779231799;[0.7564610823008349;0.037358473249638036;0.9427206149610274;0.2236180059098305];0.7637000894093022;0.25
7291;0.4031127689038371;0.5037726395243254;6;0.4903114276514422;[0.3171120812078735;0.41777195182836174;0.48911345659980077;0.589773327220289];0.7665068046433998;0.25
9893;0.9338188720238939;0.8135895683365796;6;0.5100151304144334;[0.8448844542796129;0.7246551505922986;1.022753289768175;0.9025239860808606];0.7808231642557444;0.25
8896;0.01431892125076889;0.24602504299336467;6;0.46783206216580714;[-0.07561876639253373;0.15608735535006205;0.10425660889407151;0.33596273063666726];0.7656545231754757;0.25
5699;0.3085265352574553;0.16693285973733032;6;0.4678375435390149;[0.21844835987291852;0.07685468435279352;0.3986047106419921;0.2570110351218671];0.7802925010289723;0.25
1088;0.010076606595408322;0.016969993372219883;6;0.3312132272417755;[-0.07567421507102638;-0.06878082829421482;0.09582742826184303;0.10272081503865459];0.7677544707505071;0.25
2299;0.19284283107467956;0.5041203516516979;6;0.6372219705389225;[0.10786893531864591;0.41914645589566424;0.27781672683071323;0.5890942474077315];0.7736947899788511;0.25
9730;0.3868614393406955;0.47198767485677096;6;0.5600959663251245;[0.30250130128755337;0.3876275368036288;0.47122157739383763;0.5563478129099131];0.7729494434599303;0.25
5865;0.10162447877490569;0.40583424891442155;6;0.5529267245524581;[0.02084244934173267;0.3250522194812485;0.1824065082080787;0.4866162783475946];0.7727265322383363;0.25
1389;0.523561139013496;0.09590945340826006;6;0.5886747820447176;[0.43479373300504026;0.007142047399804327;0.6123285450219518;0.1846768594167158];0.7705106057380591;0.25
9905;0.8299352392098281;0.8483447928123388;6;0.6242183019291685;[0.7432050544710024;0.761614608073513;0.9166654239486539;0.9350749775511645];0.7661923418345185;0.25
6096;0.6511464194637674;0.5433300984493408;6;0.45471361158065743;[0.5643983967174198;0.45658207570299314;0.737894442210115;0.6300781211956884];0.7713040095299849;0.25
2600;0.41378275670797443;0.11032256600179491;6;0.3560478667068986;[0.3286310867770645;0.025170896070884963;0.4989344266388844;0.19547423593270485];0.7770814347832102;0.25
141;0.5466846309226785;0.5765968239062571;6;0.39766388483366966;[0.4599907429865166;0.4899029359700952;0.6333785188588404;0.6632907118424191];0.7724139547449257;0.25
1779;0.7672356250920044;0.5204505169073397;7;0.6216883423777135;[0.6814469468794154;0.4346618386947507;0.8530243033045933;0.6062391951199286];0.7717091289971689;0.25
1765;0.6582008320612216;0.8299394253317215;5;0.5471260599855748;[0.5699788132091109;0.7417174064796108;0.7464228509133323;0.9181614441838322];0.7720188431165961;0.25
5354;0.602890548187886;0.20923798448403963;6;0.4373464108257247;[0.5112281739552463;0.11757561025139993;0.6945529224205257;0.3009003587166793];0.7699630494277332;0.25
2868;0.6764215098711813;0.19102710059251027;6;0.4339572882582406;[0.5903579191542546;0.10496350987558355;0.762485100588108;0.277090691309437];0.7790524576852476;0.25
5385;0.7181833566845283;0.11798888438429973;5;0.40388744702727586;[0.6337551543559535;0.03356068205572503;0.802611559013103;0.20241708671287445];0.7829246712827439;0.25
8392;0.31883021347669477;0.3220523348351957;6;0.4743782373117295;[0.23372383004829933;0.23694595140680025;0.4039365969050902;0.4071587182635911];0.7659885768134365;0.25
7273;0.2505496815757936;0.8662557473968253;6;0.5924131548956328;[0.16037219091758811;0.7760782567386199;0.34072717223399906;0.9564332380550308];0.7756348886298016;0.25
2341;0.4244246059706885;0.1498809136168999;6;0.5286578010198701;[0.3358548326411227;0.0613111402873341;0.5129943793002543;0.2384506869464657];0.768565699219723;0.25
8619;0.5597258488395767;0.29390378679170837;6;0.38219201583856904;[0.46819814618316064;0.20237608413529234;0.6512535514959927;0.3854314894481244];0.770318417045064;0.25
3446;0.5329424649754526;0.6626657307906856;6;0.5284577276532698;[0.44305149485013195;0.5727747606653649;0.6228334351007733;0.7525567009160062];0.7846103334571176;0.25
4462;0.26757419549383343;0.9237223949091841;6;0.3864164911144058;[0.17967764554000099;0.8358258449553516;0.3554707454476659;1.0116189448630164];0.773031824435139;0.25
8485;0.411808520803155;0.24028264379183706;7;0.5086323199962391;[0.32291012871076175;0.15138425169944378;0.5007069128955483;0.3291810358842303];0.7725328090481707;0.25
8391;0.3542673099247617;0.008803488586433206;6;0.6634374556768727;[0.2636753428359095;-0.08178847850241898;0.4448592770136139;0.09939545567528539];0.7739581979639906;0.25
815;0.7525471424656555;0.12377453416832448;6;0.5636489314265873;[0.6642988055630266;0.03552619726569553;0.8407954793682844;0.21202287107095344];0.7750982184443492;0.25
2072;0.13932569361439104;0.49435814312952747;6;0.4139489749282532;[0.05623148303465865;0.4112639325497951;0.22241990419412344;0.5774523537092598];0.7700870755644219;0.25
8169;0.18591403158460673;0.3018400684821465;6;0.5605000108457695;[0.09572044636458185;0.21164648326212163;0.2761076168046316;0.39203365370217136];0.7760549057156909;0.25
5396;0.43766379640878494;0.4732762942696869;6;0.38539598460246227;[0.34637388697617666;0.3819863848370786;0.5289537058413932;0.5645662037022953];0.7808058318771903;0.25
4851;0.35454333089897355;0.023086268080187572;6;0.5060886810238755;[0.2698164817330686;-0.061640581085717364;0.4392701800648785;0.10781311724609251];0.7660173547905336;0.25
9904;0.5537446775109269;0.4431949888939848;6;0.487483286010939;[0.4651067378138023;0.35455704919686015;0.6423826172080516;0.5318329285911094];0.7778799068535381;0.25
2228;0.8521238834333414;0.7068899895473971;6;0.6206762644618489;[0.7637286886231429;0.6184947947371986;0.94051907824354;0.7952851843575957];0.7732232614345598;0.25
9234;0.14801594965083678;0.11791624705440645;6;0.45487412316255577;[0.05966858225709895;0.029568879660668623;0.2363633170445746;0.20626361444814428];0.7708260039956919;0.25
8568;0.8476445005915337;0.6933252191541996;6;0.45971077971708585;[0.7577376144149172;0.6034183329775831;0.9375513867681503;0.7832321053308162];0.768062548646088;0.25
4788;0.7338177858964294;0.05906593822609851;6;0.551289630802745;[0.6481482975419601;-0.02660355012837079;0.8194872742508987;0.14473542658056782];0.7713639718497487;0.25
1992;0.5717119269037434;0.8404471315872907;6;0.4690725121848181;[0.4844143946503352;0.7531495993338825;0.6590094591571516;0.9277446638406989];0.7848283771235296;0.25
7511;0.7190060379329688;0.06932791710598324;6;0.47844228963907703;[0.6331440393554756;-0.016534081471509934;0.804868036510462;0.1551899156834764];0.7760160752008226;0.25
4486;0.6353256789059738;0.1940190087728394;6;0.3127153397434437;[0.5511462916132484;0.10983962148011395;0.7195050661986993;0.27819839606556485];0.7809948276707328;0.25
1487;0.8749639692060007;0.34036943585703056;6;0.44396209341683657;[0.7888754470408217;0.2542809136918516;0.9610524913711798;0.42645795802220954];0.7789203767756848;0.25
8039;0.7344941884118958;0.20148525823188934;6;0.4150951785485591;[0.6494324002673292;0.11642347008732269;0.8195559765564625;0.286547046376456];0.7775879983521347;0.25
657;0.502170432642233;0.27237880894998623;6;0.6246148685519541;[0.4152288805115553;0.1854372568193085;0.5891119847729107;0.35932036108066395];0.7778005351411548;0.25
9261;0.20386119673885672;0.666001570759087;6;0.3741690899277658;[0.11372338971270307;0.5758637637329334;0.29399900376501037;0.7561393777852405];0.768908549645686;0.25
3343;0.5371955055216592;0.5900572728704004;6;0.4194227815471152;[0.44835835958498005;0.5012201269337213;0.6260326514583383;0.6788944188070796];0.7678482926160426;0.25
7400;0.4977033250474935;0.4514325685123477;6;0.6521145230716227;[0.4083271439818226;0.36205638744667684;0.5870795061131644;0.5408087495780185];0.7708001613367589;0.25
5491;0.27634748797077613;0.5014077524472574;6;0.49922184350706866;[0.19080741829799452;0.41586768277447583;0.36188755764355773;0.586947822120039];0.7709986167697204;0.25
9950;0.640804304686376;0.05327796301974724;6;0.5310287452426357;[0.5557301241617807;-0.03179621750484801;0.7258784852109712;0.1383521435443425];0.7751257873042329;0.25
493;0.6374346501831132;0.20567714155595623;6;0.6550555410553999;[0.5475622267457896;0.11580471811863265;0.7273070736204368;0.29554956499327983];0.7766622667733469;0.25
8315;0.7453598549368889;0.1787343088348123;6;0.5353538965293946;[0.6605673287421878;0.09394178264011122;0.8301523811315901;0.2635268350295134];0.7724863548065456;0.25
3794;0.7452115342859997;0.484254409222445;5;0.5339192403652702;[0.658812353322626;0.3978552282590712;0.8316107152493735;0.5706535901858187];0.7714650827243767;0.25
9150;0.6936700986894314;0.722322866566566;6;0.6340359393625503;[0.6055389839811485;0.6341917518582831;0.7818012133977144;0.8104539812748488];0.7739916963529002;0.25
3375;0.541678645246624;0.33552018134416484;6;0.30310067107208183;[0.4532011411764615;0.2470426772740023;0.6301561493167865;0.42399768541432736];0.7795062943021159;0.25
4835;0.43308823906062605;0.9043949417770093;6;0.3359634534337107;[0.34826246887227397;0.8195691715886572;0.5179140092489781;0.9892207119653614];0.7777253350021877;0.25
885;0.7957029543794089;0.34420870255320196;6;0.6879951352920504;[0.7089983430873437;0.2575040912611368;0.882407565671474;0.4309133138452671];0.772595895187913;0.25
6389;0.7165525443477152;0.34227055415672814;6;0.5067666678604829;[0.6301523317965539;0.2558703416055669;0.8029527568988765;0.4286707667078894];0.7747267614477635;0.25
4111;0.6682380092692437;0.3489884618656231;6;0.3875232531044279;[0.5774823135233014;0.25823276611968077;0.758993705015186;0.43974415761156543];0.7861718331822591;0.25
4599;0.6872697929499996;0.7586189401242669;6;0.38986869459883366;[0.5980655948455107;0.669414742019778;0.7764739910544884;0.8478231382287558];0.775504421651332;0.25
7171;0.591306726051861;0.9269838532933049;6;0.6249474589965682;[0.5032161857089632;0.8388933129504071;0.6793972663947587;1.0150743936362028];0.7833345659165213;0.25
6571;0.940498217421388;0.7307468088449179;6;0.5351327447321846;[0.8539107928579917;0.6441593842815216;1.0270856419847842;0.8173342334083142];0.768569474345728;0.25
7718;0.4397987490844669;0.5589409702383021;6;0.5653479998865587;[0.3506480966886883;0.4697903178425235;0.5289494014802456;0.6480916226340807];0.7641664580421932;0.25
6694;0.9245291835639553;0.4522457308361366;7;0.5296037658577171;[0.8383058334835287;0.36602238075571003;1.010752533644382;0.5384690809165632];0.7724057331373873;0.25
4828;0.22115396712144497;0.28764782877561257;6;0.5998766798504939;[0.13694561059171495;0.20343947224588255;0.305362323651175;0.3718561853053426];0.7766403363947033;0.25
2284;0.7110528129747151;0.8266243152892988;6;0.5304479351158745;[0.6224779590999434;0.7380494614145271;0.7996276668494868;0.9151991691640705];0.7745496728392933;0.25
991;0.5894770528457893;0.6092583008441997;6;0.5324167196976237;[0.5004006383793457;0.5201818863777561;0.678553467312233;0.6983347153106434];0.7713894434926823;0.25
3643;0.6880306319549436;0.8120292576480954;6;0.5916021638185565;[0.5967367318270633;0.7207353575202151;0.7793245320828239;0.9033231577759757];0.7699751426380816;0.25
733;0.6819011528711993;0.5054978469109965;6;0.5154592398236862;[0.5917695712432691;0.4153662652830663;0.7720327344991296;0.5956294285389268];0.771327133230668;0.25
8027;0.8236526208273391;0.2962762284303382;6;0.5411734855162452;[0.7370298014117722;0.2096534090147712;0.9102754402429061;0.38289904784590517];0.7748371079685938;0.25
9572;0.8324931242595189;0.08572165741310905;6;0.5711178518201416;[0.7440546852003331;-0.002716781646076749;0.9209315633187047;0.17416009647229486];0.7801518449549574;0.25
5898;0.5388119231288235;0.932394435318452;6;0.37876849879767915;[0.45094455229391606;0.8445270644835445;0.626679293963731;1.0202618061533595];0.7813745679478464;0.25
6246;0.6799019866909878;0.12175848465440611;6;0.4917150733757628;[0.5939960964690559;0.035852594432474294;0.7658078769129196;0.20766437487633793];0.7755959060480967;0.25
5653;0.7433679616445412;0.12113219919175541;6;0.4140979455337782;[0.6588133516210395;0.03657758916825367;0.827922571668043;0.20568680921525717];0.782966578386691;0.25
2931;0.5956092162135229;0.07549244434454949;6;0.5894697658980707;[0.5095621568343156;-0.010554615034657766;0.6816562755927302;0.16153950372375675];0.7806769060012568;0.25
9291;0.8191371003265581;0.06989599335084865;6;0.5937050154036932;[0.7347795287312753;-0.014461578244434142;0.9034946719218409;0.15425356494613143];0.7765660867307801;0.25
6423;0.6732036569551205;0.6303484551182144;6;0.468036224991516;[0.5846160337010293;0.5417608318641232;0.7617912802092117;0.7189360783723056];0.7724764279142291;0.25
5242;0.5334694928858394;0.5807796899581896;6;0.5401988709101679;[0.4423985817576815;0.48970877883003167;0.6245404040139975;0.6718506010863476];0.7801936171748186;0.25
3500;0.2208971174972132;0.33441119833482547;6;0.36598717911356105;[0.12808772828898857;0.24160180912660084;0.3137065067054378;0.4272205875430501];0.7740796435382845;0.25
7679;0.33926794380470493;0.20508472486576484;6;0.4548273971868101;[0.2534217861824383;0.11923856724349823;0.42511410142697154;0.29093088248803145];0.7747913200050052;0.25
5521;0.2641085609381538;0.7458854506908457;6;0.4522671427015931;[0.17948845804378866;0.6612653477964805;0.348728663832519;0.8305055535852108];0.7797992773982579;0.25
7828;0.18613157710797135;0.4800932159678968;6;0.7053858554248215;[0.09959036806353871;0.39355200692346415;0.272672786152404;0.5666344250123294];0.7752763539294988;0.25
4460;0.9848171550169219;0.29455038173601467;6;0.5298865061822794;[0.8967393564018338;0.20647258312092648;1.07289495363201;0.38262818035110285];0.7756455843633014;0.25
1263;0.9400328887651651;0.13172547362904088;6;0.39829183458555173;[0.8490983802879289;0.04079096515180469;1.0309673972424014;0.22265998210627708];0.7719621230710344;0.25
4044;0.7654124772347713;0.2032040518330875;6;0.49822061298637393;[0.6739593604411707;0.1117509350394868;0.856865594028372;0.2946571686266882];0.7707076569691655;0.25
9942;0.2883746867746203;0.219746041660009;6;0.6142563878313122;[0.19919862312784659;0.13056997801323528;0.377550750421394;0.3089221053067827];0.7795012379432789;0.25
9072;0.9211533585867492;0.5421301408337842;6;0.4048517755380223;[0.8332892587110037;0.45426604095803874;1.0090174584624947;0.6299942407095297];0.78201100670182;0.25
9319;0.8919836093087615;0.11418445311204078;6;0.5676358838646357;[0.8047192996310369;0.026920143434316174;0.9792479189864861;0.2014487627897654];0.771872412598763;0.25
9243;0.8309072498504015;0.1521331077160378;6;0.5448367568220709;[0.7432862255702213;0.06451208343585753;0.9185282741305818;0.2397541319962181];0.7695079017574743;0.25
4823;0.19891209519899455;0.717597063930489;6;0.5105406656185264;[0.11341483427688547;0.63209980300838;0.28440935612110363;0.8030943248525981];0.7734338242839698;0.25
7871;0.5465957122310512;0.21940333588894778;6;0.21299930551492646;[0.456857562884994;0.1296651865428906;0.6363338615771084;0.30914148523500495];0.7805196477775322;0.25
4463;0.9839033868883138;0.7319579950525907;6;0.478921015754554;[0.897355007064117;0.6454096152283939;1.0704517667125106;0.8185063748767876];0.7704790456915319;0.25
2512;0.5368579483258897;0.2747035645066487;6;0.5574046741593214;[0.4524913944784966;0.19033701065925554;0.6212245021732828;0.3590701183540418];0.7684657249892038;0.25
3815;0.8225540743893258;0.5419178927739968;6;0.5959048057514389;[0.7347125039401843;0.4540763223248553;0.9103956448384674;0.6297594632231384];0.7762712567946837;0.25
1511;0.6985310292802986;0.706520659514253;6;0.5014577017179217;[0.6070409728431632;0.6150306030771175;0.7900210857174341;0.7980107159513885];0.7718385641244129;0.25
8647;0.8537255120684027;0.235583801379212;5;0.398847101607935;[0.7629110722592627;0.14476936157007192;0.9445399518775428;0.3263982411883521];0.7814409219667849;0.25
1392;0.8098699620921388;0.5037244512626875;6;0.459689746451758;[0.7266823837835891;0.4205368729541378;0.8930575404006885;0.5869120295712372];0.7766447852690215;0.25
5807;0.8844016929331339;0.09164492593480109;6;0.5533424263538049;[0.7998683387094333;0.007111571711100481;0.9689350471568344;0.17617828015850168];0.7732123779268831;0.25
2453;0.9884631953617491;0.27271163868650405;6;0.58750116354324;[0.9018710402752578;0.18611948360001268;1.0750553504482405;0.35930379377299543];0.7783594056390489;0.25
8441;0.9699408669057094;0.14232310885672664;6;0.4035192094262918;[0.8811468460488975;0.05352908799991479;1.0587348877625211;0.23111712971353848];0.7682276900460675;0.25
4436;0.14952196010103802;0.599851810232247;6;0.4274358091090859;[0.06572847304102541;0.5160583231722344;0.23331544716105063;0.6836452972922595];0.761795988955497;0.25
8345;0.6255610004930227;0.868510511928519;6;0.48169577669023567;[0.5390623206512504;0.7820118320867467;0.7120596803347949;0.9550091917702913];0.7737687211678711;0.25
5803;0.2520826085755902;0.2579120082636375;5;0.5600064069483932;[0.16761261027676544;0.1734420099648128;0.3365526068744149;0.34238200656246226];0.7800114348223205;0.25
7747;0.6707047814687722;0.465057035126177;6;0.5340155563453489;[0.582497292983534;0.37684954664093884;0.7589122699540104;0.5532645236114152];0.7711508304990146;0.25
2120;0.4539592797603295;0.21304357452027017;6;0.44094283048518457;[0.3609938921043804;0.12007818686432106;0.5469246674162787;0.3060089621762193];0.7752539059261978;0.25
1907;0.6634824600169353;0.2143128939170531;6;0.552293617832863;[0.5771257448906938;0.12795617879081153;0.7498391751431769;0.30066960904329465];0.7761872769933794;0.25
3444;0.47006051209209454;0.43846049284858735;6;0.5547984752669736;[0.3839093716780695;0.3523093524345623;0.5562116525061196;0.5246116332626124];0.7775477841854196;0.25
885;0.5686496882791614;0.1399585365237309;6;0.6879951352920504;[0.48077595302412224;0.05208480126869171;0.6565234235342006;0.22783227177877008];0.772595895187913;0.25
7921;0.6550815412976247;0.2255760282779174;6;0.6049762978423132;[0.5675062718286717;0.13800075880896437;0.7426568107665777;0.31315129774687045];0.7694517399015998;0.25
1104;0.716350841820518;0.03411249236138697;6;0.48769403027193126;[0.6257757426809416;-0.056462606778189414;0.8069259409600944;0.12468759150096335];0.7710079864464595;0.25
7425;0.07890052485099686;0.5481758756009363;6;0.4434901763770154;[-0.007484490773084176;0.46179085997685526;0.16528554047507787;0.6345608912250174];0.7769975335018072;0.25
4669;0.58542173888221;0.5314941347736734;6;0.5187908919290704;[0.49680935582981484;0.44288175172127814;0.6740341219346053;0.6201065178260686];0.7790120719824575;0.25
686;0.3903028664671104;0.9645119819727004;6;0.5240208212768576;[0.30109099095085384;0.8753001064564438;0.4795147419833669;1.053723857488957];0.7708957096701136;0.25
4991;0.5696035148488883;0.08561048735697852;6;0.598964845135723;[0.4816283132667253;-0.0023647142251844583;0.6575787164310513;0.1735856889391415];0.7732444959813399;0.25
9492;0.20547359814145305;0.07085595209596637;6;0.3759667618235922;[0.11928573449086788;-0.015331911554618799;0.2916614617920382;0.15704381574655155];0.7793727705384857;0.25
6868;0.9545718026250885;0.24448077095535115;6;0.4386786687578841;[0.8678109022058258;0.15771987053608846;1.041332703044351;0.3312416713746138];0.7737226073427036;0.25
552;0.686105101576646;0.4397637119162534;6;0.4321139259787968;[0.5980353334005464;0.35169394374015384;0.7741748697527455;0.527833480092353];0.770665492942384;0.25
6679;0.9275796314990177;0.44909264630441537;6;0.4807146917973977;[0.8416879450016687;0.3632009598070664;1.0134713179963666;0.5349843328017644];0.7814319274040895;0.25
2362;0.28648309451825404;0.983248394312846;6;0.6680922939891144;[0.19552344073043498;0.8922887405250269;0.3774427483060731;1.074208048100665];0.7733036453575506;0.25
9956;0.07520969837774949;0.21355744176201613;6;0.6531269061781025;[-0.011639938724925386;0.12670780465934126;0.16205933548042437;0.300407078864691];0.7755494704127495;0.25
2788;0.9629470413458974;0.6739361478144945;6;0.40339288802979223;[0.8757119470953705;0.5867010535639676;1.0501821355964243;0.7611712420650214];0.7775593631233306;0.25
252;0.992936669457289;0.29231056769349245;6;0.33304658186688474;[0.9054940336849346;0.2048679319211381;1.0803793052296433;0.3797532034658468];0.7692802226087158;0.25
6117;0.9294520318166093;0.424164787436745;6;0.5470945878581445;[0.8452640562173639;0.3399768118374996;1.0136400074158547;0.5083527630359904];0.7743969598657914;0.25
9001;0.7758587706359603;0.9103418728562719;6;0.5735938172961259;[0.6882877406059111;0.8227708428262227;0.8634298006660095;0.9979129028863211];0.7740909286107981;0.25
4463;0.6545639671999647;0.23182429251165895;6;0.478921015754554;[0.5652201972253048;0.1424805225369991;0.7439077371746246;0.3211680624863188];0.7704790456915319;0.25
1294;0.766397658425214;0.12081423833459726;6;0.3550146523949206;[0.6793359312523483;0.0337525111617315;0.8534593855980798;0.207875965507463];0.7787962241694423;0.25
7552;0.2032222795017331;0.33285776356883806;6;0.49221508692378113;[0.11261676155367574;0.24225224562078068;0.2938277974497905;0.42346328151689544];0.7734163836249316;0.25
2004;0.9137306701592935;0.23895927197473538;6;0.718287041441266;[0.8261386527077618;0.15136725452320365;1.0013226876108252;0.3265512894262671];0.7765927496579617;0.25
8417;0.5475554106363151;0.030019863693372617;6;0.34697505703821474;[0.4624199647988574;-0.05511558214408509;0.6326908564737728;0.11515530953083032];0.7674567494930563;0.25
5627;0.6745078508589877;0.35064697410207574;6;0.4831969962403601;[0.5867843802138457;0.2629235034569338;0.7622313215041296;0.43837044474721765];0.7803807400273445;0.25
9722;0.42203006735725745;0.9468871779380734;7;0.5443400297095724;[0.32984141813920564;0.8546985287200216;0.5142187165753093;1.0390758271561253];0.7796204449848438;0.25
6447;0.22287045981876064;0.28909064332862117;6;0.4656936016136773;[0.1329145344027684;0.19913471791262893;0.31282638523475287;0.3790465687446134];0.7732019914729279;0.25
1474;0.8422343234124702;0.008732096767031627;6;0.5289104263573542;[0.7561280059832415;-0.0773742206621971;0.9283406408416989;0.09483841419626035];0.7774491417275426;0.25
6206;0.9585787072704326;0.47650934005323353;6;0.40309197562109356;[0.8713258958089422;0.3892565285917431;1.0458315187319231;0.563762151514724];0.7694745757094439;0.25
477;0.9234072508366985;0.3614959503483951;6;0.5393404287364937;[0.8369972056723629;0.2750859051840595;1.009817296001034;0.4479059955127307];0.7794089576068839;0.25
8429;0.8291805531712905;0.5122588945175883;6;0.44627594663531406;[0.7423272183176465;0.4254055596639444;0.9160338880249345;0.5991122293712323];0.7773065775882779;0.25
5745;0.9541747941547105;0.4521354316433923;6;0.44550999211541914;[0.8645226905107809;0.3624833279994627;1.0438268977986402;0.5417875352873219];0.7710425420509815;0.25
7851;0.896706032606196;0.638662316869037;6;0.4025447801136326;[0.8081883724182091;0.5501446566810502;0.9852236927941829;0.7271799770570238];0.7756568806454657;0.25
4495;0.9587953316981788;0.8282742270153507;6;0.5342093570041372;[0.8722356577189639;0.7417145530361359;1.0453550056773937;0.9148339009945655];0.7746040609627216;0.25
1417;0.4699203834185543;0.755178652380343;6;0.6788485928019043;[0.376470182499767;0.6617284514615557;0.5633705843373416;0.8486288532991303];0.7823112528247039;0.25
3669;0.3511037231683347;0.48631479720845144;6;0.5032928306466117;[0.26076471200869866;0.3959757860488154;0.44144273432797076;0.5766538083680876];0.7770403878088106;0.25
395;0.8681328671139407;0.48455095521074626;6;0.4592735207206876;[0.7837947666528129;0.4002128547496185;0.9524709675750684;0.568889055671874];0.7701030292973939;0.25
5339;0.9668935078042814;0.476178292465511;6;0.40656258916516086;[0.8765163738707077;0.3858011585319373;1.0572706417378552;0.5665554263990847];0.7758596032971836;0.25
9214;0.8144431877343902;0.5482922058780568;6;0.2238775459989355;[0.7217489784413362;0.4555979965850029;0.9071373970274441;0.6409864151711108];0.7741680949982137;0.25
6605;0.23477456147388553;0.43468767958161836;6;0.5661334533398833;[0.1485708078307939;0.34848392593852673;0.32097831511697716;0.52089143322471];0.7771325643547039;0.25
1676;0.8033165583931706;0.37665303211928103;6;0.5270111861507052;[0.7128106804121989;0.2861471541383092;0.8938224363741424;0.46715891010025284];0.778304338931038;0.25
7990;0.7339326857496985;0.4796035421924181;6;0.3684412821539558;[0.6461790632723119;0.39184991971503147;0.8216863082270851;0.5673571646698047];0.7687069055081012;0.25
2056;0.9293644916410326;0.6177611042591088;6;0.5913595030343772;[0.8436902236121864;0.5320868362302625;1.0150387596698789;0.703435372287955];0.7724837739018418;0.25
9458;0.46189849469295363;0.4029158432565946;6;0.4582767171808862;[0.3763232002045148;0.31734054876815576;0.5474737891813924;0.4884911377450334];0.7763727151710476;0.25
3855;0.6835468109564601;0.2166601968840866;6;0.4345495574553179;[0.5933514509245286;0.12646483685215504;0.7737421709883916;0.3068555569160182];0.7783393738769241;0.25
7962;0.6940362638173097;0.5784543447592618;6;0.5400960484708789;[0.6061301372543206;0.49054821819627276;0.7819423903802987;0.6663604713222508];0.7682404883155474;0.25
5287;0.7781962440495624;0.639889821297154;6;0.4084524650106644;[0.6928189986100017;0.5545125758575933;0.8635734894891232;0.7252670667367147];0.7739536294743592;0.25
1069;0.45163697185728835;0.9622104532564585;6;0.7167459118965056;[0.36699520264387364;0.8775686840430438;0.5362787410707031;1.046852222469873];0.7789843821903828;0.25
6811;0.80339629874917;0.5515679173007563;6;0.45887498487451345;[0.7154241488720884;0.4635957674236747;0.8913684486262515;0.6395400671778378];0.7669483577213745;0.25
1565;0.37926252964633816;0.4758998951256547;6;0.4879812195779208;[0.2912281393694158;0.38786550484873233;0.46729691992326056;0.5639342854025772];0.7764300564429659;0.25
7272;0.6144019823878624;0.11580557052307552;6;0.4954907494531979;[0.526085817291822;0.027489405427035207;0.7027181474839027;0.20412173561911584];0.7744024898581168;0.25
3033;0.7836677099025144;0.4320415435581813;6;0.5825804402905417;[0.6981548029591593;0.34652863661482614;0.8691806168458696;0.5175544505015365];0.773960665173218;0.25
6391;0.6888361058968474;0.13746386015267292;6;0.32770316500821395;[0.5985555653478818;0.047183319603707266;0.779116646445813;0.2277444007016386];0.7735665931555238;0.25
2333;0.41624353070230147;0.34258641518687816;6;0.42452005093433587;[0.32942009047903664;0.25576297496361333;0.5030669709255663;0.429409855410143];0.7712927021286695;0.25
1813;0.686542357493384;0.18830325476773951;6;0.44667497122000716;[0.5995044364400173;0.10126533371437285;0.7735802785467507;0.2753411758211062];0.771154585049616;0.25
1464;0.5909242643134166;0.14262783374854893;6;0.7079051216983437;[0.5121513098148114;0.06385487924994376;0.6696972188120218;0.2214007882471541];0.7794217391349489;0.25
8956;0.7547670471261609;0.4641996729391108;6;0.6257751908546311;[0.664606844959391;0.3740394707723409;0.8449272492929308;0.5543598751058807];0.7701842125536253;0.25
8590;0.7805659724594937;0.9465987785070685;6;0.45522792840985415;[0.6901154147331092;0.8561482207806841;0.8710165301858781;1.037049336233453];0.7776425695642829;0.25
742;0.3303943374814027;0.45598147129545297;6;0.5221149095838196;[0.24488227518621758;0.37046940900026787;0.4159063997765878;0.5414935335906381];0.7715386304540739;0.25
3976;0.6611566337141196;0.08447917272461594;6;0.6306886279911694;[0.5755287089383722;-0.0011487520511314492;0.746784558489867;0.17010709750036335];0.7754977468804636;0.25
7428;0.3564597082805294;0.4511269742465461;6;0.4250264478600624;[0.2668875462593555;0.36155481222537217;0.4460318703017033;0.54069913626772];0.7742712626385055;0.25
9947;0.8810446001015572;0.6664032875965573;6;0.47845195638284743;[0.7959838658297193;0.5813425533247194;0.9661053343733951;0.7514640218683952];0.7798650302139466;0.25
6212;0.944768763977589;0.4079353412981752;6;0.41193659977708613;[0.8568163729600141;0.3199829502806003;1.0327211549951638;0.4958877323157501];0.7643256207272311;0.25
2551;0.5849994153077203;0.15289415953076563;6;0.503616242110697;[0.4981364296605855;0.06603117388363088;0.671862400954855;0.23975714517790037];0.774723781863186;0.25
7202;0.9331224144626586;0.7435746360355884;6;0.5058841450662876;[0.8428906033084259;0.6533428248813556;1.0233542256168915;0.8338064471898211];0.7773012750811182;0.25
815;0.7519646115192787;0.6561055133690096;6;0.5636489314265873;[0.6656829110304462;0.569823812880177;0.8382463120081113;0.7423872138578421];0.7750982184443492;0.25
489;0.5823931606016457;0.24326726861807252;6;0.43729764609440125;[0.4919395528814514;0.15281366089787823;0.67284676832184;0.3337208763382668];0.7797592892657998;0.25
5146;0.9441243603760687;0.4184624167273928;7;0.4690769123815115;[0.8586470272457132;0.33298508359703727;1.0296016935064243;0.5039397498577484];0.7673472937994374;0.25
6874;0.3050517031963824;0.7851887259565029;6;0.37518567323126367;[0.2148314625590575;0.694968485319178;0.39527194383370734;0.8754089665938278];0.7750030049896657;0.25
585;0.8949355205809795;0.6364843301948383;6;0.7499713512163861;[0.806999200222585;0.5485480098364438;0.982871840939374;0.7244206505532328];0.77642560691209;0.25
6843;0.23070879931308416;0.4695265122892204;6;0.4678378339009003;[0.14305845297925143;0.38187616595538765;0.3183591456469169;0.5571768586230531];0.7754510303104337;0.25
4656;0.8329428356331443;0.8693852838677524;6;0.374571897800151;[0.7448444991574814;0.7812869473920894;0.9210411721088072;0.9574836203434154];0.7616050607099454;0.25
3467;0.5078876339567526;0.8817358671518817;6;0.46050331692852103;[0.4226607339290468;0.7965089671241758;0.5931145339844585;0.9669627671795875];0.7815238616722027;0.25
3492;0.032700502742874754;0.4593210927721934;6;0.37593897266578635;[-0.06040081935985604;0.3662197706694626;0.12580182484560554;0.5524224148749242];0.7789100820497692;0.25
677;0.37871427342879166;0.06892469304228177;6;0.5213549845174398;[0.2943010955146256;-0.015488484871884312;0.46312745134295774;0.15333787095644785];0.7634839050988403;0.25
7038;0.32280063792891317;0.8030886360574161;6;0.5464143297431105;[0.23166530935238747;0.7119533074808904;0.41393596650543885;0.8942239646339418];0.7792435227464027;0.25
6171;0.8566447130520921;0.8492774072266739;6;0.6321543926072356;[0.7709443957405606;0.7635770899151424;0.9423450303636236;0.9349777245382054];0.7739130921841526;0.25
6251;0.688236988848449;0.8951030594528689;6;0.3438680068769496;[0.6004410798420253;0.8073071504464453;0.7760328978548726;0.9828989684592926];0.776912122461115;0.25
1697;0.4244609018390038;0.29375964665773857;6;0.5956277769349833;[0.33857666346223203;0.20787540828096682;0.5103451402157756;0.3796438850345103];0.7747163966581199;0.25
2460;0.6629221008582775;0.9078805305701576;6;0.6767463551236331;[0.5752337371699874;0.8201921668818675;0.7506104645465677;0.9955688942584477];0.7790378188712345;0.25
7402;0.33156721204797696;0.5792636961670699;6;0.5614185288816606;[0.24136167397027672;0.4890581580893696;0.42177275012567716;0.6694692342447701];0.7702264012894555;0.25
3466;0.1582439483094324;0.6578373220817266;6;0.5986393658355018;[0.07254898209498277;0.572142355867277;0.243938914523882;0.7435322882961762];0.7784233825169027;0.25
3975;0.4077092008121643;0.7085374101805118;6;0.45109544220213416;[0.31964782714045287;0.6204760365088003;0.4957705744838757;0.7965987838522232];0.7681531932023541;0.25
278;0.3101001707483729;0.7677651800626567;6;0.6562980727853741;[0.21993585010920955;0.6776008594234934;0.4002644913875363;0.8579295007018201];0.7660483467661279;0.25
4015;0.09515530851410475;0.6466793202029817;6;0.5263960257890513;[0.003707135551716423;0.5552311472405933;0.18660348147649308;0.7381274931653701];0.7751837035227931;0.25
9804;0.6281864901337018;0.6632647702729113;6;0.669419031923929;[0.5383439822866644;0.5734222624258739;0.7180289979807392;0.7531072781199487];0.7810279448650929;0.25
1113;0.17926346964951667;0.4330531256103798;6;0.5092470124893653;[0.09352381375965936;0.34731346972052246;0.265003125539374;0.5187927815002371];0.7731608312269393;0.25
4456;0.010527429415477185;0.8378752874933908;6;0.4773968519518128;[-0.0769954401507667;0.7503524179271469;0.09805029898172107;0.9253981570596347];0.7770836910106059;0.25
3787;0.5304442158252431;0.3245511047363503;6;0.5300993286116786;[0.4420713738486727;0.2361782627597798;0.6188170578018136;0.41292394671292076];0.7658217565391643;0.25
2172;0.348197269427359;0.751578362716998;6;0.4595500431655112;[0.2569621666953309;0.6603432599849698;0.43943237215938713;0.8428134654490261];0.7789794469385475;0.25
8013;0.4259452550242676;0.7336306089780454;6;0.40838849717858355;[0.3409571563413035;0.6486425102950814;0.5109333537072317;0.8186187076610095];0.7794759153459229;0.25
4814;0.615165158327289;0.6777484035952666;6;0.5951954774334295;[0.5284857176774252;0.5910689629454028;0.7018445989771528;0.7644278442451303];0.7760658771007174;0.25
9436;0.8554186447946283;0.0022204598510754403;6;0.5592222664729537;[0.7665480427014657;-0.08665014224208707;0.9442892468877908;0.09109106194423795];0.780911824889537;0.25
9391;0.07314109959207987;0.8571869694478297;5;0.6960236816398506;[-0.01302756962964187;0.771018300226108;0.1593097688138016;0.9433556386695514];0.7628099573534322;0.25
5230;0.5550840988162468;0.7615873200744766;6;0.3620942711442303;[0.4696277563215704;0.6761309775798002;0.6405404413109231;0.847043662569153];0.7749467942245976;0.25
536;0.44204989131921946;0.38801691922703;6;0.5116798624404123;[0.3559546086062803;0.3019216365140909;0.5281451740321585;0.47411220193996917];0.775381078430051;0.25
7837;0.9107074461679118;0.7102993828736139;6;0.43892530859431445;[0.8281077861784255;0.6276997228841277;0.993307106157398;0.7928990428631002];0.7751634012379864;0.25
397;0.5206816591653975;0.43729642966725335;6;0.3347590369525076;[0.4364344959644151;0.3530492664662709;0.60492882236638;0.5215435928682358];0.7794598051464214;0.25
9947;0.8464735288333936;0.17637768099192952;6;0.47845195638284743;[0.755678300850256;0.085582453008792;0.9372687568165311;0.26717290897506707];0.7798650302139466;0.25
7495;0.5302788124219067;0.6815563319227957;6;0.4229139451443953;[0.4427283733158471;0.5940058928167362;0.6178292515279662;0.7691067710288553];0.7744946981418062;0.25
2170;0.6162691610299464;0.5318419002323562;6;0.5921348882440323;[0.5239608056508511;0.4395335448532609;0.7085775164090418;0.6241502556114515];0.7808063473610316;0.25
1746;0.5265111175545846;0.8802000336072738;6;0.5160138035117777;[0.4373633918903681;0.7910523079430574;0.615658843218801;0.9693477592714903];0.7710937252290718;0.25
9573;0.2360916047520729;0.8619691020005665;6;0.43431527795237496;[0.14865911439554919;0.7745366116440429;0.3235240951085966;0.9494015923570902];0.776354715231268;0.25
3290;0.559457723088201;0.83329334408662;6;0.4155398075757377;[0.468885712188096;0.742721333186515;0.650029733988306;0.9238653549867251];0.7787360602912655;0.25
1434;0.6639224402773412;0.8554159468922018;6;0.6656369967631233;[0.5723196618970801;0.7638131685119407;0.7555252186576022;0.9470187252724629];0.7738026888138227;0.25
502;0.4511730767230092;0.3360860640915603;6;0.3953955806744034;[0.35804605725228594;0.242959044620837;0.5443000961937325;0.42921308356228355];0.7770546592153847;0.25
3748;0.26514886452260267;0.606306229107201;6;0.45111880247399944;[0.17656855516211126;0.5177259197467096;0.3537291738830941;0.6948865384676924];0.770998240155146;0.25
2414;0.1681024448193736;0.9551174219164694;6;0.4127339124290446;[0.07920959874818198;0.8662245758452778;0.25699529089056516;1.044010267987661];0.7753517507116511;0.25
8849;0.7482118956412553;0.4672312750656923;6;0.4710964386951026;[0.6631454046986713;0.3821647841231083;0.8332783865838393;0.5522977660082763];0.7828368897964114;0.25
461;0.0578891476333655;0.23780631099103444;6;0.3937116074276144;[-0.027287327217953905;0.15262983613971504;0.1430656224846849;0.32298278584235385];0.7684768419057455;0.25
9942;0.3085918082011635;0.1325675687958764;6;0.6142563878313122;[0.21992111424645036;0.04389687484116325;0.39726250215587666;0.22123826275058953];0.7795012379432789;0.25
3689;0.6074212419931551;0.3707131751657912;6;0.5241529594763006;[0.5205581110003675;0.28385004417300363;0.6942843729859426;0.4575763061585788];0.7836656713192884;0.25
8011;0.48998315790873126;0.3136636254191968;6;0.5352396788071972;[0.4032452091889085;0.22692567669937402;0.576721106628554;0.40040157413901956];0.7715691953136188;0.25
4301;0.047278534253162474;0.5991129588679309;6;0.34781279349154026;[-0.041126337057622905;0.5107080875571456;0.13568340556394787;0.6875178301787163];0.7794076889120175;0.25
5255;0.09482362859857388;0.7716430972278755;6;0.4914983102590185;[0.010863345455595044;0.6876828140848966;0.17878391174155273;0.8556033803708544];0.7681530636073969;0.25
8328;0.8509979397956692;0.9118161280196375;6;0.49232100756175257;[0.7671869443606708;0.8280051325846391;0.9348089352306675;0.9956271234546359];0.7771288520521933;0.25
5668;0.17103301846755278;0.4964258467778198;6;0.3005365746278587;[0.08402109458666342;0.40941392289693046;0.25804494234844216;0.5834377706587092];0.7721478612575501;0.25
4334;0.31388442667515354;0.8958960641527212;6;0.4116461319271658;[0.22726986283915124;0.8092815003167189;0.40049899051115584;0.9825106279887235];0.7836113031256693;0.25
4533;0.9191579996739744;0.29027747316511754;6;0.2872345566417208;[0.8348107456539688;0.20593021914511195;1.00350525369398;0.37462472718512313];0.7689403464684696;0.25
1808;0.5499797639832489;0.19679531113220317;6;0.4660653668019512;[0.46242898184217873;0.10924452899113299;0.637530546124319;0.2843460932732733];0.774431527614722;0.25
7341;0.5004374908480927;0.6718956223570532;6;0.4922150459996428;[0.41321041935183866;0.5846685508607992;0.5876645623443468;0.7591226938533073];0.7809613369299322;0.25
5531;0.04710050570613197;0.742500993619604;6;0.5933219840557336;[-0.045713792072795884;0.6496866958406762;0.13991480348505983;0.8353152913985318];0.7744163480583651;0.25
2699;0.4155831021977997;0.45524106163807404;6;0.6157345191801602;[0.32626768453917776;0.36592564397945215;0.5048985198564216;0.5445564792966959];0.7742166492032577;0.25
611;0.11408948152084519;0.6807289916467214;6;0.43498477297320803;[0.02542533609122795;0.5920648462171042;0.20275362695046245;0.7693931370763386];0.778202702084401;0.25
8066;0.10602414270303431;0.32984062275613857;6;0.5057103297726886;[0.019415247232660512;0.24323172728576475;0.1926330381734081;0.4164495182265124];0.7809285774631451;0.25
3688;0.17933885994725218;0.6927095373381293;6;0.5196260436653029;[0.09090315916700596;0.6042738365578831;0.2677745607274984;0.7811452381183756];0.7751037326430537;0.25
1142;0.8464565792388398;0.26591695167089;6;0.46351686021529825;[0.7618020511120734;0.18126242354412367;0.9311111073656061;0.35057147979765635];0.7816535467807828;0.25
805;0.5650310347754683;0.022538542208479062;6;0.5926037529391508;[0.47540302832020864;-0.06708946424678064;0.654659041230728;0.11216654866373876];0.7762785828486669;0.25
293;0.8351527410879752;0.5396522846532241;6;0.4386802022512276;[0.7418366966277884;0.4463362401930373;0.928468785548162;0.6329683291134109];0.7695821418812971;0.25
7227;0.020762172871192253;0.8633859508614532;6;0.4604487065647104;[-0.06697300051241632;0.7756507774778446;0.10849734625480083;0.9511211242450618];0.7745563296408048;0.25
5900;0.3975535897229344;0.743013658389974;6;0.4510764999532136;[0.31236942274132756;0.6578294914083671;0.4827377567045413;0.8281978253715809];0.7685413945993004;0.25
2822;0.7477942408068416;0.8609455719141968;6;0.5290052323137543;[0.6572232142383845;0.7703745453457397;0.8383652673752988;0.951516598482654];0.7750054163708545;0.25
5803;0.5455385945616824;0.89233549493661;5;0.5600064069483932;[0.45418602560742133;0.800982925982349;0.6368911635159434;0.983688063890871];0.7800114348223205;0.25
6263;0.17102910520001102;0.5882352687858341;6;0.5020509063229486;[0.08456999870666843;0.5017761622924914;0.2574882116933536;0.6746943752791768];0.77421755931876;0.25
4228;0.6181516166444054;0.8393090438267197;6;0.6815580869743986;[0.52928602796971;0.7504434551520243;0.7070172053191008;0.9281746325014151];0.7782093194821014;0.25
359;0.10935712160545025;0.8405708385232823;6;0.5376971582778605;[0.02165035450278674;0.7528640714206187;0.19706388870811375;0.9282776056259459];0.7785795929800668;0.25
7704;0.5051113859110766;0.7902041454873737;5;0.6237652541513324;[0.41542308318194704;0.7005158427582442;0.5947996886402062;0.8798924482165033];0.77465322086118;0.25
3962;0.387135926380147;0.9864246522179949;5;0.5979255844647553;[0.30029243011988555;0.8995811559577335;0.47397942264040843;1.0732681484782565];0.778279215847431;0.25
9143;0.8792233873961759;0.650380102299023;6;0.49590817454507624;[0.7871966616146941;0.5583533765175412;0.9712501131776576;0.7424068280805047];0.7777508558847679;0.25
8523;0.42367246285895577;0.707610039903835;6;0.34964420625607484;[0.3359244306256145;0.6198620076704937;0.511420495092297;0.7953580721371762];0.7761170007747714;0.25
1118;0.14370111380423167;0.32933079988816893;6;0.4720215314027719;[0.05256349015696826;0.23819317624090552;0.23483873745149508;0.42046842353543235];0.7793668045265801;0.25
1027;0.44930972726978424;0.5176797016745521;6;0.5893535571535161;[0.3610284917829702;0.4293984661877381;0.5375909627565983;0.6059609371613662];0.7808489627659835;0.25
7538;0.47058908234510366;0.8541287221528228;6;0.5654350225263108;[0.38553214161429944;0.7690717814220185;0.5556460230759079;0.939185662883627];0.7769503040093942;0.25
6468;0.001897560338599169;0.7251131095198123;6;0.5076863502023141;[-0.08145000617055469;0.6417655430106585;0.08524512684775302;0.8084606760289662];0.78261953200383;0.25
6723;0.7898465231902815;0.17214698490275382;6;0.7796006698245153;[0.7040748815758322;0.08637534328830457;0.8756181648047308;0.2579186265172031];0.7729153718470549;0.25
3690;0.6048463758626643;0.7376396761299817;6;0.44270619798506095;[0.517248806859353;0.6500421071266704;0.6924439448659756;0.825237245133293];0.782619017529688;0.25
6657;0.39271355308538547;0.9016974752778684;6;0.5070855705167587;[0.3053189093078981;0.8143028315003811;0.4801081968628728;0.9890921190553557];0.7743973601551616;0.25
4684;0.36485359352819935;0.4250226838140022;6;0.5775048525962866;[0.27373616918218124;0.3339052594679841;0.45597101787421745;0.5161401081600203];0.7775256828906856;0.25
9212;0.8371766726116997;0.4407968041210795;6;0.38839957624969873;[0.7474725380189609;0.3510926695283406;0.9268808072044386;0.5305009387138184];0.7758037549873393;0.25
1545;0.3459910783100594;0.9867856558202244;6;0.5342973485933402;[0.25740538696941984;0.8981999644795848;0.4345767696506989;1.075371347160864];0.782046389392313;0.25
7019;0.7264177100576503;0.814664242516258;6;0.32392585650300676;[0.6359482664637984;0.7241947989224061;0.8168871536515022;0.9051336861101099];0.7823435795152311;0.25
1968;0.18273612344646833;0.6821368017656287;6;0.45820131073062415;[0.09554898036196885;0.5949496586811293;0.2699232665309678;0.7693239448501282];0.7728694187885724;0.25
6186;0.11177620824802148;0.3556486705883019;6;0.47845938763086426;[0.023878084067559813;0.26775054640784024;0.19967433242848315;0.4435467947687636];0.7801382354196412;0.25
3768;0.70572664672947;0.66988145161121;6;0.5762053689252591;[0.6207698216937757;0.5849246265755157;0.7906834717651644;0.7548382766469044];0.7731535080452007;0.25
8769;0.5590885298252835;0.9477152226051224;6;0.6294491620700075;[0.46931686889397317;0.8579435616738121;0.6488601907565937;1.0374868835364328];0.7850053637885213;0.25
1478;0.311502837492001;0.29076466906076914;6;0.7163493458919812;[0.2272313199926147;0.20649315156138287;0.39577435499138724;0.3750361865601554];0.7754729177398167;0.25
8498;0.47951760181041647;0.7451041208043517;6;0.41427955299454083;[0.3938905931010719;0.6594771120950071;0.5651446105197611;0.8307311295136963];0.7769777288681866;0.25
2449;0.23827097009459253;0.4622498164407399;6;0.5032685287275772;[0.15127448013607797;0.37525332648222537;0.3252674600531071;0.5492463063992545];0.7723334794914976;0.25
9723;0.4031518756736483;0.41333031127605663;6;0.3001045280608543;[0.31637576009055635;0.3265541956929647;0.48992799125674025;0.5001064268591486];0.7806487440681106;0.25
2831;0.3825004227371859;0.463974071633017;6;0.6096049309486886;[0.29681137836038546;0.3782850272562166;0.4681894671139863;0.5496631160098174];0.7739069929798159;0.25
264;0.4525527060735903;0.3228022652890631;6;0.6271440783714284;[0.3702944928999223;0.24054405211539504;0.5348109192472583;0.40506047846273113];0.7746521675997274;0.25
2322;0.6436653680537439;0.4607588466780725;6;0.4154252118160899;[0.552769295506056;0.3698627741303846;0.7345614406014317;0.5516549192257604];0.7791884569201964;0.25
9728;0.024858490306549186;0.8041231687793972;6;0.5443579789653512;[-0.06196695142062504;0.7172977270522229;0.11168393203372341;0.8909486105065714];0.7829934146210092;0.25
6909;0.062362293573582306;0.5952326434721414;7;0.7495114617288182;[-0.023096090119814255;0.5097742597787449;0.14782067726697887;0.680691027165538];0.7748548773003019;0.25
3627;0.36148809035105833;0.25414303325224175;6;0.6227428444837596;[0.2714561715176593;0.16411111441884269;0.4515200091844574;0.3441749520856408];0.7732866567942565;0.25
2764;0.9405916833420753;0.45908693657269156;6;0.3616376441383732;[0.8483689121441652;0.36686416537478145;1.0328144545399853;0.5513097077706017];0.7830696026466402;0.25
8156;0.3386249297087515;0.7811069314437925;6;0.5383116253366176;[0.25202789105578083;0.6945098927908219;0.4252219683617222;0.8677039700967631];0.7732777236642168;0.25
1774;0.009755764597098704;0.40335155497414726;6;0.4116384744593453;[-0.08140615195372516;0.31218963842332337;0.10091768114792257;0.49451347152497116];0.775863714928286;0.25
8829;0.2687610902399221;0.4940228436210795;5;0.40362405884229796;[0.1836757425406114;0.40893749592176876;0.35384643793923287;0.5791081913203903];0.7676483213451663;0.25
1568;0.5211445319761958;0.7735755103073457;6;0.5654611924294606;[0.4370313376447126;0.6894623159758625;0.605257726307679;0.857688704638829];0.770285423673017;0.25
5876;0.7743748436942441;0.6401678651828661;6;0.5752195506952963;[0.688273417653779;0.5540664391424011;0.8604762697347093;0.7262692912233311];0.780268637225476;0.25
2148;0.3236240493529694;0.3224355580347872;6;0.3202696557278685;[0.23244235018586326;0.23125385886768104;0.41480574852007557;0.41361725720189335];0.7823980392532007;0.25
9382;0.4599704927231079;0.7918356274927898;6;0.6014150020088094;[0.36671279968598447;0.6985779344556664;0.5532281857602314;0.8850933205299132];0.7823294778872285;0.25
2004;0.7554126177624221;0.5227587314143823;6;0.718287041441266;[0.6709765553383922;0.4383226689903525;0.839848680186452;0.6071947938384121];0.7765927496579617;0.25
6861;0.37048628278938117;0.9072778026597574;6;0.3963925824527712;[0.28696624849950586;0.8237577683698821;0.4540063170792565;0.9907978369496327];0.7727923656509283;0.25
3969;0.7644682944202534;0.6115469316826136;6;0.7550894531821986;[0.6791038762523807;0.5261825135147409;0.8498327125881262;0.6969113498504864];0.7755328541317509;0.25
1205;0.16215525864479394;0.813861805683553;6;0.4754340613992051;[0.07782818548190142;0.7295347325206605;0.24648233180768647;0.8981888788464456];0.7679903207527256;0.25
5963;0.37728476866512434;0.7080142796978676;6;0.6826232623038229;[0.2879361538594439;0.6186656648921871;0.4666333834708048;0.797362894503548];0.775064006387593;0.25
8251;0.58443762958166;0.2672836096921457;6;0.5166345385684018;[0.49423168831783176;0.17707766842831746;0.6746435708454883;0.35748955095597396];0.781536527224639;0.25
8789;0.011799879476047548;0.960823119824106;6;0.450904593949067;[-0.07898532857129105;0.8700379117767674;0.10258508752338615;1.0516083278714445];0.7750691825602047;0.25
2694;0.8457043523957029;0.6708043001243216;6;0.5534618808102854;[0.7616669811328562;0.586766928861475;0.9297417236585495;0.7548416713871682];0.7747732051189125;0.25
5769;0.27646621094326623;0.3098259481646277;6;0.5087194562150976;[0.18546532672152183;0.2188250639428833;0.36746709516501064;0.4008268323863721];0.7741579865155949;0.25
3011;0.46986414076812255;0.29768081428388804;6;0.4602498417616846;[0.38624867500447124;0.21406534852023673;0.5534796065317739;0.38129628004753935];0.7756096259733378;0.25
275;0.12777183314611287;0.7535803662424571;6;0.5059911472474988;[0.03793441869657732;0.6637429517929215;0.21760924759564843;0.8434177806919926];0.779822132320102;0.25
4469;0.697960138078479;0.37701314866211105;6;0.6723564377662854;[0.6143832942296347;0.29343630481326677;0.7815369819273233;0.46058999251095534];0.7716697643640975;0.25
6872;0.5037612807700006;0.5834145852862158;6;0.3667564181407977;[0.4147033022072148;0.49435660672343;0.5928192593327863;0.6724725638490017];0.769059673821166;0.25
4632;0.9630885683569822;0.35431500356912493;6;0.3776060466578046;[0.8785716922603306;0.26979812747247334;1.0476054444536338;0.4388318796657765];0.7742147894512909;0.25
1395;0.49165441338407556;0.7640999538414527;7;0.3684228146067895;[0.3994544475018533;0.6718999879592304;0.5838543792662978;0.8562999197236749];0.770985574196864;0.25
5911;0.7315153097542012;0.26448968074903356;6;0.3690784884256191;[0.6374621897917251;0.17043656078655745;0.8255684297166773;0.3585428007115097];0.7775881080776091;0.25
8121;0.2084207521891947;0.9112318808189798;6;0.6863593253243669;[0.11960064055715863;0.8224117691869437;0.29724086382123077;1.0000519924510158];0.7753672696121621;0.25
9922;0.840435172438076;0.6149539285831277;6;0.5045726757786013;[0.7524198445272716;0.5269386006723233;0.9284505003488803;0.702969256493932];0.7787445427265011;0.25
5583;0.46730390613970946;0.9482797383864249;5;0.5479222576276872;[0.37655302681695935;0.8575288590636747;0.5580547854624596;1.039030617709175];0.7749320203800503;0.25
1943;0.5687996897445675;0.8920111619870601;6;0.36608191929982115;[0.481167296684307;0.8043787689267996;0.656432082804828;0.9796435550473206];0.7747094685975549;0.25
5565;0.983879593153097;0.20101719902805604;6;0.5440520200770855;[0.8913428113781966;0.10848041725315558;1.0764163749279976;0.29355398080295647];0.7744767296118193;0.25
7468;0.3757136321771183;0.7544859591923049;6;0.5102610373539088;[0.28383065316388856;0.6626029801790752;0.467596611190348;0.8463689382055346];0.7717505639188075;0.25
2451;0.7181047851870712;0.27479169533257075;6;0.5597535621637214;[0.6288333957203782;0.1855203058658777;0.8073761746537642;0.3640630847992638];0.7826561750554429;0.25
9696;0.42815043723889135;0.9133094209313903;6;0.728596079869356;[0.3451574224513797;0.8303164061438787;0.511143452026403;0.996302435718902];0.7745470760713076;0.25
6842;0.9431447609788403;0.8905859815427495;6;0.4354478662526008;[0.8559352384795329;0.8033764590434422;1.0303542834781476;0.9777955040420567];0.7765602133325147;0.25
7902;0.13059417724246192;0.8360711831534309;6;0.7110735228882568;[0.043941962732642476;0.7494189686436115;0.21724639175228136;0.9227233976632503];0.7752411295720226;0.25
2545;0.3677446145504707;0.8973231077150704;6;0.5220563080851827;[0.28271846388330546;0.8122969570479052;0.45277076521763593;0.9823492583822356];0.7759462744393631;0.25
5646;0.2873549420219894;0.5429712961290274;6;0.5990831817159109;[0.19650687069195885;0.4521232247989968;0.37820301335202;0.633819367459058];0.7775948748126849;0.25
3019;0.13278986409353388;0.7026608936794372;6;0.7496907738225305;[0.04180918761373707;0.6116802171996404;0.22377054057333068;0.793641570159234];0.7710666629066631;0.25
6652;0.6151286085844636;0.8915501616137071;6;0.6450677292204392;[0.5310089210224284;0.8074304740516719;0.6992482961464989;0.9756698491757424];0.7766761221437236;0.25
