6558;0.9754313549677723;0.04254276516794728;6;0.5379570383494594;[0.8874257341847301;-0.045462855615094916;1.0634369757508146;0.13054838595098947];0.7744018763504681;0.25
4115;0.30616397830943687;0.7793271253445078;6;0.6512925292958733;[0.22058694686975494;0.6937500939048258;0.3917410097491188;0.8649041567841897];0.7764000139604341;0.25
1818;0.24456265218710216;0.4142717025134005;6;0.4207422896437435;[0.15574866516275582;0.32545771548905417;0.3333766392114485;0.5030856895377468];0.7744510694019817;0.25
3043;0.597858848968263;0.5892220614422914;6;0.47772618111792775;[0.5123751520888804;0.5037383645629088;0.6833425458476456;0.674705758321674];0.7671605937765237;0.25
2719;0.5686273176931939;0.6880993865877074;6;0.6218268264678442;[0.4839161793616315;0.6033882482561451;0.6533384560247562;0.7728105249192697];0.7676567597758548;0.25
2611;0.35334874762423824;0.11906836183945468;6;0.44332139186350134;[0.26706978655981056;0.03278940077502701;0.4396277086886659;0.20534732290388236];0.7795052768774886;0.25
7046;0.16133677870813629;0.01771170404546099;6;0.4784155333267741;[0.07198570703367886;-0.07163936762899643;0.2506878503825937;0.10706277571991842];0.7852181034032618;0.25
2229;0.24721836899465358;0.25131877927037677;6;0.5605004836830353;[0.16168650200995027;0.16578691228567344;0.3327502359793569;0.3368506462550801];0.7672888484037094;0.25
5630;0.818987654374994;0.08607011860471037;6;0.39511536723747787;[0.7318671058078977;-0.0010504299623859542;0.9061082029420903;0.1731906671718067];0.7742630249421849;0.25
5541;0.4742169520107892;0.3505428252699152;6;0.556200562929983;[0.38532522749335707;0.2616511007524831;0.5631086765282213;0.4394345497873473];0.7790556561977725;0.25
3765;0.6061671666584074;0.5224908204900822;6;0.5879984628431041;[0.5169589796168086;0.43328263344848333;0.6953753537000062;0.611699007531681];0.7744962254052391;0.25
1688;0.43989358152204655;0.022107235522837693;6;0.462300989185357;[0.3519434883840085;-0.06584285761520033;0.5278436746600845;0.11005732866087571];0.782990983868227;0.25
8411;0.0713578953620363;0.10863679079859449;6;0.4431333851245158;[-0.013906727380788644;0.023372168055769554;0.15662251810486122;0.19390141354141943];0.7749573550962937;0.25
5335;0.5503738896518768;0.4746417770239275;6;0.4549381346096275;[0.46265592458099913;0.3869238119530498;0.6380918547227545;0.5623597420948052];0.7697702793133034;0.25
4912;0.17972582342874974;0.43470215201237217;6;0.573697662884415;[0.09541755079737196;0.3503938793809944;0.2640340960601275;0.5190104246437499];0.7748459393226907;0.25
7539;0.5908225277680488;0.616298689514188;6;0.6361373598886834;[0.5017452088500489;0.5272213705961881;0.6798998466860486;0.7053760084321878];0.7849236530042811;0.25
2923;0.08154963099563442;0.5180670517964302;6;0.6401033624788934;[-0.004771230481861843;0.4317461903189339;0.16787049247313068;0.6043879132739265];0.775422016294811;0.25
745;0.34895246018265114;0.4309647002439937;6;0.5973770629813504;[0.26489945786956015;0.3469116979309027;0.4330054624957421;0.5150177025570847];0.7769303883235859;0.25
6840;0.651063709286302;0.5011802815166716;7;0.4795182068837116;[0.5643485843897426;0.4144651566201122;0.7377788341828614;0.587895406413231];0.7692116842220366;0.25
2549;0.39639395206049444;0.16197039891335172;6;0.5427533871983512;[0.30635855720792793;0.07193500406078518;0.48642934691306094;0.25200579376591825];0.775602284976657;0.25
7922;0.41265463018471366;0.3793816306084332;6;0.5310537509811952;[0.32138491526126767;0.28811191568498723;0.5039243451081596;0.4706513455318792];0.7802054753677296;0.25
9345;0.1103450148234483;0.4866626389364382;6;0.6866197592823635;[0.020763528286237162;0.39708115239922703;0.19992650136065943;0.5762441254736493];0.7734305363843271;0.25
783;0.059943543177948116;0.5438394312366872;6;0.4622215769277256;[-0.025623408067424414;0.4582724799913147;0.14551049442332065;0.6294063824820597];0.7737808024141881;0.25
5003;0.9050179160863228;0.08482994256343072;6;0.4686599649573364;[0.8166916944411136;-0.00349627908177845;0.993344137731532;0.17315616420863988];0.7689112942846335;0.25
5547;0.2994305837858124;0.032399392584003595;6;0.44465504062921385;[0.21220641973878776;-0.05482477146302103;0.38665474783283704;0.11962355663102822];0.7723267923362857;0.25
1014;0.6031212151583105;0.3062979467667489;6;0.4320849230136631;[0.5190055850356685;0.22218231664410693;0.6872368452809525;0.3904135768893908];0.7748623121886409;0.25
2601;0.18885097980575177;0.00426119489677837;7;0.6048078591542903;[0.10364478192261044;-0.08094500298636297;0.2740571776888931;0.0894673927799197];0.7765731777517397;0.25
2029;0.4189781399445652;0.8901296271204663;6;0.4845538186081132;[0.33462688553014747;0.8057783727060486;0.5033293943589829;0.974480881534884];0.776487534066538;0.25
6443;0.2621213826997859;0.5981561217019784;6;0.6131016102665232;[0.17082233409322062;0.5068570730954132;0.3534204313063512;0.6894551703085436];0.7823446152141548;0.25
4166;0.6142589375421414;0.5349937879989212;6;0.5469189941306334;[0.5288733123955784;0.44960816285235816;0.6996445626887045;0.6203794131454842];0.7784100122582557;0.25
5062;0.6283919148361025;0.3940951670286557;6;0.5421695497133602;[0.5369428794860162;0.3026461316785694;0.7198409501861888;0.485544202378742];0.7814788398401326;0.25
9871;0.39267960372918415;0.10399059682370804;6;0.5254147062322144;[0.30417983704082174;0.015490830135345635;0.48117937041754655;0.19249036351207044];0.7742951213028607;0.25
8575;0.13784118632242848;0.24907044079556892;6;0.5387563440712583;[0.05465103475235833;0.16588028922549877;0.22103133789249862;0.3322605923656391];0.7737806590603006;0.25
2347;0.14927840744741638;0.12692143256765884;6;0.543633690073019;[0.061370823750346;0.03901384887058845;0.23718599114448677;0.21482901626472922];0.7707227443100904;0.25
988;0.04067325357069179;0.6403077313427676;6;0.6442428667637624;[-0.0444241893684927;0.5552102884035831;0.12577069650987627;0.7254051742819522];0.7778266472588273;0.25
5341;0.8394108121013742;0.9508583337177794;6;0.5298245175263261;[0.75407615421037;0.8655236758267751;0.9247454699923785;1.0361929916087838];0.7753247419001452;0.25
3586;0.02782554784617175;0.12703684745532307;6;0.458760497109623;[-0.06110015980639659;0.038111139802754726;0.11675125549874009;0.21596255510789142];0.7767316917332138;0.25
2224;0.44626528032852;0.8351959348011605;6;0.6144504565995783;[0.3629950828761691;0.7519257373488096;0.5295354777808708;0.9184661322535114];0.7793246712322806;0.25
8011;0.463477781549278;0.5206572073886511;6;0.5352396788071972;[0.3745104545231118;0.4316898803624849;0.5524451085754442;0.6096245344148172];0.7715691953136188;0.25
5245;0.23993785475465226;0.17470161339359652;6;0.5508729047633916;[0.14938556839324701;0.08414932703219126;0.3304901411160575;0.2652538997550018];0.7843291927003686;0.25
3576;0.01220015408930214;0.23092869091737186;6;0.4511869810139733;[-0.07118484507153078;0.14754369175653895;0.09558515325013506;0.31431369007820475];0.7810579611866895;0.25
2777;0.20896914741924583;0.17584060179347183;6;0.5044857717012468;[0.12501328583161914;0.09188474020584513;0.2929250090068725;0.2597964633810985];0.781731036264579;0.25
6909;0.18685862168536393;0.477021136157588;7;0.7495114617288182;[0.10084132124979839;0.39100383572202246;0.2728759221209295;0.5630384365931536];0.7748548773003019;0.25
5349;0.9293387920059327;0.3932390467183134;6;0.5609349740091345;[0.8426138944503571;0.30651414916273767;1.0160636895615085;0.4799639442738891];0.7742211295257405;0.25
2285;0.0789459568833395;0.23585211713226065;6;0.45584864382869805;[-0.008112739638170122;0.14879342061075101;0.1660046534048491;0.3229108136537703];0.7721578493059076;0.25
9109;0.3809341317693937;0.5234808558107751;6;0.44912809773207074;[0.2871661337739527;0.4297128578153341;0.4747021297648347;0.6172488538062161];0.7715443250426569;0.25
7596;0.6337397209492249;0.41724758845101684;6;0.535740873855113;[0.5479818735598002;0.3314897410615921;0.7194975683386496;0.5030054358404416];0.7766812816143049;0.25
4161;0.7094011434369513;0.571161126814365;6;0.44674749013848547;[0.6184761596023141;0.48023614297972783;0.8003261272715885;0.6620861106490022];0.7756580613031376;0.25
3561;0.31010917058330484;0.337260711388371;6;0.6185859482245615;[0.22050302327545462;0.24765456408052078;0.39971531789115505;0.4268668586962212];0.7780078589035853;0.25
8742;0.6457538599412669;0.6418998437028594;6;0.48975071906900414;[0.5594682874382748;0.5556142711998673;0.732039432444259;0.7281854162058514];0.7735950505245125;0.25
5331;0.5119286297081954;0.13219269515500473;6;0.4707521445323827;[0.42744376453574434;0.04770782998255366;0.5964134948806465;0.2166775603274558];0.7678874959602335;0.25
2470;0.7686945524731358;0.44843985202330916;6;0.5233133573075537;[0.6792902620164541;0.3590355615666275;0.8580988429298174;0.5378441424799908];0.7698869052483961;0.25
196;0.3830993526722655;0.35992069421983464;6;0.460140958571715;[0.29551791626170065;0.2723392578092698;0.4706807890828304;0.44750213063039945];0.7662144272664263;0.25
8178;0.892784307701152;0.3825435266989653;6;0.2788996844410513;[0.8089676867119225;0.2987269057097358;0.9766009286903815;0.4663601476881948];0.7728107922433907;0.25
808;0.44189368046008526;0.3725037616986323;6;0.7063993902934945;[0.3586801782585476;0.28929025949709464;0.5251071826616229;0.45571726390017];0.7765594516591858;0.25
7974;0.43807249686571736;0.45682932881188915;6;0.250285770333314;[0.34705494004886306;0.36581177199503484;0.5290900536825717;0.5478468856287434];0.7748168446547321;0.25
1042;0.24068427793185831;0.15244376730844678;6;0.4762991242615504;[0.15703649840023876;0.06879598777682723;0.3243320574634779;0.23609154684006634];0.7846786080065073;0.25
1398;0.39488026113101854;0.33828688356586106;6;0.5772350794845813;[0.3086612381405911;0.2520678605754336;0.481099284121446;0.4245059065562885];0.7764863438745934;0.25
8407;0.17828232381971507;0.03872447915726185;6;0.39973649679704293;[0.09246446228530862;-0.047093382377144596;0.2641001853541215;0.1245423406916683];0.7696674256974275;0.25
5697;0.6461867056475381;0.07344373957693048;6;0.4926298172887406;[0.5584189491365177;-0.014324016934089898;0.7339544621585585;0.16121149608795088];0.772274407510482;0.25
1805;0.14509076198328305;0.21617904047051578;6;0.47949088229489;[0.057221023759437536;0.12830930224667025;0.23296050020712855;0.3040487786943613];0.7750019228457151;0.25
941;0.6513747883166487;0.4863800292228508;6;0.4323786087821767;[0.559005097065522;0.3940103379717241;0.7437444795677755;0.5787497204739775];0.7768045570757932;0.25
5875;0.28894045605967666;0.038593269779141154;6;0.5698241989334646;[0.20279761284180342;-0.047549573438732076;0.3750832992775499;0.12473611299701438];0.7781035431492023;0.25
4448;0.37858211100909905;0.22448088987444823;6;0.5783274935695161;[0.2963060533662243;0.14220483223157349;0.4608581686519738;0.30675694751732296];0.7718096976267038;0.25
3772;0.12400945413996614;0.9517457619523941;6;0.5902346357419903;[0.03356541561300137;0.8613017234254293;0.21445349266693092;1.0421898004793588];0.7737462469587119;0.25
3644;0.24508502845847405;0.5344159049716566;6;0.3665514980173218;[0.1562274523583601;0.4455583288715426;0.333942604558588;0.6232734810717705];0.7779375144587717;0.25
1813;0.1421912465427483;0.4810442548292251;6;0.44667497122000716;[0.055700435624729816;0.3945534439112066;0.2286820574607668;0.5675350657472436];0.771154585049616;0.25
7341;0.25821959677184;0.5225959431327118;6;0.4922150459996428;[0.17036403706990286;0.4347403834307747;0.34607515647377707;0.610451502834649];0.7809613369299322;0.25
2833;0.5651316439054177;0.3746024966610848;6;0.5549651459457843;[0.4778775253173335;0.2873483780730006;0.6523857624935019;0.461856615249169];0.7806215093063575;0.25
584;0.43756031696877257;0.2763248922972076;6;0.4395324230364597;[0.3491602117704351;0.18792478709887012;0.52596042216711;0.36472499749554504];0.7786262620443134;0.25
8571;0.258918848587782;0.1080565521915704;6;0.48300713453744826;[0.16794458611783653;0.0170822897216249;0.3498931110577275;0.1990308146615159];0.7772752624950364;0.25
4246;0.45513423357243765;0.7082952465222723;6;0.3921336658540061;[0.3718340852054515;0.6249950981552861;0.5384343819394238;0.7915953948892585];0.7726280175339021;0.25
2471;0.8482189431614355;0.2913103530980491;6;0.5224503846531411;[0.7582949321287337;0.2013863420653472;0.9381429541941374;0.38123436413075096];0.7823105293400964;0.25
8230;0.8057203531712931;0.12816717551864154;6;0.5047656211679072;[0.7201372579890468;0.042584080336395325;0.8913034483535394;0.21375027070088776];0.7686177140791687;0.25
5548;0.4551083278143152;0.8547412991484743;5;0.4575289241568668;[0.3656050068446816;0.7652379781788408;0.5446116487839487;0.9442446201181078];0.7744179738242969;0.25
2561;0.9752135015291049;0.6515560722944083;6;0.4388860301283487;[0.8853378911270574;0.5616804618923608;1.0650891119311525;0.7414316826964558];0.7783086074351788;0.25
2350;0.18776647928221096;0.04420212761211817;6;0.3583153475299512;[0.0977564413970852;-0.045807910273007596;0.27777651716733676;0.13421216549724393];0.7751899921608008;0.25
288;0.22811746637496996;0.3920054046677277;6;0.49322111387584294;[0.14342575694167062;0.30731369523442836;0.3128091758082693;0.47669711410102705];0.7722855040873943;0.25
9221;0.39209487698719153;0.14840597406455253;6;0.3452736139411411;[0.30145869461286384;0.057769791690224837;0.4827310593615192;0.23904215643888022];0.7858250283028615;0.25
6359;0.7857938587108115;0.4608796843385343;6;0.6751527606661928;[0.7001915940160948;0.37527741964381756;0.8713961234055283;0.5464819490332511];0.7825787570264251;0.25
741;0.28378511506877824;0.1607564823008215;6;0.4954375713043964;[0.19776668479060439;0.07473805202264766;0.3698035453469521;0.24677491257899536];0.7690948803365084;0.25
6576;0.047708296585954074;0.7740226180239947;6;0.5206179608127649;[-0.03738272401586194;0.6889315974221787;0.1327993171877701;0.8591136386258108];0.7768033398840329;0.25
4708;0.5266196829043343;0.5413611540120242;6;0.4975665180447343;[0.4368575707413909;0.4515990418490809;0.6163817950672775;0.6311232661749675];0.7795435498731271;0.25
1556;0.702422108040631;0.2936344104106153;6;0.5097416202099119;[0.6099641009046513;0.2011764032746356;0.7948801151766107;0.38609241754659496];0.7735647840097711;0.25
9918;0.561365621113383;0.34962885744515415;6;0.548960095702453;[0.47059157715292166;0.25885481348469286;0.6521396650738442;0.44040290140561544];0.7790735862292483;0.25
5554;0.512614825710019;0.7291538506536641;6;0.27858957595623846;[0.424263329418164;0.6408023543618091;0.600966322001874;0.8175053469455191];0.7813776248813213;0.25
2449;0.2215475089681511;0.39720066985670266;6;0.5032685287275772;[0.13367456767471347;0.30932772856326507;0.3094204502615887;0.48507361115014025];0.7723334794914976;0.25
5990;0.25108402227888693;0.2437113531604749;6;0.4537588847173428;[0.16366901012635499;0.15629634100794298;0.3384990344314189;0.3311263653130068];0.7715200886374154;0.25
6440;0.49763671798307196;0.3446561043595665;6;0.5442281348177789;[0.4105177417328079;0.25753712810930246;0.5847556942333361;0.43177508060983055];0.781571638026948;0.25
5914;0.42770811098735384;0.008882037492601885;6;0.6818261386065773;[0.3440159833316356;-0.07481009016311636;0.511400238643072;0.09257416514832013];0.7738008261835121;0.25
8957;0.7934901282312254;0.7495038679844914;7;0.45486205373408983;[0.7061111815701786;0.6621249213234446;0.8808690748922723;0.8368828146455383];0.7704587060632667;0.25
6860;0.04242192209778711;0.2703489334004524;6;0.47596834526828;[-0.04451638309659249;0.1834106282060728;0.12936022729216673;0.357287238594832];0.778145822216777;0.25
7433;0.4943714275442763;0.2808620726055372;6;0.6833117596030311;[0.4084052704443127;0.19489591550557356;0.58033758464424;0.36682822970550083];0.7803462784775335;0.25
687;0.06019255024010417;0.23800638825069304;6;0.47602052012823454;[-0.026683747973236527;0.15113009003735234;0.14706884845344487;0.32488268646403373];0.7752352706670619;0.25
1672;0.05797511151295842;0.17007525327671752;7;0.47773469406086566;[-0.033053388143598164;0.07904675362016093;0.149003611169515;0.2611037529332741];0.7749109813310767;0.25
9349;0.7583418839892415;0.5461961638138809;6;0.3947636621633245;[0.6748275772714025;0.4626818570960419;0.8418561907070805;0.6297104705317199];0.7738309416299286;0.25
8018;0.41606285119601055;0.5804152822551902;6;0.5016998122973921;[0.33105416593394527;0.49540659699312495;0.5010715364580759;0.6654239675172555];0.7687215831577555;0.25
3472;0.5123416995997013;0.908370237808086;6;0.662294618834835;[0.427037201752099;0.8230657399604837;0.5976461974473036;0.9936747356556883];0.7768335877017198;0.25
6509;0.23075204637184848;0.7496196333931877;6;0.45657946910739106;[0.14516809161078795;0.6640356786321272;0.31633600113290905;0.8352035881542482];0.770097289500106;0.25
5728;0.49921829166822207;0.3381042618349235;6;0.5316256572589922;[0.4144665600295205;0.2533525301962219;0.5839700233069236;0.42285599347362507];0.7750233042795073;0.25
854;0.022209457559371926;0.0923865798943991;6;0.5877128138835248;[-0.06945723645625111;7.198858787760692E-4;0.11387615157499496;0.18405327391002213];0.775095713144736;0.25
2893;0.8054314394342414;0.16351788075947588;6;0.533399187442493;[0.7159709852002685;0.07405742652550286;0.8948918936682144;0.2529783349934489];0.777351887391949;0.25
1396;0.06892586566383044;0.4776259993822037;6;0.42403341765884744;[-0.011769209752029372;0.3969309239663439;0.14962094107969026;0.5583210747980635];0.7757805154896588;0.25
4784;0.42025228417924554;0.2402998156150737;6;0.5791150723301285;[0.33523464658028174;0.15528217801610988;0.5052699217782093;0.3253174532140375];0.7737874006164268;0.25
2963;0.29275993497330094;0.6534515515731065;6;0.38866872556580917;[0.2082766376494808;0.5689682542492864;0.3772432322971211;0.7379348488969266];0.7701916098965258;0.25
793;0.14178992566424226;0.21443617330245213;6;0.4566246957212113;[0.05335927751871555;0.12600552515692542;0.23022057380976896;0.30286682144797883];0.7834580961905625;0.25
7011;0.24776950140651943;0.34838694525788827;6;0.44889335177903866;[0.16512623007945498;0.2657436739308238;0.3304127727335839;0.4310302165849527];0.7707829426105327;0.25
4020;0.3800951694412009;0.2751428913913351;6;0.21349514587540203;[0.2946142449216659;0.18966196687180004;0.46557609396073596;0.3606238159108701];0.7727548548620237;0.25
2063;0.3218350120453231;0.30087194828319525;6;0.39758407252685385;[0.2346110839686441;0.21364802020651624;0.4090589401220021;0.38809587635987425];0.7713729371231873;0.25
9389;0.36838781445650726;0.4765440200727171;6;0.6646426074245224;[0.27999354345696903;0.3881497490731789;0.4567820854560455;0.5649382910722553];0.7778165256290986;0.25
9783;0.6430906188198227;0.06673264497625725;5;0.581656475999251;[0.5522765617418264;-0.024081412101739016;0.7339046758978189;0.15754670205425353];0.775153426122033;0.25
2128;0.2940207585802643;0.12204643736405486;5;0.532625341856532;[0.20698162544632992;0.03500730423012051;0.38105989171419863;0.2090855704979892];0.7752340299308301;0.25
3172;0.6699211660766515;0.012565895722187137;6;0.4890876016196857;[0.5796398180391885;-0.07771545231527585;0.7602025141141145;0.10284724375965013];0.7713275917227975;0.25
829;0.361854774035726;0.3350786849927234;6;0.6283105703293129;[0.27090116472248105;0.24412507567947841;0.452808383348971;0.42603229430596845];0.7842726938553671;0.25
5706;0.17758010034495386;0.7573276544322587;6;0.49274361437921377;[0.08885372693880839;0.6686012810261133;0.26630647375109934;0.8460540278384041];0.769859086379909;0.25
4330;0.36264007310081076;0.34555050984002006;6;0.49698879322047074;[0.2752018825900553;0.2581123193292646;0.4500782636115662;0.4329887003507755];0.7743259261709001;0.25
526;0.31491016246838105;0.8785237543983391;6;0.46883548945540043;[0.2284362894382027;0.7920498813681607;0.4013840354985594;0.9649976274285175];0.7708861845910463;0.25
8253;0.3596740773223525;0.5876751929658396;6;0.6052377188132656;[0.2719827868634582;0.4999839025069453;0.4473653677812468;0.6753664834247338];0.7748130755926314;0.25
6365;0.5235890034911036;0.059267293595897164;6;0.5897406622638023;[0.43626309110791084;-0.02805861878729561;0.6109149158742964;0.14659320597908992];0.7852242241379667;0.25
1910;0.035343607956838774;0.10045962731920496;6;0.49372739130927845;[-0.05590303956223096;0.009212979800135232;0.12659025547590852;0.19170627483827468];0.7729903976942797;0.25
9735;0.6067416968417373;0.116788577758018;6;0.3616364969827205;[0.5215854460078592;0.03163232692413992;0.6918979476756154;0.20194482859189608];0.7794462117814114;0.25
5108;0.357948516042684;0.7203555967363672;6;0.6476695460924722;[0.2724132447964664;0.6348203254901496;0.44348378728890164;0.8058908679825848];0.7787965696405612;0.25
1510;0.9263005420139567;0.17010698668990942;6;0.5489472847911566;[0.8402999117965696;0.08410635647252226;1.012301172231344;0.25610761690729655];0.7786869355848118;0.25
9299;0.47764492892235455;0.041113405384386376;6;0.5788597769237264;[0.38921626191864855;-0.04731526161931962;0.5660735959260605;0.12954207238809237];0.773877301193105;0.25
6263;0.41191908039103486;0.004379610708405174;6;0.5020509063229486;[0.3239600301245152;-0.0835794395581145;0.49987813065755454;0.09233866097492485];0.77421755931876;0.25
4153;0.46680693545940255;0.4248612787708508;6;0.5905314604554379;[0.37530238429442797;0.3333567276058762;0.5583114866243771;0.5163658299358254];0.7779860029377084;0.25
3289;0.2576536791707306;0.11160125345308095;6;0.5593358654730017;[0.17091439658632931;0.02486197086867964;0.3443929617551319;0.19834053603748225];0.7799414465267489;0.25
6302;0.6724908830085612;0.8600441326277404;6;0.708799310817125;[0.5880526881533468;0.775605937772526;0.7569290778637756;0.9444823274829548];0.7733454294371847;0.25
8301;0.25376552571110544;0.018406074322976862;6;0.5761350529433392;[0.16740069566470175;-0.06795875572342683;0.34013035575750916;0.10477090436938055];0.7763464979786178;0.25
6694;0.04685649313089704;0.5373274130806296;7;0.5296037658577171;[-0.04281307615833156;0.447657843791401;0.13652606242012566;0.6269969823698582];0.7724057331373873;0.25
3258;0.4713228373037741;0.918018044066045;6;0.620195310718177;[0.3822812173352437;0.8289764240975146;0.5603644572723046;1.0070596640345755];0.7770151658448876;0.25
1632;0.4364762549922607;0.320579565833377;6;0.5564722066080622;[0.3499654433117972;0.23406875415291345;0.5229870666727243;0.40709037751384053];0.7728715873903537;0.25
2860;0.25492259076486007;0.3222026427246074;6;0.5125000455746106;[0.16932252584216229;0.23660257780190963;0.34052265568755785;0.4078027076473052];0.7697938747301782;0.25
4972;0.3525239754648165;0.1506210936237849;6;0.5126720393440257;[0.26484588499145945;0.06294300315042783;0.44020206593817357;0.23829918409714196];0.7715403930613844;0.25
5222;0.5969057512977829;0.5559480511778321;6;0.527313921820416;[0.5069922988773256;0.46603459875737474;0.6868192037182402;0.6458615035982894];0.7732042742744248;0.25
3149;0.8407752427036943;0.2071912330044376;6;0.432021746435906;[0.7510924282278088;0.11750841852855202;0.9304580571795799;0.29687404748032314];0.7785338445457568;0.25
7950;0.6468200779844228;0.25700428143441906;6;0.35987612269088604;[0.5611423263906079;0.17132652984060423;0.7324978295782376;0.34268203302823386];0.7749220997119344;0.25
8106;0.9973946163768982;0.272922862989046;6;0.433177328666706;[0.9088298120987685;0.1843580587109162;1.085959420655028;0.3614876672671758];0.7735130373572329;0.25
6095;0.25678413118198207;0.5134452019287357;6;0.4706294341839253;[0.16410937738938497;0.42077044813613856;0.34945888497457916;0.6061199557213328];0.7699294703637031;0.25
2287;0.32640597545714056;0.9390433434312926;5;0.4665723088460894;[0.23462326996287422;0.8472606379370262;0.41818868095140693;1.030826048925559];0.778511934983425;0.25
7750;0.8180305012898689;0.8516782195907767;7;0.5158054450402134;[0.7282338703452909;0.7618815886461987;0.9078271322344469;0.9414748505353547];0.7837305018822381;0.25
3127;0.9330619935452518;0.17763044910051765;7;0.4519791080988932;[0.8475670837262248;0.09213553928149065;1.0185569033642787;0.26312535891954464];0.7715195279834098;0.25
2473;0.4074924019238506;0.23233443109317553;6;0.4303592568134527;[0.3198554666017334;0.14469749577105834;0.4951293372459678;0.3199713664152927];0.764691596648365;0.25
9164;0.8767110935340519;0.6393187165204433;6;0.41169489037293205;[0.7909671948860411;0.5535748178724325;0.9624549921820627;0.725062615168454];0.7714276965993898;0.25
6048;0.7166398467421244;0.9735701412988784;6;0.6377307550539963;[0.628074770638669;0.885005065195423;0.8052049228455799;1.062135217402334];0.7756884724178407;0.25
1248;0.5357262818582793;0.19800229186205612;6;0.4035821352648887;[0.44745717549331604;0.10973318549709285;0.6239953882232425;0.2862713982270194];0.7805770628487262;0.25
55;0.31713709286912706;0.7099243377692044;6;0.3666927875898896;[0.23214805782175363;0.624935302721831;0.4021261279165005;0.7949133728165778];0.7676002733656615;0.25
7510;0.793392806237303;0.8166209324722978;6;0.6431597114937257;[0.7048885503863609;0.7281166766213557;0.8818970620882451;0.90512518832324];0.7785837071349505;0.25
6110;0.4917752704831765;0.280574918703519;6;0.4866248449940906;[0.40367122906312786;0.1924708772834704;0.5798793119032251;0.36867896012356766];0.7624296150906645;0.25
1896;0.8045199549096822;0.5544834203332715;6;0.5488536918465154;[0.7168783586723169;0.46684182409590613;0.8921615511470475;0.6421250165706368];0.7783270787934781;0.25
4498;0.49269110073997435;0.9786499756422866;6;0.5818153180546061;[0.40648499732039584;0.8924438722227082;0.5788972041595528;1.064856079061865];0.7733165659925576;0.25
6009;0.5968086356812801;0.16254333191459308;5;0.5358709982034259;[0.510614884934935;0.07634958116824808;0.6830023864276251;0.24873708266093808];0.7709310700625897;0.25
8652;0.4083387658401261;0.21487930832239732;6;0.41141925071748764;[0.32022265010833245;0.1267631925906037;0.4964548815719197;0.30299542405419094];0.7711709728993261;0.25
4818;0.847348509326265;0.5737514091511202;6;0.4017042450813602;[0.7606595377696339;0.48706243759448914;0.9340374808828962;0.6604403807077512];0.7712566818955948;0.25
8430;0.8534371321537214;0.062157004383915415;7;0.4204628851583597;[0.7673282763160084;-0.023951851453797607;0.9395459879914344;0.14826586022162844];0.7656725217972944;0.25
4967;0.3586905902101347;0.19320684224696388;6;0.5212899271100664;[0.2713720131336457;0.10588826517047487;0.44600916728662376;0.2805254193234529];0.7763267713102365;0.25
5454;0.9681358637298749;0.5541157665026445;6;0.4235083542300412;[0.8762129988395345;0.46219290161230403;1.0600587286202154;0.6460386313929849];0.7726061117789206;0.25
1045;0.6895880751797303;0.4085096837637705;6;0.5323831488227457;[0.602311321965133;0.3212329305491732;0.7768648283943276;0.49578643697836783];0.7746555039776206;0.25
6262;0.3047789340854251;0.3888417207567415;6;0.6174232333398089;[0.21947136198733203;0.3035341486586484;0.3900865061835182;0.4741492928548346];0.7858860836483024;0.25
5012;0.9469909792470417;0.2046904648341838;6;0.4312844781710289;[0.860318873268414;0.11801835885555617;1.0336630852256694;0.2913625708128114];0.7694822701813891;0.25
3796;0.39564617702915666;0.3888651170640822;6;0.4662350820785129;[0.30577860343193164;0.2989975434668572;0.4855137506263817;0.47873269066130725];0.777150453535676;0.25
5694;0.11725282854255337;0.7380300132381342;6;0.3277720855783589;[0.028621482637135917;0.6493986673327168;0.2058841744479708;0.8266613591435517];0.7732945731061995;0.25
3995;0.669226180386476;0.7390556585264062;6;0.4154812170360747;[0.5783619611050769;0.6481914392450071;0.7600903996678751;0.8299198778078053];0.7801709621422963;0.25
1758;0.34962502323891187;0.4440545383546644;6;0.2428246934633133;[0.2635811188918137;0.3580106340075662;0.43566892758601006;0.5300984427017627];0.7787573613159583;0.25
5907;0.995982544505996;0.9152835804679827;5;0.40582402058595896;[0.9077616240810904;0.8270626600430772;1.0842034649309016;1.0035045008928882];0.7770770777680543;0.25
2161;0.9878212437960893;0.022543525197406045;6;0.5193402912928429;[0.9027710173226335;-0.06250670127604974;1.072871470269545;0.10759375167086183];0.7776605744125232;0.25
7856;0.23404187581776714;0.16498382000373013;6;0.2945587935988796;[0.14731557249957625;0.07825751668553924;0.320768179135958;0.251710123321921];0.7625194583011767;0.25
3482;0.6641091298260088;0.885076160292112;6;0.48889248395829904;[0.5796330842553374;0.8006001147214408;0.7485851753966801;0.9695522058627832];0.7715472332528401;0.25
2449;0.10723101050345263;0.3910680955227495;6;0.5032685287275772;[0.015536234783269737;0.29937331980256665;0.19892578622363552;0.4827628712429324];0.7723334794914976;0.25
7006;0.24147352791654186;0.21469357824794108;6;0.5946905383251755;[0.15553795415480234;0.12875800448620156;0.3274091016782814;0.3006291520096806];0.7778261410820948;0.25
5366;0.7477111617724489;0.6639048981481309;6;0.4291247773692844;[0.6615434655514074;0.5777372019270894;0.8338788579934904;0.7500725943691724];0.7713805172378608;0.25
2880;0.5735073601408986;0.004814827027203761;6;0.45431325471815726;[0.4896481726745592;-0.07904436043913568;0.6573665476072381;0.0886740144935432];0.7773032985142518;0.25
9123;0.7876527322264584;0.35824541792554476;6;0.5465539776850198;[0.7009260437466879;0.27151872944577427;0.8743794207062289;0.44497210640531526];0.77611845950081;0.25
9200;0.947482151231363;0.4771598656486189;6;0.5599485006997331;[0.8594682523822856;0.38914596679954155;1.0354960500804404;0.5651737644976962];0.7828539825401138;0.25
4912;0.869422291417897;0.1932675914558783;6;0.573697662884415;[0.7778760539676172;0.10172135400559848;0.9609685288681767;0.28481382890615814];0.7748459393226907;0.25
2021;0.6046957478423352;0.4524076706897152;6;0.5021867079134346;[0.5141124441488335;0.36182436699621356;0.6952790515358368;0.5429909743832169];0.7744282924447137;0.25
8023;0.9707165809192825;0.03577149052249806;5;0.47056759779314905;[0.8860527879798316;-0.04889230241695283;1.0553803738587333;0.12043528346194896];0.7845516993829572;0.25
8523;0.9301871967275624;0.20946270691192168;6;0.34964420625607484;[0.8429273092463104;0.12220281943066968;1.0174470842088144;0.29672259439317367];0.7761170007747714;0.25
4340;0.363049784465177;0.10640435398620315;6;0.5126830343454817;[0.2758238917153143;0.01917846123634044;0.4502756772150397;0.19363024673606588];0.7786087062972786;0.25
9755;0.9668744085601424;0.7953857711849006;6;0.39689302207150057;[0.8765521398018945;0.7050635024266527;1.0571966773183903;0.8857080399431485];0.7736688859295635;0.25
3426;0.7025246854485202;0.8771707144467705;6;0.5146196235002011;[0.6194191765258492;0.7940652055240995;0.7856301943711912;0.9602762233694415];0.772549888859547;0.25
9759;0.5644997989244527;0.6028391723718122;6;0.497129345103623;[0.4743571909407237;0.5126965643880832;0.6546424069081817;0.6929817803555411];0.7654015435828011;0.25
615;0.04068008332478534;0.5307331265245097;6;0.3749348110238015;[-0.05078245044738976;0.43927059275233454;0.13214261709696046;0.6221956602966847];0.7796532916589983;0.25
6997;0.8603040648152589;0.7312332214059191;6;0.6034452045372685;[0.7754917907251421;0.6464209473158022;0.9451163389053757;0.8160454954960359];0.7711672482958863;0.25
3346;0.9419743553045618;0.605728376469703;6;0.4997351263735174;[0.8521252668632462;0.5158792880283875;1.0318234437458773;0.6955774649110186];0.780532223467957;0.25
1590;0.6881383173194542;0.4740389350284232;6;0.3842876359829528;[0.6003059445719102;0.3862065622808792;0.7759706900669981;0.5618713077759672];0.769585571572838;0.25
7964;0.9695563401643532;0.6162576833379536;6;0.5434783008781331;[0.887077466277534;0.5337788094511344;1.0520352140511724;0.6987365572247728];0.7743348454548545;0.25
3955;0.8045631803222174;0.3138176119354655;6;0.6019286482423897;[0.7158332161555734;0.2250876477688215;0.8932931444888614;0.40254757610210945];0.7827754311299497;0.25
3695;0.5235828865472343;0.869129246100521;6;0.7990132097219862;[0.4377795890224766;0.7833259485757633;0.609386184071992;0.9549325436252787];0.7755026350758962;0.25
8891;0.6353265508511394;0.6438991479285802;6;0.4172251574816751;[0.5477930704630127;0.5563656675404535;0.7228600312392661;0.7314326283167069];0.7739023455045954;0.25
7760;0.2101439447340936;0.19699139351504535;6;0.5087126973984989;[0.12337746851717137;0.11022491729812313;0.29691042095101583;0.2837578697319676];0.7718204913786477;0.25
3156;0.7599559011988923;0.39223773837017706;6;0.42671112779313153;[0.6751497282274738;0.30743156539875854;0.8447620741703109;0.4770439113415956];0.77298893119715;0.25
8791;0.7429176676870137;0.6479305905861696;6;0.5538594466595992;[0.65630612289221;0.5613190457913659;0.8295292124818174;0.7345421353809733];0.7795051010607005;0.25
5561;0.3277880568547318;0.41841403372427266;6;0.5880665519314592;[0.2411240545117036;0.3317500313812445;0.41445205919775996;0.5050780360673008];0.7643854318675686;0.25
9501;0.9694371223570578;0.4022658201725088;6;0.6557701077950545;[0.8794725243624036;0.3123012221778546;1.0594017203517119;0.49223041816716295];0.775808642856447;0.25
380;0.4057142378405493;0.15328221293388888;6;0.4278406406889225;[0.3224698962871185;0.0700378713804581;0.4889585793939801;0.23652655448731968];0.7692622894013432;0.25
5803;0.9401563062701238;0.4138711888011566;5;0.5600064069483932;[0.8540242371737905;0.3277391197048232;1.0262883753664571;0.50000325789749];0.7800114348223205;0.25
9080;0.7271273156546714;0.48402787646796275;6;0.46312049716704873;[0.6387218491427152;0.3956224099560066;0.8155327821666275;0.5724333429799189];0.7751867444432178;0.25
5323;0.9958651346782806;0.42316876999797076;6;0.3271136384847205;[0.909745909322992;0.3370495446426822;1.0819843600335692;0.5092879953532593];0.7682701222901692;0.25
4516;0.31052003655720417;0.45997274302686475;6;0.4059247719746216;[0.22422062350703462;0.3736733299766952;0.3968194496073737;0.5462721560770343];0.7681597605305616;0.25
1895;0.9211626986626003;0.4795583889729515;6;0.40105765027207785;[0.8386030353539305;0.39699872566428185;1.0037223619712698;0.5621180522816212];0.780191152323968;0.25
7461;0.7609790843106707;0.4412588191559482;5;0.7123552311644841;[0.6738973877249719;0.3541771225702494;0.8480607808963696;0.5283405157416471];0.7838967678687998;0.25
4228;0.929700895922181;0.41004820515803964;6;0.6815580869743986;[0.8428856338722773;0.32323294310813605;1.0165161579720845;0.4968634672079432];0.7782093194821014;0.25
7396;0.906011446314712;0.5263987731472219;6;0.5293857760093222;[0.8181249003361445;0.4385122271686544;0.9938979922932795;0.6142853191257894];0.7844591617376663;0.25
6523;0.6992992523203577;0.3932499711345937;6;0.5041639063426873;[0.6158573252259067;0.3098080440401428;0.7827411794148087;0.4766918982290446];0.7787821300562066;0.25
3601;0.5669078634130549;0.27526228861508323;6;0.5995105348955799;[0.47854586689446776;0.1869002920964961;0.655269859931642;0.36362428513367034];0.7754494594614025;0.25
4202;0.7546100772269229;0.5420199430855541;6;0.44411747217012637;[0.6667167327665476;0.45412659862517896;0.8425034216872981;0.6299132875459293];0.776817280319209;0.25
2209;0.2831023855473812;0.10428206416277638;6;0.42967532242978246;[0.1944202699542142;0.015599948569609362;0.37178450114054823;0.1929641797559434];0.7748933931058827;0.25
1512;0.647317526670588;0.6777475927965336;5;0.5285687410602744;[0.5565204121782068;0.5869504783041525;0.7381146411629691;0.7685447072889148];0.7750551803485285;0.25
1153;0.07734092430903772;0.10125168023223627;6;0.5672954322557916;[-0.009705473861567518;0.014205282061631033;0.16438732247964294;0.18829807840284152];0.7789719418571072;0.25
5867;0.8471765403164858;0.7669390193228472;6;0.5035058711367664;[0.7602056569858915;0.6799681359922529;0.9341474236470801;0.8539099026534416];0.7748283619861474;0.25
4937;0.1466294070639722;0.8437118040166727;6;0.4958696330571502;[0.0588092027385862;0.7558915996912867;0.23444961138935821;0.9315320083420586];0.7702532532782599;0.25
7714;0.9092123328467405;0.38648779120196675;6;0.4288538297433411;[0.8203324086998348;0.29760786705506104;0.9980922569936462;0.47536771534887245];0.7701072580912856;0.25
8771;0.4701230216414296;0.7551071948607864;6;0.5672433561990354;[0.3815131613010702;0.666497334520427;0.5587328819817889;0.8437170552011457];0.7696037935586078;0.25
829;0.39884984718382205;0.08673563800771297;6;0.6283105703293129;[0.3148837836100165;0.0027695744339074208;0.4828159107576276;0.17070170158151854];0.7842726938553671;0.25
6835;0.8889546132066711;0.2635345411801669;6;0.4740981759492151;[0.8026038437191119;0.17718377169260766;0.9753053826942304;0.3498853106677261];0.765829787539179;0.25
9404;0.28673131553104847;0.5235846792945601;6;0.4881561967977982;[0.20401727271307357;0.4408706364765852;0.36944535834902337;0.606298722112535];0.7820941523074568;0.25
4;0.7780692405711248;0.11354076113611697;6;0.33266289628226486;[0.6897703116338691;0.02524183219886135;0.8663681695083805;0.2018396900733726];0.7694884357190404;0.25
6731;0.5780652146040546;0.7426337585759852;6;0.367617163404582;[0.48902280679607024;0.6535913507680009;0.6671076224120389;0.8316761663839696];0.7736074560816941;0.25
2296;0.3811080848700411;0.6188427814925161;6;0.48432902906171793;[0.2951933321494796;0.5329280287719547;0.4670228375906026;0.7047575342130776];0.7821660636770793;0.25
703;0.47737900983254933;0.32004038054832173;5;0.24665674608295052;[0.38862786772576857;0.23128923844154098;0.56613015193933;0.4087915226551025];0.7655974585271434;0.25
5536;0.9487583844602103;0.6915436580734583;6;0.4938826453891324;[0.8595482128089006;0.6023334864221486;1.03796855611152;0.780753829724768];0.7779871116117678;0.25
5202;0.3932994327476884;0.1661379503825427;6;0.36806298486965916;[0.3037274575589082;0.07656597519376243;0.48287140793646866;0.255709925571323];0.7665747787772589;0.25
3806;0.7873958032874581;0.04148300218674805;6;0.4674705187714304;[0.6992067057062012;-0.04670609539450875;0.8755849008687149;0.12967209976800487];0.779057930418616;0.25
3638;0.527981786623502;0.33852694496156965;6;0.6791354013872752;[0.4394667987249624;0.25001195706303003;0.6164967745220417;0.4270419328601093];0.7789558480362218;0.25
9295;0.6556855980967355;0.8875414395508346;5;0.49545397839213245;[0.5680182633562533;0.7998741048103524;0.7433529328372178;0.9752087742913169];0.7742466921576093;0.25
7189;0.15226080037122336;0.5385863630232789;6;0.4517219666813806;[0.062067762216807085;0.44839332486886263;0.24245383852563962;0.6287794011776952];0.7794830259822076;0.25
2549;0.907687592865301;0.6085717712810648;6;0.5427533871983512;[0.8205552752349502;0.521439453650714;0.9948199104956518;0.6957040889114156];0.775602284976657;0.25
2184;0.22979453340026712;0.13381205263807003;6;0.4583706529767308;[0.14078378665723718;0.0448013058950401;0.31880528014329707;0.22282279938109995];0.7729641913381797;0.25
65;0.8034427113839193;0.18553728425399893;6;0.5336188732755004;[0.7183216993240448;0.10041627219412436;0.8885637234437939;0.2706582963138735];0.7747766304848258;0.25
5010;0.559274027306304;0.51627276155394;7;0.531175744401005;[0.4676376542282784;0.42463638847591434;0.6509104003843297;0.6079091346319656];0.7740116896742528;0.25
3574;0.45407342615067087;0.16305767339006427;5;0.4574558095575679;[0.36816669810044755;0.07715094533984099;0.5399801542008942;0.24896440144028756];0.7777847089501543;0.25
1783;0.5692918807721054;0.19480598419415832;6;0.5404462427990798;[0.4872227496318302;0.11273685305388316;0.6513610119123805;0.2768751153344335];0.7796510473632389;0.25
7403;0.3787712055225071;0.525968422592967;6;0.6623359195827647;[0.28852432441354847;0.43572154148400843;0.4690180866314657;0.6162153037019257];0.7687681257952051;0.25
3438;0.8001647515287804;0.4847419075048215;6;0.6050170336119763;[0.7093092506572883;0.3938864066333294;0.8910202524002725;0.5755974083763136];0.7828039817290764;0.25
9210;0.4711803517601356;0.2478871792424112;6;0.4540342112145583;[0.3838247687692189;0.16053159625149444;0.5585359347510523;0.33524276223332794];0.7687906665967841;0.25
5875;0.8990145162387534;0.3074966191404994;6;0.5698241989334646;[0.8066768358359415;0.2151589387376876;0.9913521966415653;0.39983429954331123];0.7781035431492023;0.25
486;0.20313555377339398;0.2552370174906046;6;0.376384066981899;[0.1111933736490365;0.16329483736624714;0.2950777338977515;0.3471791976149621];0.7700711962771604;0.25
9342;0.9852037392158918;0.36048507879863956;6;0.31162101195843894;[0.896273500533906;0.2715548401166538;1.0741339778978776;0.4494153174806253];0.7789954770533941;0.25
4839;0.6497669790601758;0.2878850179689041;6;0.5470597484376722;[0.5603741182464587;0.19849215715518703;0.7391598398738929;0.37727787878262115];0.7741696865137716;0.25
5691;0.9847573552604691;0.7101777421073667;6;0.46828761820649845;[0.8973678532005159;0.6227882400474135;1.0721468573204225;0.7975672441673199];0.7691839092943018;0.25
2293;0.5898914104404354;0.9922695433050498;6;0.5376125038025412;[0.5010681540664621;0.9034462869310765;0.6787146668144086;1.0810927996790232];0.767387678238672;0.25
4780;0.8515797242313405;0.6288647692176847;6;0.6610383734630945;[0.7655445057794188;0.542829550765763;0.9376149426832623;0.7148999876696065];0.7674306631730012;0.25
501;0.4955943854323113;0.2056984602248385;5;0.1608750641141763;[0.4084544098337022;0.11855848462622938;0.5827343610309205;0.29283843582344765];0.7788915960539392;0.25
1111;0.08799173546325367;0.695625644044589;6;0.4334389244395943;[-0.001687826949115595;0.6059460816322197;0.17767129787562294;0.7853052064569583];0.7821868669775893;0.25
5711;0.7800834348294612;0.3569828967789236;6;0.445978788522595;[0.6908659459210434;0.26776540787050584;0.8693009237378789;0.4462003856873413];0.7793455433937063;0.25
2579;0.6061745008528583;0.7148670620345421;5;0.5455043668142769;[0.5171466961012556;0.6258392572829394;0.695202305604461;0.8038948667861447];0.7729259198093732;0.25
145;0.9783498276979624;0.12319733246428019;6;0.495879481374089;[0.8906486107695673;0.03549611553588508;1.0660510446263576;0.2108985493926753];0.7800475948881165;0.25
5780;0.5672309880760096;0.34072109603173245;7;0.5353181494062255;[0.4830882424038051;0.256578350359528;0.6513737337482141;0.42486384170393693];0.7792143259169961;0.25
2450;0.6312807469211912;0.3661840674872462;6;0.5303121164934671;[0.5431446849683997;0.27804800553445475;0.7194168088739826;0.45432012944003763];0.776526330841004;0.25
9244;0.19526402876440285;0.831647978324524;6;0.5251707329285502;[0.11054756220508813;0.7469315117652092;0.2799804953237176;0.9163644448838387];0.7665306174354081;0.25
4658;0.25608384621643066;0.4308825501762389;6;0.4720414810983681;[0.17128226873435778;0.34608097269416604;0.3408854236985035;0.5156841276583117];0.7758834743208473;0.25
5106;0.07927451891643988;0.4216314199298964;6;0.5958231279543447;[-0.00571900521737452;0.336637895796082;0.16426804305025428;0.5066249440637108];0.7748427157105852;0.25
274;0.6616402901522456;0.66251133871799;6;0.4289035761657869;[0.5748843407545707;0.5757553893203151;0.7483962395499204;0.7492672881156648];0.7744423300121792;0.25
3810;0.8915296942405515;0.6693249901527639;6;0.5069464980196821;[0.8004856879180577;0.5782809838302703;0.9825737005630453;0.7603689964752576];0.7722406468807068;0.25
3348;0.2984861639126819;0.5134355211045636;6;0.4469036135305178;[0.21120062281986718;0.42614998001174886;0.3857717050054966;0.6007210621973783];0.7732900716353522;0.25
1252;0.8510498139539155;0.6682920433637678;6;0.46877375597844173;[0.7609662465923972;0.5782084760022494;0.9411333813154339;0.7583756107252861];0.7649325075573201;0.25
7522;0.9327794546368287;0.0672217229494711;6;0.4321731712731527;[0.8454046876822373;-0.020153044005120205;1.0201542215914199;0.15459648990406238];0.7783279089251642;0.25
2972;0.04576174681167111;0.16822130247388878;6;0.5699940765372393;[-0.043165415522696704;0.07929414013952096;0.13468890914603893;0.2571484648082566];0.7793501028085035;0.25
6439;0.9435458156756473;0.7853238051635676;6;0.5691044684746114;[0.8554071813271736;0.6971851708150939;1.0316844500241211;0.8734624395120413];0.7731232760551177;0.25
3515;0.7787360240450204;0.27644867312799304;6;0.4280938492309685;[0.6977353332963082;0.19544798237928085;0.8597367147937326;0.35744936387670523];0.7749895309466261;0.25
1105;0.2960381164849658;0.22216826061771688;6;0.40229595663775813;[0.20589438377772162;0.1320245279104727;0.38618184919221;0.31231199332496107];0.7721184951153834;0.25
7847;0.7382487900513658;0.2241212847561448;6;0.4840898669437466;[0.6574810960676326;0.14335359077241155;0.819016484035099;0.304888978739878];0.7732437911109576;0.25
909;0.5589776245746714;0.2977089680746934;6;0.4929495188772577;[0.46805675804165653;0.20678810154167854;0.6498984911076862;0.3886298346077082];0.7719184120320539;0.25
3045;0.8545317215399345;0.23969224699224345;6;0.6405731049071872;[0.7696847105065163;0.15484523595882532;0.9393787325733527;0.3245392580256616];0.7774365209823818;0.25
3087;0.7181745725015193;0.07184048311235802;6;0.3580370698047166;[0.6299539983680826;-0.01638009102107868;0.8063951466349559;0.16006105724579472];0.7701478554428521;0.25
9003;0.24084034656310482;0.44371370830267215;6;0.40343484355286247;[0.15299818381995886;0.35587154555952616;0.32868250930625076;0.5315558710458181];0.7745205014684138;0.25
5979;0.10091227672122205;0.19711495336516371;6;0.5339021074692485;[0.016708916236782195;0.11291159288072386;0.1851156372056619;0.2813183138496036];0.776885143248109;0.25
1254;0.039541475979162466;0.4788466634657816;6;0.5887041235573396;[-0.04672605188122407;0.39257913560539504;0.12580900383954902;0.5651141913261681];0.767237283693271;0.25
7651;0.35740382798304926;0.8651848989060038;7;0.40230165610596763;[0.27106368619522775;0.7788447571181824;0.44374396977087077;0.9515250406938253];0.7729315383281918;0.25
6140;0.1839155288515466;0.5093294160503654;6;0.5469785031600435;[0.09280340478267309;0.4182172919814919;0.27502765292042014;0.6004415401192389];0.7797641909309031;0.25
446;0.3943684015850736;0.0961648680220506;6;0.4196348499257123;[0.30447893795225756;0.006275404389234601;0.4842578652178896;0.1860543316548666];0.7712048499870859;0.25
5865;0.5703830673002352;0.615739319171754;6;0.5529267245524581;[0.482991132951303;0.5283473848228217;0.6577750016491675;0.7031312535206862];0.7727265322383363;0.25
1953;0.974033241700584;0.9622289136864367;6;0.6128174007538882;[0.8866612899300558;0.8748569619159084;1.0614051934711124;1.049600865456965];0.773792208019158;0.25
8737;0.7373825392440295;0.8411214904397812;6;0.4997139337740734;[0.6515636808407061;0.7553026320364578;0.8232013976473529;0.9269403488431047];0.7737726135261073;0.25
7490;0.12739148514469104;0.9255539539768475;6;0.6499680858162895;[0.03695239189962804;0.8351148607317844;0.21783057838975403;1.0159930472219105];0.7699765084270797;0.25
1888;0.11632587996794319;0.4374102261574498;6;0.49729530397153704;[0.0314321064538515;0.35251645264335807;0.20121965348203488;0.5223039996715415];0.7763499980345261;0.25
8055;0.7519315303565662;0.9265095043830786;6;0.6587774830836995;[0.6658265724897721;0.8404045465162844;0.8380364882233604;1.0126144622498727];0.7807729545290836;0.25
6216;0.14952876837270837;0.4602302633984332;6;0.5785822165420326;[0.06116511292366188;0.3718666079493867;0.23789242382175485;0.5485939188474797];0.7797232398682326;0.25
9867;0.48873240678447216;0.5905331150151534;6;0.4634260334346064;[0.4044769051774202;0.5062776134081014;0.5729879083915241;0.6747886166222054];0.774388927585813;0.25
6504;0.7099186023347885;0.5200510108135106;6;0.440056414817713;[0.6264035853138652;0.43653599379258723;0.7934336193557119;0.6035660278344339];0.7706314524979285;0.25
5162;0.5197004065827784;0.6712348577814198;6;0.5097102540528704;[0.4289427167276549;0.5804771679262963;0.6104580964379018;0.7619925476365432];0.7691906415151818;0.25
9671;0.9302084347223778;0.7582595359595058;6;0.6070132307989409;[0.838574673442654;0.6666257746797821;1.0218421960021016;0.8498932972392295];0.7728207268030536;0.25
2986;0.5162718899582381;0.9144348159595668;6;0.5601864629507963;[0.4302296355288548;0.8283925615301834;0.6023141443876215;1.00047707038895];0.7702975583969769;0.25
4047;0.01862844968063765;0.4982164314470811;6;0.2977863553859401;[-0.06728712864733546;0.412300853119108;0.10454402800861076;0.5841320097750542];0.7744209149228072;0.25
7583;0.22219699182447006;0.7075765158682104;6;0.5322543391087258;[0.12919679446418383;0.6145763185079242;0.31519718918475625;0.8005767132284966];0.7699164450588591;0.25
4032;0.6876613166578502;0.8927599044336061;6;0.6754391453792545;[0.6046722448952266;0.8097708326709825;0.7706503884204738;0.9757489761962297];0.7749195897352835;0.25
2093;0.6117537565086065;0.06947199314190888;6;0.545915677607578;[0.5256631504507108;-0.016618612915986847;0.6978443625665023;0.1555625991998046];0.7803072463720863;0.25
7864;0.29932029898105045;0.22548505621559933;6;0.4611223434060895;[0.2141281495814573;0.14029290681600617;0.3845124483806436;0.3106772056151925];0.7769973433966969;0.25
5041;0.1701610705985137;0.47497367084811987;6;0.41439955436311515;[0.08228435508606;0.3870969553356661;0.2580377861109674;0.5628503863605736];0.777242771234166;0.25
2400;0.3351838548457958;0.903471729537054;6;0.46455894553433014;[0.2455170541455886;0.8138049288368469;0.42485065554600304;0.9931385302372612];0.7743870267101695;0.25
6676;0.7673952863626643;0.8333435980485617;6;0.4396623505067435;[0.6812586570848262;0.7472069687707237;0.8535319156405023;0.9194802273263998];0.7729906451183345;0.25
2756;0.2541065087744081;0.44681987732594197;6;0.5870585520155811;[0.1646914653995898;0.35740483395112366;0.3435215521492264;0.5362349207007603];0.7733347566988551;0.25
9875;0.39179994469361945;0.41886734963880423;6;0.5529117084320041;[0.30119214180639303;0.3282595467515778;0.48240774758084587;0.5094751525260306];0.7751134500961152;0.25
4817;0.08883169098503946;0.45424831039387925;6;0.5850930452956972;[4.550020280432443E-4;0.365871621436883;0.17720837994203567;0.5426249993508755];0.7672302794195968;0.25
904;0.97231114380604;0.43149819588731664;6;0.527959494658452;[0.8843447997152439;0.3435318517965205;1.0602774878968362;0.5194645399781127];0.7741849967823762;0.25
7687;0.2752277699330018;0.6530771962623926;6;0.5256994594290472;[0.18970591327702818;0.567555339606419;0.3607496265889754;0.7385990529183661];0.7823330014822595;0.25
5715;0.504670526311211;0.6902811565249194;6;0.40022581628594817;[0.4188912605293028;0.6045018907430112;0.5904497920931192;0.7760604223068276];0.7881474415355907;0.25
3021;0.14486816078130027;0.8794442922465286;6;0.4979962851173559;[0.05808914898944273;0.7926652804546711;0.2316471725731578;0.9662233040383862];0.7727730215619708;0.25
6024;0.07676226847821946;0.382582939072746;6;0.4145403081859369;[-0.011081775668004223;0.2947388949265223;0.16460631262444314;0.4704269832189697];0.7770415088613355;0.25
2819;0.3273100594546827;0.5522976968480231;6;0.6122948064672784;[0.2391668107683982;0.46415444816173856;0.41545330814096726;0.6404409455343076];0.7828136478438521;0.25
3977;0.01722492948539256;0.6684924708507634;6;0.5186215924366417;[-0.0713445291810644;0.5799230121843064;0.10579438815184952;0.7570619295172203];0.779012607379778;0.25
130;0.31396399979139616;0.777819910986382;6;0.5763763225509089;[0.2276848920404408;0.6915408032354267;0.40024310754235154;0.8640990187373374];0.7820753279515933;0.25
3535;0.8741510758680506;0.9755821964904052;6;0.3987845138527586;[0.7889451730234006;0.8903762936457552;0.9593569787127006;1.0607880993350554];0.7798704595303415;0.25
2502;0.2370081804983584;0.9211761235173958;6;0.5678320457724426;[0.14846112655013233;0.8326290695691697;0.32555523444658446;1.009723177465622];0.7764625250237265;0.25
8958;0.24239896602877287;0.01654413367658547;7;0.6655313760116084;[0.1529196189029946;-0.07293521344919279;0.33187831315455113;0.10602348080236373];0.772435001253461;0.25
6984;0.7058181044178922;0.5123677385016177;6;0.5335183550926572;[0.6182170491413191;0.42476668322504463;0.7934191596944652;0.5999687937781907];0.7817006091860131;0.25
9324;0.529932447428562;0.8700638585029425;6;0.46879566709332454;[0.4451395231815981;0.7852709342559786;0.614725371675526;0.9548567827499065];0.7851795368793767;0.25
8534;0.07634735067489506;0.6588429455397616;6;0.5238932545236533;[-0.011848067595071676;0.5706475272697948;0.1645427689448618;0.7470383638097284];0.7675154590418127;0.25
6696;0.5250204367395185;0.42734788464239565;6;0.4667072167539655;[0.44460644246271575;0.3469338903655929;0.6054344310163212;0.5077618789191984];0.7802146269488838;0.25
2170;0.14178573743379513;0.4967712960031644;6;0.5921348882440323;[0.05683326439652933;0.41181882296589856;0.22673821047106094;0.5817237690404302];0.7808063473610316;0.25
2100;0.9877464205643447;0.9360080549658291;6;0.46507805883627856;[0.9014547830793411;0.8497164174808255;1.0740380580493483;1.0222996924508327];0.7725276706538869;0.25
6247;0.12730601126139368;0.5403479504491941;6;0.4790660619240529;[0.03980685902035189;0.4528487982081524;0.21480516350243548;0.6278471026902359];0.7711589837315286;0.25
4498;0.4592751597656073;0.36869793397279915;6;0.5818153180546061;[0.37417222896662905;0.2835950031738209;0.5443780905645855;0.4538008647717774];0.7733165659925576;0.25
2209;0.9489464526758418;0.6486495752876125;6;0.42967532242978246;[0.8607237678628671;0.5604268904746378;1.0371691374888163;0.7368722601005872];0.7748933931058827;0.25
8182;0.15087768327309217;0.6577003055824436;5;0.5591302947698239;[0.061804848953437685;0.5686274712627891;0.23995051759274666;0.7467731399020981];0.7792120448984335;0.25
8445;0.456177115479119;0.6379741805335354;6;0.6132426528355477;[0.3689675074096045;0.5507645724640209;0.5433867235486335;0.7251837886030499];0.7736732545395466;0.25
4155;0.8714639076436599;0.6912991347688129;6;0.4443395948532758;[0.7867285455802663;0.6065637727054193;0.9561992697070535;0.7760344968322065];0.7763316774583904;0.25
5056;0.8842615088533208;0.46048813575460734;6;0.4498276013828641;[0.7984882817041625;0.3747149086054491;0.970034736002479;0.5462613629037656];0.7767082920789932;0.25
219;0.2319664281970643;0.737807820601637;6;0.5519473194803582;[0.14430355531488423;0.6501449477194569;0.31962930107924437;0.8254706934838171];0.788916214357613;0.25
6553;0.6597455013259935;0.5497612419139754;6;0.4234672089387075;[0.5758060672077837;0.46582180779576554;0.7436849354442033;0.6337006760321852];0.7685494275365912;0.25
2118;0.24145451431286924;0.8478934454305342;6;0.5401196198172821;[0.15722422662225632;0.7636631577399213;0.32568480200348215;0.9321237331211472];0.7637251287297409;0.25
7754;0.2274949787640755;0.6310301086419855;6;0.4184873230429907;[0.13720641742611173;0.5407415473040217;0.3177835401020393;0.7213186699799493];0.7732448663469577;0.25
3319;0.3388942033503698;0.2393344363245401;6;0.419191769756346;[0.24953121688267949;0.1499714498568498;0.4282571898180601;0.3286974227922304];0.7781794264902943;0.25
2418;0.7767710748534786;0.5048813355334872;6;0.44681122807190093;[0.6875728333101406;0.41568309399014924;0.8659693163968166;0.5940795770768252];0.7812454252999433;0.25
704;0.33034962129797935;0.6651084317983907;6;0.617332752055392;[0.24382978117501078;0.5785885916754222;0.41686946142094794;0.7516282719213593];0.7727439305785397;0.25
4356;0.16676376437535595;0.573719181659026;6;0.4552946957473283;[0.07651075949472672;0.48346617677839676;0.25701676925598516;0.6639721865396553];0.7780190398109896;0.25
964;0.10798706535962696;0.6567208723560374;6;0.46468722558421527;[0.019477660040082806;0.5682114670364933;0.19649647067917111;0.7452302776755815];0.7800671369779446;0.25
729;0.8048225533523228;0.7384065774702412;5;0.49019618912333507;[0.7144975320849636;0.648081556202882;0.895147574619682;0.8287315987376004];0.7750445846573807;0.25
6858;0.42182800835223944;0.7564902718104064;6;0.5219680334096178;[0.33232227318417995;0.6669845366423469;0.5113337435202989;0.8459960069784659];0.7768210323618264;0.25
2904;0.02097195975627436;0.7596435995109508;6;0.5621222614611557;[-0.06450140958617298;0.6741702301685035;0.1064453290987217;0.8451169688533982];0.7736175618559893;0.25
5048;0.04366481484813767;0.8313376897883004;6;0.5874232320791996;[-0.03983616478185621;0.7478367101583064;0.12716579447813153;0.9148386694182943];0.7773451971944166;0.25
4242;0.11047106172909044;0.25685033052851103;6;0.5171661830485849;[0.02063020681882985;0.16700947561825044;0.20031191663935102;0.34669118543877164];0.7799137684933503;0.25
386;0.5006716283549795;0.412415970823343;6;0.5376440741313284;[0.4135320235459564;0.32527636601432;0.5878112331640025;0.4995555756323661];0.7745105646565684;0.25
6398;0.5273768358169941;0.20934818221052764;6;0.6157564216840338;[0.4401881763583042;0.12215952275183774;0.614565495275684;0.29653684166921757];0.781135372226771;0.25
9938;0.4930978139024293;0.8066698499728704;6;0.5211406543933127;[0.40762136849259895;0.72119340456304;0.5785742593122596;0.8921462953827007];0.7798049471571568;0.25
1223;0.7484864299205665;0.806709179024179;6;0.46900758838162404;[0.6633345421473177;0.7215572912509303;0.8336383176938152;0.8918610667974278];0.7768272222436724;0.25
4510;0.6790013705800134;0.46008507005498206;6;0.41101515579645564;[0.5908396867709591;0.3719233862459277;0.7671630543890677;0.5482467538640364];0.7741510518384189;0.25
2324;0.16073125805228622;0.68694985606057;6;0.49541617048608105;[0.0742817112911833;0.6005003092994671;0.24718080481338914;0.773399402821673];0.7811415333000629;0.25
693;0.36931158585880125;0.24179884627760884;6;0.5992455350386695;[0.2846891954108478;0.15717645582965536;0.4539339763067547;0.32642123672556234];0.7698237218623848;0.25
5901;0.5459997082065702;0.037501671070599873;6;0.5127407871143804;[0.4620441169658016;-0.04645392017016871;0.6299552994473387;0.12145726231136846];0.7810011915260351;0.25
6689;0.008519102977697202;0.3987140381587663;6;0.6762891029888504;[-0.08088493629734786;0.30930999888372124;0.09792314225274226;0.4881180774338114];0.7803184387071831;0.25
2089;0.3689206425511369;0.4721686659016787;6;0.5244323182500946;[0.2824669219927454;0.38571494534328726;0.45537436310952834;0.5586223864600702];0.767884914450486;0.25
6198;0.6203641958713488;0.44638588033093873;6;0.38922582555855656;[0.5332816482365372;0.3593033326961271;0.7074467435061604;0.5334684279657504];0.7796373407424483;0.25
4550;0.6996533658266856;0.7416199964898125;5;0.4781740627918726;[0.6104993777710279;0.6524660084341548;0.7888073538823432;0.8307739845454701];0.7792810024578112;0.25
6893;0.2370149650001429;0.30899395308309807;6;0.5819581914765521;[0.14592524963978049;0.21790423772273565;0.32810468036050533;0.4000836684434605];0.7714748176897538;0.25
6043;0.2048356572298104;0.7707753776831409;5;0.43644169018719275;[0.117116958729005;0.6830566791823355;0.2925543557306158;0.8584940761839462];0.7687385654271669;0.25
6408;0.0665236540605687;0.5013776721776135;6;0.5740492338422575;[-0.022767387664507602;0.41208663045253724;0.155814695785645;0.5906687139026898];0.7811745120954451;0.25
1901;0.20057767220901476;0.713807139909026;5;0.4405307364673172;[0.11094884154441546;0.6241783092444267;0.29020650287361405;0.8034359705736253];0.7741580318531822;0.25
5562;0.31379369437624405;0.9564296427791403;6;0.6222542218859868;[0.22595164031329992;0.8685875887161962;0.40163574843918814;1.0442716968420844];0.7725966613923182;0.25
4180;0.97377931420707;0.9464165666131507;6;0.5487234554616955;[0.8824683307994537;0.8551055832055344;1.0650902976146863;1.037727550020767];0.7764481233384647;0.25
8339;0.1917767564706368;0.5291152337262068;6;0.62675774640582;[0.10295043069302831;0.4402889079485983;0.28060308224824526;0.6179415595038154];0.7805320033941572;0.25
4048;0.5494378971910074;0.7572129719577837;7;0.5511386324500983;[0.46034135519434016;0.6681164299611164;0.6385344391876747;0.846309513954451];0.7771271638837489;0.25
4482;0.7153335007313574;0.8911424737690448;6;0.6709716338407887;[0.6256429313566091;0.8014519043942965;0.8050240701061057;0.980833043143793];0.7707883636424984;0.25
2617;0.3310327501361479;0.7443285405230291;6;0.3156872762768302;[0.2456351324725946;0.6589309228594759;0.4164303677997012;0.8297261581865824];0.7681960393102465;0.25
3578;0.001440458772829556;0.3161868967642947;6;0.5153928870132236;[-0.08759899808975914;0.227147439901706;0.09047991563541825;0.40522635362688336];0.7710639254724816;0.25
3754;0.5467892195770638;0.5967503477253746;6;0.30818619810919656;[0.46049922158232964;0.5104603497306404;0.6330792175717981;0.6830403457201089];0.7783625981648326;0.25
1455;0.27543827194153464;0.9025181277313961;6;0.4252237933794827;[0.18601230989661546;0.8130921656864769;0.36486423398645385;0.9919440897763152];0.7743360772639027;0.25
7357;0.09707745309340629;0.5463798926945618;6;0.5378454727726378;[0.013310984740741355;0.46261342434189684;0.18084392144607123;0.6301463610472267];0.7746408378605891;0.25
5590;0.36857398289014126;0.7041515910202594;6;0.4287427120738343;[0.27859997505167644;0.6141775831817946;0.4585479907286061;0.7941255988587241];0.7795075260181319;0.25
583;0.38173182398971583;0.8764283135251015;6;0.5693523518593222;[0.29451137604153244;0.7892078655769181;0.46895227193789923;0.9636487614732849];0.7704278075158111;0.25
1765;0.045409261271231044;0.4417188015124932;5;0.5471260599855748;[-0.03965577503651027;0.3566537652047519;0.13047429757897236;0.5267838378202345];0.7720188431165961;0.25
2570;0.37428927533920275;0.5445987010063533;6;0.41844523402362993;[0.2842475965660208;0.45455702223317135;0.46433095411238473;0.6346403797795352];0.7661192451241773;0.25
2101;0.4447495330647515;0.6604984492421302;6;0.6829652982239175;[0.3564198320849221;0.5721687482623008;0.5330792340445809;0.7488281502219596];0.7774644048968238;0.25
4689;0.44346443749898007;0.8972653666716741;6;0.3682477365069611;[0.35587852221451;0.8096794513872041;0.5310503527834501;0.9848512819561441];0.7770172812364937;0.25
1193;0.41527901268303324;0.14724826480358844;6;0.5284591764407025;[0.3238013902622472;0.05577064238280241;0.5067566351038193;0.23872588722437446];0.7773428981063557;0.25
1519;0.706505985274333;0.9349342936922226;6;0.43236206564299257;[0.6198301257092956;0.8482584341271853;0.7931818448393703;1.02161015325726];0.7671348755865879;0.25
5492;0.5827005526834581;0.7678873217493223;6;0.5680977418997808;[0.49961592943797095;0.6848026985038351;0.6657851759289453;0.8509719449948094];0.7781031866005435;0.25
7496;3.5190490667413865E-5;0.8849154248970135;6;0.5179187467111009;[-0.0873566427349404;0.7975235916714056;0.08742702371627523;0.9723072581226213];0.7749769210507176;0.25
6328;0.8396823218834023;0.9412669284988047;6;0.36685971694042296;[0.748927645423938;0.8505122520393404;0.9304369983428666;1.032021604958269];0.7736798393844713;0.25
3501;0.42453907361763243;0.3661713801230173;6;0.41537428680712996;[0.3376225809673902;0.27925488747277505;0.5114555662678747;0.45308787277325957];0.7794668582673276;0.25
914;0.29208938827164854;0.9349258962609583;6;0.5453983422843948;[0.20030191383480767;0.8431384218241175;0.3838768627084894;1.026713370697799];0.7675612198278134;0.25
9730;0.2925639426467489;0.6202482191383233;6;0.5600959663251245;[0.20223570661398904;0.5299199831055634;0.38289217867950875;0.7105764551710831];0.7729494434599303;0.25
8497;0.4647859059229309;0.6750939701061436;6;0.5642199898368553;[0.3808431920062561;0.5911512561894687;0.5487286198396057;0.7590366840228184];0.7764069214267509;0.25
9884;0.5004370684921176;0.754096714769896;6;0.6381625375195393;[0.41722585603016543;0.670885502307944;0.5836482809540696;0.8373079272318481];0.7641042066217143;0.25
3234;0.5581748718146837;0.5585570663708406;6;0.47626956964676337;[0.46556736182929315;0.46594955638545;0.6507823818000743;0.6511645763562312];0.7730349569305042;0.25
3474;0.3080124753291484;0.4848851812320145;6;0.47942359645930904;[0.22392259934641962;0.40079530524928575;0.39210235131187715;0.5689750572147433];0.7778584158067068;0.25
9850;0.5600279504659398;0.6993627900844376;6;0.40010483857536583;[0.47312659618219566;0.6124614358006935;0.6469293047496839;0.7862641443681817];0.7760634017499662;0.25
2126;0.7734786196158223;0.9521961882967841;6;0.5361400458162912;[0.6871002920501745;0.8658178607311363;0.8598569471814701;1.038574515862432];0.7683009688598355;0.25
7541;0.4476615899214859;0.7863202008992709;7;0.6733424217372446;[0.35901517874279226;0.6976737897205773;0.5363080011001795;0.8749666120779646];0.7769846165557788;0.25
9807;0.19933483316398684;0.8843140167359609;6;0.445318420162634;[0.11447061843329802;0.799449802005272;0.28419904789467565;0.9691782314666497];0.7737098203758989;0.25
6063;0.28455235692139985;0.6990507385203297;6;0.49577108091956085;[0.19409787364742837;0.6085962552463583;0.37500684019537134;0.7895052217943012];0.7816654887482085;0.25
4428;0.4143665166215319;0.734854829748899;6;0.44670170001064613;[0.32885842336476817;0.6493467364921353;0.49987460987829563;0.8203629230056628];0.7786753656495989;0.25
6930;0.43673415099738205;0.19720182614388182;5;0.27690345833172975;[0.3498101839502453;0.1102778590967451;0.5236581180445188;0.28412579319101855];0.775771337974485;0.25
6701;0.20954500602803117;0.3531414739315783;6;0.46419992501960616;[0.11959518033337055;0.26319164823691765;0.29949483172269176;0.44309129962623894];0.7801477334506008;0.25
7384;0.42327684827999196;0.7367425539281834;6;0.45252892895713515;[0.33655264948219515;0.6500183551303866;0.5100010470777887;0.8234667527259802];0.7776402161182;0.25
1045;0.5435274284076762;0.35870207357018263;6;0.5323831488227457;[0.4608050386218546;0.275979683784361;0.6262498181934978;0.44142446335600427];0.7746555039776206;0.25
9229;0.2388647300842252;0.5277161493714229;6;0.5039764816861467;[0.14939175721757786;0.4382431765047755;0.32833770295087256;0.6171891222380702];0.7774954253779873;0.25
3859;0.3793669446008058;0.8286983810009494;6;0.5643076034144356;[0.28839342144505964;0.7377248578452033;0.4703404677565519;0.9196719041566955];0.7788700862694656;0.25
2419;0.6509639573687784;0.5124452563577;6;0.6119925365783127;[0.5626633679316522;0.4241446669205738;0.7392645468059047;0.6007458457948263];0.7703404990487981;0.25
3141;0.20380544349538898;0.925694122030495;6;0.41882400667635167;[0.11699125815216178;0.8388799366872678;0.2906196288386162;1.0125083073737222];0.7756616882796672;0.25
6561;0.9589561205770868;0.963391776664972;6;0.4439379032394682;[0.8729419068701701;0.8773775629580554;1.0449703342840035;1.0494059903718886];0.7722587105326885;0.25
2473;0.6800089733881642;0.6112060061153837;6;0.4303592568134527;[0.5935223604251112;0.5247193931523306;0.7664955863512173;0.6976926190784367];0.764691596648365;0.25
3317;0.49765415566586657;0.6390656700889141;6;0.3883251557094475;[0.4153562000670129;0.5567677144900605;0.5799521112647202;0.7213636256877678];0.7666005408075844;0.25
1141;0.07090173504173092;0.515360735710097;6;0.6077106514552773;[-0.01571301217827034;0.4287459884900957;0.15751648226173218;0.6019754829300983];0.7740504910063873;0.25
8739;0.8833765573243929;0.994220005428812;6;0.5325454180908749;[0.7957648259043587;0.9066082740087777;0.9709882887444271;1.0818317368488461];0.7697766075713455;0.25
615;0.6526251468444966;0.400156203314795;6;0.3749348110238015;[0.5622475721231053;0.3097786285934037;0.7430027215658879;0.4905337780361863];0.7796532916589983;0.25
3483;0.39601728115893375;0.5507208382546613;6;0.4902464043904285;[0.3088281235574138;0.4635316806531414;0.4832064387604537;0.6379099958561814];0.7763035495788245;0.25
9414;0.3684545342248585;0.691754784771742;6;0.6198782608674052;[0.28121858792329923;0.6045188384701827;0.4556904805264178;0.7789907310733013];0.7651993504419468;0.25
3178;0.3246949431439003;0.33030165479963114;6;0.6051039366979433;[0.23477332002722412;0.24038003168295496;0.41461656626057647;0.4202232779163073];0.7790617618399047;0.25
