1463;0.15554820556469998;0.36275821944145814;6;0.7104589973389062;[0.06914628236621972;0.27635629624297786;0.24195012876318023;0.4491601426399384];0.7876481775361065;0.25
4352;0.08254067821206718;0.35209564479308486;6;0.6313360890817685;[-0.004356080584825353;0.26519888599619235;0.1694374370089597;0.4389924035899774];0.7740244757550041;0.25
1095;0.0248461719247558;0.5941483716378795;6;0.6294836774907107;[-0.05681324934661611;0.5124889503665075;0.1065055931961277;0.6758077929092514];0.7707554297284583;0.25
3934;0.7931409079199974;0.600395919628889;6;0.5916417339331413;[0.700717483757047;0.5079724954659387;0.8855643320829477;0.6928193437918394];0.7743986707352266;0.25
8584;0.7236135293113097;0.18418362103199212;6;0.566122318602573;[0.6401185152211333;0.10068860694181564;0.8071085434014862;0.2676786351221686];0.7811772290975028;0.25
6729;0.36121794628968207;0.3945291422998197;6;0.5031517365325712;[0.27165327729294353;0.3049644733030812;0.4507826152864206;0.48409381129655826];0.7708381264593646;0.25
4829;0.7142775268368144;0.1534339696754584;6;0.7560900452403085;[0.6270672605374492;0.06622370337609318;0.8014877931361797;0.2406442359748236];0.7824667710318557;0.25
7752;0.2800102960180396;0.5035425799100735;6;0.4416347766744526;[0.19328159020563185;0.4168138740976657;0.3667390018304474;0.5902712857224812];0.7746031328456847;0.25
4824;0.437178256176473;0.008535848724699424;5;0.6327398945253427;[0.3542718250260514;-0.07437058242572216;0.5200846873268946;0.091442279875121];0.7831967363687635;0.25
1446;0.3644792317956822;0.5876506257440206;6;0.4028108300813532;[0.27810175162689993;0.5012731455752384;0.4508567119644645;0.6740281059128028];0.7753993408183165;0.25
8735;0.012663784427187241;0.5286517432426829;6;0.5163942539095506;[-0.07600074206660609;0.43998721674888963;0.10132831092098057;0.6173162697364762];0.7729580738960341;0.25
5882;0.18575780535749015;0.2949988120468502;6;0.6828500521581946;[0.09510599064449504;0.20434699733385508;0.27640962007048525;0.3856506267598453];0.7688658591793994;0.25
4437;0.7443903914291099;0.29079360832448076;7;0.4887054684723925;[0.6550856783879506;0.20148889528332148;0.8336951044702692;0.38009832136564004];0.7741397389960202;0.25
8008;0.6463428360054686;0.20335961505101693;6;0.5193142379261548;[0.5636945474682291;0.12071132651377739;0.7289911245427081;0.28600790358825645];0.7768112635947435;0.25
7758;0.4166862317498268;0.31659377702246416;6;0.5703667776417856;[0.3320229105694825;0.23193045584211994;0.501349552930171;0.4012570982028084];0.7817140223304414;0.25
5042;0.07118292113052777;0.23508091606727347;6;0.5032333669987804;[-0.014949033496258896;0.1489489614404868;0.15731487575731443;0.3212128706940601];0.7702719917799247;0.25
8344;0.5018495975498647;0.6081412375725033;6;0.6492930940387044;[0.4155062101125083;0.5217978501351469;0.5881929849872211;0.6944846250098596];0.7652596332252062;0.25
9412;0.8608824457763403;0.6213919796784815;6;0.2665395488976572;[0.7671223453507781;0.5276318792529193;0.9546425462019026;0.7151520801040436];0.7792631561081481;0.25
1935;0.8900513452607718;0.8869192681579857;6;0.46111868984979665;[0.8006821655589691;0.797550088456183;0.9794205249625745;0.9762884478597884];0.780117295705246;0.25
2954;0.17351011693401097;0.8424960181144989;6;0.5913255963066181;[0.085708875592557;0.754694776773045;0.2613113582754649;0.9302972594559529];0.7813486658277271;0.25
8106;0.1580911761617753;0.049622882563001625;6;0.433177328666706;[0.07004515127612916;-0.0384231423226445;0.24613720104742143;0.13766890744864774];0.7735130373572329;0.25
4354;0.4718579284297646;0.3135410108937987;6;0.4196492926425541;[0.38300528444906345;0.22468836691309757;0.5607105724104657;0.40239365487449985];0.7836344591680915;0.25
4433;0.27804379890540953;0.7529237928047449;6;0.29642784451153936;[0.19001248502331847;0.6648924789226538;0.3660751127875006;0.8409551066868359];0.777009502022454;0.25
2717;0.6758550814911869;0.5560621204807562;6;0.6042096229388575;[0.5873027696542821;0.46750980864385144;0.7644073933280917;0.644614432317661];0.7836676713543226;0.25
7728;0.5957482828333835;0.38277998649175965;6;0.5286849027475036;[0.505713851163963;0.2927455548223391;0.6857827145028041;0.4728144181611802];0.7705984538625774;0.25
3223;0.49492481180234216;0.28576698617427015;6;0.44827477480796823;[0.40478377208193317;0.1956259464538612;0.5850658515227511;0.3759080258946791];0.7707355248523963;0.25
2549;0.39841065482668203;0.49395924479999115;6;0.5427533871983512;[0.3105882973177524;0.4061368872910615;0.48623301233561167;0.5817816023089208];0.775602284976657;0.25
5893;0.7886055753999566;0.10093326426284589;6;0.5170761856520357;[0.7060459868589476;0.018373675721836943;0.8711651639409655;0.18349285280385486];0.7735949642170068;0.25
6262;0.2076676432336559;0.46838527465636454;6;0.6174232333398089;[0.12151616708076199;0.3822337985034706;0.2938191193865498;0.5545367508092585];0.7858860836483024;0.25
4730;0.9465474682228961;0.25214983914877287;6;0.49935060415563776;[0.8593855820483669;0.16498795297424362;1.0337093543974254;0.3393117253233021];0.7858648508406753;0.25
7917;0.12710391529986076;0.12988689904023681;6;0.539669016940069;[0.04077867140735211;0.04356165514772817;0.2134291591923694;0.21621214293274546];0.7706480969469883;0.25
3954;0.016266181001367674;0.04704198260356676;6;0.6964964552453401;[-0.07553196051209257;-0.044756158909893484;0.10806432251482792;0.138840124117027];0.7756710694761013;0.25
6768;0.034097419319534694;0.2877680841254713;6;0.49798151032726645;[-0.056001353475737384;0.19766931133019922;0.12419619211480677;0.37786685692074334];0.7714972133575333;0.25
8872;0.8054574399295972;0.0028713565141076647;6;0.5979505408850997;[0.7177106643474158;-0.08487541906807373;0.8932042155117785;0.09061813209628906];0.7764385144567535;0.25
7567;0.16247426889880467;0.2060025126312392;6;0.5971227464643676;[0.0722592803004637;0.11578752403289823;0.25268925749714566;0.2962175012295802];0.7809061294662559;0.25
912;0.4687916763285177;0.666029882605454;6;0.6803247300608805;[0.3812776938401404;0.5785159001170767;0.5563056588168951;0.7535438650938314];0.7757218412075163;0.25
6735;0.24035485272370471;0.040518391123155056;6;0.5446968458202377;[0.14707353137004753;-0.05276293023050213;0.3336361740773619;0.13379971247681224];0.7712849011629614;0.25
5497;0.3249930694662016;0.12913836799188327;6;0.4255892474207138;[0.24205039098140924;0.046195689507090895;0.40793574795099397;0.21208104647667564];0.7674734602034776;0.25
9989;0.8259544857983669;0.6008628626358681;6;0.4672488515652174;[0.7401677675604783;0.5150761443979794;0.9117412040362556;0.6866495808737567];0.7771192013316168;0.25
958;0.6464658000943568;0.9550634834954365;6;0.48811787117929945;[0.562619657316825;0.8712173407179046;0.7303119428718887;1.0389096262729685];0.7676728946428426;0.25
4318;0.48017794385487744;0.0699343147439338;6;0.44953174632230763;[0.39305991720553307;-0.017183711905410556;0.5672959705042218;0.15705234139327817];0.7767055688398911;0.25
4555;0.012797310900173886;0.8363251731580477;6;0.5172761962770464;[-0.07509083971878819;0.7484370225390856;0.10068546151913596;0.9242133237770097];0.7805695639880705;0.25
303;0.41899169973191386;0.3063388585345377;6;0.5314386085243921;[0.3297734163494204;0.21712057515204425;0.5082099831144072;0.3955571419170311];0.7755829620115273;0.25
7203;0.8389308677289877;0.539204754863067;6;0.46673393956323755;[0.7511255393443649;0.4513994264784441;0.9267361961136106;0.6270100832476898];0.783711482067763;0.25
2726;0.4429230064397829;0.36984797775914524;6;0.4704035121949796;[0.35455807137935175;0.2814830426987141;0.531287941500214;0.4582129128195764];0.7774521163834351;0.25
8841;0.8103226433093731;0.3753331767461099;6;0.6604612851232906;[0.7208490444255545;0.2858595778622913;0.8997962421931917;0.46480677562992845];0.7760047087726181;0.25
6521;0.35637755935849513;0.40238562958489343;6;0.6697816551523659;[0.2663217480604222;0.3123298182868205;0.4464333706565681;0.4924414408829664];0.7711521720778516;0.25
5997;0.29963769553565134;0.20393122260299507;6;0.4696505550547516;[0.21028843252840515;0.11458195959574888;0.38898695854289755;0.2932804856102412];0.7738719909324718;0.25
9645;0.20472534979270401;0.6219476240010711;6;0.5330208268735218;[0.11321546819463879;0.5304377424030058;0.29623523139076924;0.7134575055991363];0.7777009594296254;0.25
5513;0.6691356302136454;0.9987691194351681;6;0.6167445391375118;[0.583665991761258;0.9132994809827807;0.7546052686660328;1.0842387578875554];0.7739457554000846;0.25
6251;0.03024566423085817;0.4426310890607781;6;0.3438680068769496;[-0.05508557486571826;0.35729984996420167;0.1155769033274346;0.5279623281573546];0.776912122461115;0.25
8772;0.3909766223709969;0.09362841603315694;6;0.5738716687045095;[0.3044178948352084;0.007069688497368443;0.47753534990678537;0.18018714356894544];0.7886685097300703;0.25
9845;0.24735189999115573;0.28409624647889686;6;0.4274566044806309;[0.16026482926124405;0.1970091757489852;0.33443897072106743;0.37118331720880854];0.7751282420847424;0.25
6154;0.4347348984657451;0.28119863976860565;6;0.5796126191787675;[0.35000561009625336;0.19646935139911392;0.5194641868352368;0.3659279281380974];0.7825579014445958;0.25
9892;0.8987908336508045;0.2945700529097802;6;0.6820633879817537;[0.8094800284527734;0.2052592477117492;0.9881016388488355;0.38388085810781125];0.775853121259758;0.25
6334;0.013747391725032143;0.20539429442734922;6;0.3956468102091933;[-0.07679993292094328;0.11484696978137379;0.10429471637100757;0.2959416190733246];0.7696449475953159;0.25
4330;0.13094711845677645;0.3747768862095028;6;0.49698879322047074;[0.044597569043955704;0.28842733679668203;0.2172966678695972;0.4611264356223235];0.7743259261709001;0.25
175;0.9434238512090007;0.8321262032107228;6;0.5018812047413691;[0.8538124820414507;0.7425148340431728;1.033035220376551;0.9217375723782729];0.7755306887950268;0.25
8895;0.554838478229836;0.03191998546733332;6;0.5370331673095083;[0.4634553074583732;-0.05946318530412949;0.6462216490012989;0.12330315623879613];0.778161509119476;0.25
5144;0.4248198246491894;0.436974619179023;6;0.6116387285032641;[0.33598197797974394;0.3481367725095776;0.5136576713186348;0.5258124658484684];0.7740991631864029;0.25
8646;0.5300259467834489;0.7976830271790705;6;0.5926578667002764;[0.44415940286911426;0.7118164832647358;0.6158924906977836;0.8835495710934052];0.7777867708906935;0.25
8915;0.04609945672719712;0.4643007409936628;6;0.4526608703114451;[-0.044416116098595096;0.3737851681678706;0.13661502955298932;0.5548163138194551];0.7679890324311344;0.25
8009;0.8008834005636871;0.5022294414291284;6;0.45719098058312985;[0.713971809174156;0.41531785003959737;0.8877949919532182;0.5891410328186595];0.7740329993062549;0.25
9885;0.5954357699480685;0.9243949836893197;6;0.49010913399357503;[0.5093618961962088;0.83832110993746;0.6815096436999282;1.0104688574411795];0.7714356887558997;0.25
396;0.8159488410997051;0.20771220615591096;7;0.6166203556552522;[0.730765098855054;0.12252846391125985;0.9011325833443562;0.2928959484005621];0.7774500642834428;0.25
8841;0.3097773638643255;0.6094768712597383;6;0.6604612851232906;[0.22346865886052203;0.5231681662559348;0.3960860688681289;0.6957855762635418];0.7760047087726181;0.25
4666;0.5725965552856317;0.09200197262619265;6;0.5969616661180073;[0.48777948255332026;0.007184899893881255;0.6574136280179431;0.17681904535850407];0.7623768515098692;0.25
380;0.2061201434625995;0.15704253070194657;6;0.4278406406889225;[0.11632539793781986;0.06724778517716694;0.2959148889873791;0.2468372762267262];0.7692622894013432;0.25
5072;0.8140292810199059;0.12347921770890112;6;0.41048808790096797;[0.7265954242075292;0.03604536089652448;0.9014631378322826;0.21091307452127778];0.7852105565454439;0.25
860;0.5104232197108315;0.7964607129707169;6;0.4979509367795079;[0.42219709301533415;0.7082345862752195;0.5986493464063288;0.8846868396662142];0.7791744886248457;0.25
149;0.3721208081387509;0.23359660696548362;6;0.4035328783605529;[0.2824668376849904;0.14394263651172312;0.4617747785925114;0.3232505774192441];0.769151023336825;0.25
4716;0.9374447683511185;0.16539070409617013;6;0.4773393487001733;[0.8486917261652214;0.07663766191027299;1.0261978105370155;0.25414374628206726];0.7853769417079807;0.25
3420;0.6247263393037229;0.14591893736283443;6;0.7334314149355345;[0.5337815771525479;0.05497417521165948;0.7156711014548979;0.23686369951400937];0.7675876623837509;0.25
3418;0.1124406898691512;0.32293301276680875;6;0.4892293574301027;[0.025369434523007148;0.23586175742066467;0.19951194521529525;0.4100042681129528];0.7776241441577065;0.25
8591;0.6566155699125104;0.2130993795740773;5;0.495885392156452;[0.5698481503344597;0.12633195999602664;0.743382989490561;0.29986679915212794];0.776909435634048;0.25
8999;0.43224154527950487;0.03445104137569735;6;0.29782956763072144;[0.3433219588306221;-0.05446854507318538;0.5211611317283876;0.12337062782458008];0.7729564097320003;0.25
8164;0.891618454539764;0.5548672611104488;6;0.5488550382653943;[0.8058961902315129;0.4691449968021978;0.977340718848015;0.6405895254186998];0.7693750486238456;0.25
4016;0.9041906718017725;0.4486602077662381;6;0.3786543672899705;[0.8157320887193978;0.36020162468386346;0.9926492548841471;0.5371187908486128];0.7742117213607131;0.25
6696;0.45518838577062803;0.7652973278382599;6;0.4667072167539655;[0.36966053973959506;0.679769481807227;0.540716231801661;0.8508251738692928];0.7802146269488838;0.25
4852;0.20964963073761145;0.5488098237112499;6;0.45639562300830794;[0.11999800844803249;0.4591582014216709;0.2993012530271904;0.6384614460008289];0.7807223031566912;0.25
6025;0.5075160705484447;0.12621582240570217;5;0.29941455386558;[0.41886654072847557;0.03756629258573303;0.5961656003684138;0.21486535222567132];0.7821086305296606;0.25
689;0.5361531951440341;0.5514682813101567;6;0.6799127089830168;[0.44305114746947394;0.4583662336355965;0.6292552428185944;0.6445703289847169];0.7737054194968647;0.25
9327;0.5331044474405369;0.022877166037893137;6;0.26585130165735193;[0.4458014537856682;-0.0644258276169755;0.6204074410954055;0.11018015969276178];0.7774165063688532;0.25
6659;0.18335556871540903;0.6745594872085884;7;0.39351610202480125;[0.0943223248205804;0.5855262433137598;0.2723888126102377;0.763592731103417];0.7703932065399265;0.25
2694;0.8136923254625155;0.12025754648760259;6;0.5534618808102854;[0.7273407451463099;0.03390596617139699;0.9000439057787211;0.2066091268038082];0.7747732051189125;0.25
1337;0.38955028425874916;0.15455138932963128;6;0.45019872472247174;[0.30191746803209585;0.06691857310297794;0.47718310048540247;0.24218420555628462];0.768133491917444;0.25
4190;0.30568376307674777;0.5303436765306684;6;0.5319988757658101;[0.21856558155972083;0.44322549501364145;0.3928019445937747;0.6174618580476953];0.7643544889153343;0.25
2978;0.20508753718515732;0.7425410910626699;7;0.4707987670024139;[0.12138856429510356;0.6588421181726161;0.28878651007521106;0.8262400639527236];0.779783706441227;0.25
8664;0.9567379088077964;0.2474161283155203;6;0.6530833236675864;[0.8691788300055403;0.15985704951326418;1.0442969876100525;0.3349752071177764];0.770099064550211;0.25
2225;0.20091785763460707;0.1591379855006296;6;0.46850666425164317;[0.11469119876046308;0.07291132662648561;0.28714451650875106;0.2453646443747736];0.7768448583422363;0.25
2544;0.03771635944509549;0.42705822189095094;5;0.4411545623720909;[-0.05508350301667332;0.33425835942918214;0.1305162219068643;0.5198580843527197];0.7730811599151358;0.25
1373;0.6844644670268846;0.7526132251978687;5;0.6882930638470701;[0.5966511509390782;0.6647999091100623;0.772277783114691;0.8404265412856751];0.7775384164326353;0.25
6980;0.27313911055523776;0.37240213697042013;6;0.4999627917424199;[0.18228982530306986;0.28155285171825223;0.36398839580740566;0.463251422222588];0.7757732256632608;0.25
4462;0.48623829497021076;0.2626954017295344;6;0.3864164911144058;[0.39906015751709256;0.17551726427641617;0.573416432423329;0.34987353918265257];0.773031824435139;0.25
6896;0.5355750190465881;0.43757092500430894;6;0.5170774521562761;[0.4452186540875049;0.3472145600452257;0.6259313840056713;0.5279272899633922];0.7707273541106802;0.25
7678;0.03882905844973994;0.17605818279448665;6;0.5262504655955763;[-0.04852532042924554;0.08870380391550117;0.12618343732872542;0.26341256167347216];0.7744262966538789;0.25
3575;0.7085543121721074;0.2623058116225657;6;0.42892048507478625;[0.6227381753865999;0.1764896748370583;0.7943704489576149;0.34812194840807315];0.7752827370490964;0.25
142;0.04453643908716365;0.7779413746061328;6;0.4728541149619865;[-0.047545616417638645;0.6858593191013305;0.13661849459196596;0.8700234301109351];0.7823133958409234;0.25
8007;0.8715651904762465;0.17809070359061935;7;0.45019103112639786;[0.7806705300792505;0.08719604319362331;0.9624598508732425;0.2689853639876154];0.768592589314213;0.25
3360;0.8728919442372572;0.19512626335952366;6;0.29172564889610375;[0.7842669800794767;0.10650129920174313;0.9615169083950378;0.2837512275173042];0.7760766728517798;0.25
9261;0.13400434370039194;0.13980935014826834;6;0.3741690899277658;[0.045527395054662675;0.05133240150253908;0.22248129234612118;0.2282862987939976];0.768908549645686;0.25
7713;0.25493390418206324;0.4128290179276633;6;0.5679834088903513;[0.16760023714993308;0.32549535089553316;0.3422675712141934;0.5001626849597934];0.7782251261741432;0.25
3416;0.4703073797042122;0.030103359542594132;6;0.548114412798691;[0.3829813135361516;-0.05722270662546648;0.5576334458722728;0.11742942571065475];0.7737866569945997;0.25
9563;0.6669973307476116;0.07210817032706182;6;0.5590212710821182;[0.5765363447157273;-0.018352815704822417;0.7574583167794958;0.16256915635894606];0.7746042341825167;0.25
535;0.29228796376220945;0.3189735808987983;6;0.662589210802901;[0.20752251221227502;0.23420812934886387;0.37705341531214387;0.4037390324487327];0.7820714752451614;0.25
6759;0.39765755773805256;0.6453762736990287;6;0.5444629518543493;[0.31165416562754045;0.5593728815885166;0.48366094984856467;0.7313796658095408];0.7726360532758718;0.25
9142;0.38604338266825083;0.2880848873939491;6;0.4507755906026656;[0.302276616584119;0.20431812130981722;0.4698101487523827;0.371851653478081];0.7722625589073593;0.25
5156;0.07711809534591166;0.752790165130225;6;0.6264240120858009;[-0.010551165192132395;0.665120904592181;0.1647873558839557;0.840459425668269];0.7846508691744567;0.25
1990;0.5817818315273837;0.002978606341045187;6;0.4895477107601318;[0.4947066390422297;-0.0840965861441088;0.6688570240125377;0.09005379882619917];0.7682333616989023;0.25
1039;0.6224495427859851;0.6587877759485956;5;0.5187700409076;[0.538275822950785;0.5746140561133956;0.7066232626211851;0.7429614957837957];0.7744284131431012;0.25
1094;0.2730233543510622;0.3732827132324815;6;0.5306904808533728;[0.18575012267515373;0.2860094815565731;0.3602965860269706;0.46055594490838997];0.7767513591612496;0.25
7818;0.848490263181278;0.07560314730146091;6;0.6077425774369845;[0.7598835635374235;-0.013003552342393601;0.9370969628251324;0.16420984694531543];0.767183498199365;0.25
1673;0.5415493405190441;0.778978667404458;6;0.7031101889734446;[0.45509494320260474;0.6925242700880186;0.6280037378354835;0.8654330647208973];0.7797513201557787;0.25
7294;0.43147580583083733;0.4559206575887427;6;0.5474216872961868;[0.34404833711816174;0.3684931888760671;0.5189032745435129;0.5433481263014183];0.7760201160233002;0.25
3431;0.9199479969176253;0.24493761414298715;6;0.5146852856411873;[0.8340312063897828;0.1590208236151446;1.0058647874454678;0.3308544046708297];0.7725584944550954;0.25
1295;0.5688332698518274;0.6078963890083973;6;0.3982025154433715;[0.4786566975751909;0.5177198167317608;0.6590098421284638;0.6980729612850337];0.7700952694615982;0.25
7864;0.1255718046984338;0.8058180018423029;6;0.4611223434060895;[0.04205417618123422;0.7223003733251033;0.20908943321563336;0.8893356303595025];0.7769973433966969;0.25
1712;0.8728549499000022;0.1682077092035726;6;0.6040396386411219;[0.7836661112170488;0.0790188705206191;0.9620437885829557;0.2573965478865261];0.7724075256940822;0.25
91;0.1624482754662998;0.19521185469426952;6;0.4455286445088052;[0.07414548469123654;0.10690906391920625;0.25075106624136306;0.2835146454693328];0.7741856990056414;0.25
8472;0.9598223469038978;0.626488339168457;6;0.36495504742171847;[0.869790391373074;0.5364563836376333;1.0498543024347216;0.7165202946992808];0.7622904669896027;0.25
1810;0.3627456721588883;0.49267307038591446;6;0.4821713290975712;[0.2752669727532717;0.40519437098029787;0.4502243715645049;0.580151769791531];0.7810078479871756;0.25
8401;0.3481636338114561;0.1708802610690642;6;0.4486841367483984;[0.2577617452773739;0.080478372534982;0.4385655223455383;0.26128214960314644];0.7808055193273544;0.25
7384;0.33327287107889897;0.24488770700583024;6;0.45252892895713515;[0.24228398739373475;0.153898823320666;0.4242617547640632;0.33587659069099446];0.7776402161182;0.25
5322;0.3696396290351804;0.004102349373221459;6;0.4033227340663291;[0.28202687919929015;-0.0835104004626688;0.4572523788710706;0.09171509920911172];0.7727699375737195;0.25
9541;0.06829655650781988;0.8002949128290339;6;0.37692336748634814;[-0.016556074380076183;0.7154422819411378;0.15314918739571592;0.8851475437169299];0.7797361703309805;0.25
6095;0.3562415186552686;0.3263080663309391;6;0.4706294341839253;[0.26831365254759554;0.23838020022326606;0.44416938476294165;0.4142359324386122];0.7699294703637031;0.25
3709;0.5447506273535159;0.20030041707322002;6;0.5075703575293742;[0.456102707931314;0.11165249765101817;0.6333985467757177;0.28894833649542184];0.777231281152927;0.25
1882;0.01722744160309736;0.31951341124299404;5;0.615633429347657;[-0.07182676528846979;0.2304592043514269;0.10628164849466451;0.4085676181345612];0.7774189678793931;0.25
9616;0.3348541158310167;0.07109381057750389;6;0.575974714194746;[0.24573648655986902;-0.01802381869364382;0.4239717451021644;0.1602114398486516];0.7680397531997332;0.25
2180;0.26940993864154184;0.4924465219562875;6;0.48654060498039936;[0.1819495169059811;0.4049861002207268;0.35687036037710257;0.5799069436918483];0.7730048803521453;0.25
1292;0.4842663606845069;0.5335020167665337;7;0.5991398441857076;[0.400921232066607;0.45015688814863386;0.5676114893024068;0.6168471453844336];0.7748107384333841;0.25
5339;0.14581791870763314;0.5829829862289196;6;0.40656258916516086;[0.06137999789850454;0.49854506541979104;0.23025583951676173;0.6674209070380482];0.7758596032971836;0.25
2970;0.764712783628732;0.5775246636142445;6;0.43807888671292783;[0.6761520065974755;0.48896388658298806;0.8532735606599884;0.6660854406455009];0.7727038367591372;0.25
4723;0.631951849594037;0.6413554620804903;6;0.49429134565193317;[0.5458540208647548;0.555257633351208;0.7180496783233193;0.7274532908097726];0.7720167114268356;0.25
7936;0.10542607031620799;0.3741218588375315;6;0.5195862171119456;[0.014988575232136925;0.28368436375346046;0.19586356540027905;0.4645593539216026];0.7756742546992264;0.25
6632;0.483669568000752;0.5980763814077152;6;0.44279316240438943;[0.39552190785143987;0.5099287212584032;0.5718172281500641;0.6862240415570273];0.776763114448439;0.25
270;0.24859233262904568;0.7353663152321912;6;0.48885176965865856;[0.15845658473994206;0.6452305673430876;0.3387280805181493;0.8255020631212948];0.7807227833578423;0.25
8591;0.7967454416862482;0.27965640896265165;5;0.495885392156452;[0.7124580538855881;0.19536902116199162;0.8810328294869082;0.3639437967633117];0.776909435634048;0.25
7371;0.12374132428092921;0.2086681098612661;6;0.564982480481051;[0.036742954898248276;0.12166974047858517;0.21073969366361014;0.29566647924394707];0.7790039325416456;0.25
3029;0.7581159371099098;0.23614292502152062;6;0.6559200267022974;[0.6675877353213597;0.14561472323297064;0.8486441388984598;0.3266711268100706];0.7758866315951338;0.25
6502;0.8541267054189291;0.24922212908358637;5;0.48928247328034;[0.7650907230991909;0.16018614676384818;0.9431626877386673;0.33825811140332457];0.7744136091053231;0.25
3097;0.7609633118727714;0.10578018003959128;6;0.49416536266715944;[0.6752116848663765;0.020028553033196367;0.8467149388791664;0.19153180704598619];0.7706307753979486;0.25
4113;0.9898749197630545;0.165334690207304;6;0.538611914059206;[0.9049250554271189;0.08038482587136833;1.0748247840989902;0.2502845545432397];0.7735044897431184;0.25
4828;0.7075032323648318;0.25151033016835156;6;0.5998766798504939;[0.6189622848936407;0.16296938269716038;0.7960441798360229;0.34005127763954274];0.7766403363947033;0.25
5211;0.8099494979458355;0.007840338783124401;6;0.6377137911952176;[0.7241611553632502;-0.07794800379946089;0.8957378405284208;0.09362868136570969];0.7801282298009462;0.25
3844;0.5306743398436968;0.6314473071529807;7;0.5920957632138831;[0.44194610280006513;0.5427190701093489;0.6194025768873286;0.7201755441966124];0.7841184761077058;0.25
9753;0.7948686252483048;0.21214329425666875;6;0.42502988202357267;[0.7034661741932604;0.12074084320162429;0.8862710763033492;0.3035457453117132];0.7722944038347217;0.25
5637;0.9930303770235802;0.900821356200332;6;0.6478383731281806;[0.9091603387113076;0.8169513178880594;1.0769004153358528;0.9846913945126046];0.7803764673810524;0.25
1562;0.7007644333305194;0.2227285641204557;6;0.5532391378276904;[0.6150897815345767;0.13705391232451303;0.7864390851264621;0.30840321591639835];0.7722226841466096;0.25
219;0.7134802962341321;0.5329294868051201;6;0.5519473194803582;[0.6258817718571874;0.4453309624281754;0.8010788206110768;0.6205280111820648];0.788916214357613;0.25
2838;0.7550711236107893;0.9411388058532707;6;0.6534600438822227;[0.6630821461372429;0.8491498283797243;0.8470601010843357;1.033127783326817];0.7772029581036269;0.25
3809;0.06654950301899343;0.2774669776323411;6;0.48523600253656674;[-0.024761993171634356;0.18615548144171334;0.1578609992096212;0.3687784738229689];0.7736051076566667;0.25
9865;0.7629729148959693;0.11358334524685595;6;0.4260637505137295;[0.6741630633819693;0.024773493732855936;0.8517827664099693;0.202393196760856];0.7752976988961486;0.25
4509;0.46310740352998125;0.7019076533195991;6;0.36727829249976734;[0.3738395071854308;0.6126397569750487;0.5523752998745317;0.7911755496641496];0.7916455916654724;0.25
1524;0.7015203115872681;0.3124495548351318;6;0.5238341819323283;[0.6150926715157041;0.22602191476356778;0.7879479516588321;0.3988771949066958];0.7722053865166888;0.25
8795;0.7704459512584865;0.11906349384305462;6;0.6361853961444179;[0.6827012827645679;0.03131882534913599;0.8581906197524051;0.20680816233697324];0.7740128706922866;0.25
5535;0.7359035747870183;0.046493820488221316;6;0.6437273074781122;[0.6470729666931624;-0.042336787605634585;0.8247341828808742;0.13532442858207722];0.7751088962112858;0.25
8484;0.890301180577195;0.5344398231576144;6;0.3774916495549743;[0.800744583046378;0.44488322562679733;0.979857778108012;0.6239964206884314];0.772492840534576;0.25
5532;0.9949245995027569;0.40035103100847874;6;0.7142285664193101;[0.9047932917406073;0.3102197232463292;1.0850559072649064;0.4904823387706283];0.7744818640789672;0.25
1810;0.15061593346201907;0.5681579616394659;6;0.4821713290975712;[0.06377851988094926;0.4813205480583961;0.23745334704308887;0.6549953752205356];0.7810078479871756;0.25
1996;0.23231113179624763;0.14281281560079082;6;0.4454988002087894;[0.14820688062038348;0.05870856442492667;0.3164153829721118;0.22691706677665496];0.7740381240286288;0.25
8673;0.5179538290919391;0.5014828576239858;6;0.6454169749739147;[0.4263280193136114;0.40985704784565813;0.6095796388702668;0.5931086674023135];0.7743845601889325;0.25
1084;0.5485531962249622;0.25036700567087516;6;0.5447202271007148;[0.4629393593234457;0.16475316876935864;0.6341670331264788;0.3359808425723917];0.7783947400453229;0.25
1275;0.5443867687726802;0.20787916426706918;6;0.45898296733698407;[0.4556697590101396;0.11916215450452858;0.6331037785352208;0.2965961740296098];0.7855216623345028;0.25
9145;0.468759555133516;0.286625858262178;6;0.39205692584836915;[0.3849352537402351;0.20280155686889706;0.552583856526797;0.37045015965545897];0.7705428173205872;0.25
2723;0.9342354747914657;0.481480908248466;6;0.6055757776124614;[0.852595001698605;0.3998404351556053;1.0158759478843264;0.5631213813413267];0.7705435206095853;0.25
9265;0.6973376534743854;0.21768573077630368;6;0.37514340573969357;[0.6135504706518308;0.13389854795374906;0.78112483629694;0.3014729135988583];0.7741427414072067;0.25
9666;0.35302399997635503;0.41892288837991365;6;0.5840715769667101;[0.26716607283730476;0.3330649612408634;0.4388819271154053;0.5047808155189639];0.7752480913690735;0.25
5909;0.19240961787928879;0.16847889941417474;6;0.4441852537806488;[0.10598323903095355;0.0820525205658395;0.27883599672762405;0.25490527826250997];0.7780493552366542;0.25
3653;0.740172934869377;0.10160185489903212;6;0.5483751056684262;[0.6485528397962519;0.009981759825907016;0.831793029942502;0.19322194997215722];0.7664869223914943;0.25
9446;0.5916540926075282;0.25831532383233036;7;0.49994883924582145;[0.5047820483670363;0.17144327959183847;0.6785261368480201;0.34518736807282224];0.7759339587239429;0.25
5323;0.8124898915320664;0.4320894531007408;6;0.3271136384847205;[0.728886120598162;0.3484856821668364;0.8960936624659708;0.5156932240346452];0.7682701222901692;0.25
2536;0.7968284847629837;0.7547205832760234;6;0.36932036639143173;[0.7080109577309438;0.6659030562439835;0.8856460117950237;0.8435381103080634];0.7758085679339062;0.25
1168;0.29695947687927227;0.49513911043291203;6;0.3978756545833011;[0.21009201101429428;0.4082716445679341;0.3838269427442502;0.58200657629789];0.7711420451970086;0.25
7237;0.21597305460056715;0.313943009316273;6;0.4096140971434793;[0.1306436718962319;0.22861362661193776;0.30130243730490236;0.39927239202060827];0.7669888082964774;0.25
3156;0.38981495342470807;0.19024786094270346;6;0.42671112779313153;[0.30536586776741315;0.10579877528540857;0.474264039082003;0.2746969465999983];0.77298893119715;0.25
8326;0.5037979420625812;0.5159438378117679;6;0.4435655654788882;[0.4133951828832242;0.42554107863241086;0.5942007012419382;0.6063465969911249];0.7832334838035004;0.25
4456;0.7042029056091865;0.5987194089702105;6;0.4773968519518128;[0.6146060450422719;0.5091225484032958;0.7937997661761012;0.6883162695371251];0.7770836910106059;0.25
5031;0.4567238912914194;0.026156818852391073;6;0.3480073303001935;[0.3731762391083877;-0.05739083333064059;0.540271543474451;0.10970447103542273];0.7710688696043398;0.25
9048;0.07726410216738311;0.5756783079631121;6;0.3736244490491704;[-0.010373686043110883;0.48804051975261814;0.16490189037787711;0.6633160961736061];0.775734393879978;0.25
4791;0.3594631052953414;0.8436026193142389;6;0.375496068070702;[0.2740072027308564;0.7581467167497538;0.44491900785982647;0.929058521878724];0.7772998372396211;0.25
742;0.8678462367571798;0.4143028844727165;6;0.5221149095838196;[0.7825952413960879;0.32905188911162475;0.9530972321182716;0.4995538798338083];0.7715386304540739;0.25
6062;0.7259351503745681;0.8878479981922726;6;0.4771091153803539;[0.6401556394852755;0.80206848730298;0.8117146612638607;0.9736275090815651];0.7629220922587296;0.25
6833;0.7656729999667603;0.1745718428249618;6;0.5736861526379728;[0.6796918423478157;0.08859068520601718;0.851654157585705;0.2605530004439064];0.7934862902182652;0.25
3684;0.3643158102146922;0.5547054802689113;6;0.4250376880990485;[0.2762526017554976;0.4666422718097166;0.45237901867388686;0.642768688728106];0.768037262143128;0.25
24;0.044181384248707434;0.6203558773622715;6;0.48748933263347993;[-0.04409005951976133;0.5320844335938028;0.1324528280171762;0.7086273211307402];0.777762206592718;0.25
4765;0.8768115281531542;0.7009438995078865;6;0.4439867968503598;[0.7893701618529934;0.6135025332077255;0.9642528944533151;0.7883852658080475];0.7720805223259114;0.25
1308;0.39371451665583174;0.3663749927705399;6;0.5969505642604962;[0.3061510998064306;0.2788115759211388;0.48127793350523285;0.45393840961994103];0.7731456185812896;0.25
7471;0.007620223299710571;0.14285832592128636;6;0.5679511084124065;[-0.07844516153407292;0.056792941087502866;0.09368560813349407;0.22892371075506984];0.7745859644296922;0.25
8008;0.723009375986172;0.4660163372526295;6;0.5193142379261548;[0.633704949925108;0.37671191119156544;0.812313802047236;0.5553207633136935];0.7768112635947435;0.25
3322;0.6259616680621639;0.5955377354046789;6;0.5401075097589182;[0.5412052121978903;0.5107812795404053;0.7107181239264375;0.6802941912689525];0.7801504205633586;0.25
3275;0.6174530009453683;0.4235279600582595;6;0.556141695813106;[0.5318582712743879;0.3379332303872791;0.7030477306163486;0.5091226897292398];0.780886835679239;0.25
8958;0.6368571322596659;0.07448619978547272;7;0.6655313760116084;[0.5552623568681104;-0.007108575606082787;0.7184519076512214;0.15608097517702824];0.772435001253461;0.25
6066;0.8534275517906441;0.09631971470136741;6;0.44443248444257;[0.7644753741133437;0.007367537024066895;0.9423797294679446;0.18527189237866792];0.7708857956895839;0.25
5072;0.8605535233933087;0.8292475800345159;6;0.41048808790096797;[0.770861814647492;0.7395558712886993;0.9502452321391254;0.9189392887803326];0.7852105565454439;0.25
5865;0.51387208686329;0.02978538808146236;6;0.5529267245524581;[0.4243631736716984;-0.05972352511012921;0.6033810000548816;0.11929430127305393];0.7727265322383363;0.25
817;0.9520852323492799;0.48676265646405825;6;0.42569803593530214;[0.8617318446011522;0.3964092687159305;1.0424386200974076;0.577116044212186];0.7813040794847712;0.25
6843;0.1851741342101234;0.23661621788245568;6;0.4678378339009003;[0.09792653013512194;0.1493686138074542;0.2724217382851249;0.32386382195745717];0.7754510303104337;0.25
5099;0.6573861795163152;0.7255930380961442;6;0.502240174109652;[0.5680598967232203;0.6362667553030493;0.74671246230941;0.814919320889239];0.7718914494787825;0.25
1088;0.3994600065562681;0.40369903711833016;6;0.3312132272417755;[0.3123071543714951;0.31654618493355713;0.48661285874104115;0.4908518893031032];0.7677544707505071;0.25
3575;0.7020117404663361;0.5190329230319906;6;0.42892048507478625;[0.6158991491119767;0.4329203316776312;0.7881243318206954;0.6051455143863499];0.7752827370490964;0.25
3876;0.8488178511949679;0.3395833659435864;6;0.4257387398461396;[0.7602350096434338;0.2510005243920523;0.937400692746502;0.4281662074951205];0.7742526904490129;0.25
9553;0.1098738005868638;0.020779866386118673;6;0.45048466311034974;[0.023468113587203063;-0.06562582061354207;0.19627948758652453;0.10718555338577941];0.7823523017158389;0.25
6045;0.541536636608316;0.04593998040251973;6;0.7134732447346639;[0.4516747539856092;-0.043921902220187076;0.6313985192310227;0.13580186302522654];0.7717233126742072;0.25
6541;0.011533781244796093;0.1462262163711766;6;0.6661042595514873;[-0.07491934122349747;0.059773093902883045;0.09798690371308966;0.23267933883947017];0.7758353182237804;0.25
5133;0.38665795236210115;0.8954779798871235;6;0.48006446533014696;[0.2967186249485128;0.8055386524735352;0.4765972797756895;0.9854173073007119];0.7676137424085248;0.25
8691;0.6299966789424644;0.5548585422558348;6;0.5729182215899822;[0.5468177689626554;0.4716796322760259;0.7131755889222733;0.6380374522356437];0.7757467825023195;0.25
3644;0.153542951103932;0.5995717994935177;6;0.3665514980173218;[0.06825206390295593;0.5142809122925416;0.2388338383049081;0.6848626866944938];0.7779375144587717;0.25
7652;0.7838131427642201;0.12956710229213209;6;0.41734375194073176;[0.694308568500689;0.04006252802860104;0.8733177170277512;0.21907167655566312];0.7782210123302543;0.25
5112;0.855239601241461;0.19606683609772968;7;0.5736048284271686;[0.7682627518919939;0.10908998674826254;0.9422164505909282;0.2830436854471968];0.7757771439729452;0.25
6034;0.6078704841432028;0.30132554324508576;5;0.5401609997604633;[0.5203474816064333;0.21380254070831625;0.6953934866799723;0.38884854578185524];0.7814359454479828;0.25
2842;0.33226821447989296;0.07231719177045454;6;0.5521506966783242;[0.24530286942488566;-0.014648153284552781;0.41923355953490027;0.15928253682546184];0.7764890246652821;0.25
9847;0.9248178049300189;0.8236134045063729;6;0.44989978697518446;[0.8387065753912117;0.7375021749675658;1.010929034468826;0.90972463404518];0.7724980634681496;0.25
9293;0.8221438685513054;0.5222177477809062;6;0.5217340624903201;[0.7388563507018532;0.43893022993145403;0.9054313864007576;0.6055052656303584];0.7796164317287841;0.25
5909;0.6911490189198972;0.4998111136828386;6;0.4441852537806488;[0.6020079884789001;0.4106700832418415;0.7802900493608943;0.5889521441238357];0.7780493552366542;0.25
354;0.6649646846712756;0.6439871786522424;6;0.5990770780840612;[0.5756251950496858;0.5546476890306526;0.7543041742928653;0.7333266682738322];0.7742735979199764;0.25
8922;0.9513537193537314;0.16481193590053728;6;0.542606411180206;[0.86284321568908;0.0763014322358859;1.0398642230183828;0.25332243956518863];0.7796297551280331;0.25
4892;0.5147592579121516;0.4401541071207027;6;0.7223645132469948;[0.4283341984691601;0.3537290476777112;0.6011843173551431;0.5265791665636942];0.7711252337764544;0.25
4456;0.14427317800119;0.218119227378562;6;0.4773968519518128;[0.05197849112603459;0.12582454050340658;0.2365678648763454;0.3104139142537174];0.7770836910106059;0.25
3262;0.5143385354716141;0.027645728180063167;6;0.5081959602726881;[0.42323597860491796;-0.063456828686633;0.6054410923383102;0.11874828504675933];0.7667612894919007;0.25
8902;0.8745193461445689;0.3474576707511936;6;0.4233321886098721;[0.7833139036384466;0.2562522282450712;0.9657247886506913;0.438663113257316];0.7662811902938836;0.25
6569;0.6878508827769362;0.011460578424902834;6;0.6108355963206754;[0.6026748330867198;-0.07371547126531354;0.7730269324671526;0.09663662811511921];0.76652029622315;0.25
4312;0.8278374329163942;0.6031495219434446;6;0.332176955927756;[0.7408220412987919;0.5161341303258423;0.9148528245339965;0.6901649135610469];0.7735587690769042;0.25
8203;0.9266252966404012;0.7254776853643101;6;0.5345819870035377;[0.842090205431539;0.640942594155448;1.0111603878492632;0.8100127765731723];0.7721446072402781;0.25
4176;0.35883839353350144;0.30178958612444995;6;0.548249106772732;[0.27344332026581436;0.21639451285676287;0.4442334668011885;0.38718465939213703];0.7707353359055489;0.25
1395;0.2639830368467123;0.5783919908606505;7;0.3684228146067895;[0.17832052962247633;0.49272948363641456;0.3496455440709483;0.6640544980848865];0.770985574196864;0.25
9190;0.11585769385559697;0.038168714191630426;6;0.3058461046813201;[0.022892787443968818;-0.05479619221999772;0.2088226002672251;0.13113362060325856];0.7800701964967589;0.25
8385;0.19736521013878994;0.5428202994695271;6;0.40799445875129453;[0.1067516724494253;0.4522067617801625;0.2879787478281546;0.6334338371588918];0.7643240309632362;0.25
5726;0.6162295340874262;0.6753662156116509;6;0.49236628902104246;[0.5295757164521177;0.5887123979763423;0.7028833517227348;0.7620200332469594];0.7724927662685385;0.25
911;0.9597389731109152;0.646362094065558;6;0.4881397517454104;[0.8761164843602319;0.5627396053148748;1.0433614618615985;0.7299845828162412];0.7691045765807507;0.25
8473;0.786828126591868;0.5916318511787917;6;0.4532751609514175;[0.6980690384702147;0.5028727630571385;0.8755872147135212;0.6803909393004449];0.7728211710957104;0.25
4612;0.29530825872441735;0.25275601413661064;6;0.5041066017245347;[0.21007746731489252;0.1675252227270858;0.3805390501339422;0.33798680554613547];0.7777097793473596;0.25
2364;0.9253278504648829;0.7645354095255671;6;0.5318128320325342;[0.8358665462396266;0.6750741053003109;1.014789154690139;0.8539967137508233];0.7749305514427406;0.25
7964;0.3611387005103124;0.3005389171882064;6;0.5434783008781331;[0.2687768671390156;0.20817708381690964;0.45350053388160916;0.3929007505595032];0.7743348454548545;0.25
2424;0.38720729592130193;0.206341143767697;6;0.6774497151324832;[0.30140549017838;0.12053933802477504;0.4730091016642239;0.2921429495106189];0.777338491024269;0.25
5804;0.9176444019829455;0.3579487160021272;6;0.6673493724089201;[0.8301012969980934;0.2704056110172751;1.0051875069677976;0.44549182098697926];0.7724496981146609;0.25
103;0.308292492427216;0.5789689411382055;6;0.629932225378697;[0.22018241424716228;0.4908588629581518;0.39640257060726974;0.6670790193182592];0.7803772347968485;0.25
8940;0.3462144786937831;0.43366186861633405;6;0.5764557671489823;[0.2594168319195672;0.3468642218421182;0.43301212546799894;0.5204595153905499];0.7738266036399064;0.25
4485;0.7525490307513537;0.5519712489103854;6;0.5962325363285609;[0.6668130801187178;0.4662352982777495;0.8382849813839897;0.6377071995430212];0.770295507519807;0.25
7382;0.5513089980037011;0.24445285353369114;6;0.46418337305038493;[0.46478211513100776;0.15792597066099776;0.6378358808763945;0.33097973640638456];0.7774348375794136;0.25
5640;0.0928924145118959;0.17404833778134143;6;0.5091104161862711;[0.006745863369603311;0.08790178663904885;0.17903896565418848;0.260194888923634];0.768775482791876;0.25
1290;0.7793244683173128;0.37850849468495074;6;0.6709415673746737;[0.694619418338231;0.29380344470586894;0.8640295182963946;0.46321354466403253];0.7761581399072207;0.25
9500;0.4894260555203586;0.598627904277333;6;0.5718410824317184;[0.40641748783069387;0.5156193365876682;0.5724346232100234;0.6816364719669978];0.7681042757987019;0.25
5874;0.9666928376373756;0.8644328232580983;6;0.6909915377429839;[0.8791273497451085;0.7768673353658313;1.0542583255296427;0.9519983111503654];0.7716828868333736;0.25
4031;0.6524154024867803;0.28286051994028405;6;0.36055532411915103;[0.563674204188046;0.19411932164154974;0.7411566007855146;0.37160171823901833];0.7726371273189708;0.25
2185;0.47671020210592857;0.6756228092096295;6;0.2896932022188142;[0.39268479946418033;0.5915974065678813;0.5607356047476768;0.7596482118513777];0.7760204042085393;0.25
155;0.4273977195582403;0.4592897559239644;6;0.3435625723577818;[0.3409743879386683;0.37286642430439243;0.5138210511778123;0.5457130875435364];0.7752639919567966;0.25
3242;0.4868589618484382;0.4589834333935213;6;0.4291659333943946;[0.3994515832935889;0.371576054838672;0.5742663404032875;0.5463908119483707];0.7762426995449614;0.25
9193;0.8072670101965316;0.1740034254217729;6;0.39814158940380984;[0.7155074857018751;0.08224390092711639;0.8990265346911881;0.26576294991642946];0.7787408897043958;0.25
8494;0.3313148176791515;0.23956558279781734;6;0.5019506585875932;[0.2391666564192882;0.14741742153795404;0.4234629789390148;0.3317137440576806];0.7782157975705677;0.25
1005;0.6131403999053568;0.1881529754488648;5;0.45851499804580087;[0.5226701493927165;0.09768272493622442;0.7036106504179972;0.2786232259615052];0.7808979122164152;0.25
1539;0.7505845418272774;0.08779113721357965;6;0.612795171102912;[0.6647847437795293;0.001991339165831621;0.8363843398750255;0.17359093526132768];0.7775256304515639;0.25
7698;0.7219965051441495;0.24551309608618055;6;0.48631550898782944;[0.6332517439552242;0.15676833489725528;0.8107412663330748;0.3342578572751058];0.7775499643568423;0.25
4083;0.9390272395360719;0.6305832004283355;6;0.4523197392969054;[0.8544444079762039;0.5460003688684674;1.02361007109594;0.7151660319882036];0.7744598352856593;0.25
4029;0.4273916211499971;0.9225952595811036;7;0.5377806796958132;[0.34170791544064466;0.8369115538717511;0.5130753268593495;1.008278965290456];0.7756614426912075;0.25
9408;0.4162936302790104;0.6212609439201893;6;0.5060544740211698;[0.32919123903017744;0.5341585526713564;0.5033960215278434;0.7083633351690222];0.7721885123784489;0.25
7952;0.8549049237719241;0.6707886881112963;6;0.3985771700268809;[0.7644040328584897;0.5802877971978619;0.9454058146853584;0.7612895790247307];0.7726310349072362;0.25
5494;0.8900671733023564;0.590186101588;6;0.6771447936728296;[0.7981915130219713;0.4983104413076149;0.9819428335827415;0.6820617618683851];0.7722201594385907;0.25
542;0.7472748726083879;0.047194873236707346;6;0.3769378131969904;[0.6612289529506559;-0.038851046421024604;0.8333207922661199;0.1332407928944393];0.772672794869283;0.25
6291;0.8213483270428326;0.633136057195371;6;0.5453274252851436;[0.7355260446095925;0.547313774762131;0.9071706094760726;0.7189583396286111];0.7682947836753907;0.25
5499;0.4740768762381842;0.38372799490973786;6;0.3588679276908595;[0.3851776318205385;0.2948287504920922;0.5629761206558299;0.47262723932738354];0.7728961029264613;0.25
8371;0.49923812890154246;0.07713806986657368;6;0.4429450541274891;[0.4175611521446813;-0.004538906890287464;0.5809151056584037;0.15881504662343482];0.7657880351985609;0.25
4963;0.9114076798129147;0.41599138607474806;5;0.43675311198592465;[0.8225913059442461;0.3271750122060795;1.0002240536815834;0.5048077599434166];0.7752718552641631;0.25
81;0.7467479415254998;0.998062601101397;6;0.32111738549219515;[0.6593780060536004;0.9106926656294976;0.8341178769973993;1.0854325365732964];0.779014068857633;0.25
7325;0.3255110722828053;0.7219062589797616;6;0.417750816414621;[0.23668580697206237;0.6330809936690187;0.4143363375935482;0.8107315242905044];0.7755187682537249;0.25
3428;0.5590690536874549;0.2564488030084868;6;0.5932279027541172;[0.4733785940653195;0.17075834338635149;0.6447595133095902;0.34213926263062217];0.7760331100716927;0.25
8445;0.5066095077667233;0.772260976222072;6;0.6132426528355477;[0.41789978166835384;0.6835512501237025;0.5953192338650928;0.8609707023204415];0.7736732545395466;0.25
7350;0.6007489665452719;0.09783211481145071;6;0.42835965298555523;[0.5149897337090064;0.012072881975185176;0.6865081993815374;0.18359134764771623];0.7757235612079798;0.25
708;0.15454945121898497;0.08833823570583466;5;0.5983752078139355;[0.0689083139130145;0.0026970983998641784;0.24019058852495545;0.17397937301180513];0.7792908288901779;0.25
653;0.7047556727197091;0.9429339224817008;6;0.485692654971785;[0.6212131963369946;0.8593914460989863;0.7882981491024236;1.0264763988644154];0.7718433174594185;0.25
5875;0.2175098039581193;0.9960483474761328;6;0.5698241989334646;[0.1301666422525169;0.9087051857705304;0.3048529656637217;1.0833915091817352];0.7781035431492023;0.25
3989;0.536862585919067;0.673277933137319;6;0.6083055189769772;[0.45034126951941134;0.5867566167376633;0.6233839023187226;0.7597992495369746];0.7772157121907236;0.25
55;0.5982107712579046;0.6819927294101082;6;0.3666927875898896;[0.5095665808037122;0.5933485389559159;0.6868549617120969;0.7706369198643006];0.7676002733656615;0.25
6768;0.02056645446559724;0.9966425696855472;6;0.49798151032726645;[-0.07104281114983328;0.9050333040701167;0.11217572008102776;1.0882518353009778];0.7714972133575333;0.25
6324;0.9130793011354496;0.5695506835766335;6;0.36625318389986267;[0.8262531735808842;0.4827245560220682;0.9999054286900149;0.6563768111311988];0.7685602217550487;0.25
1463;0.13028947992198575;0.7150491019752292;6;0.7104589973389062;[0.04007451034723836;0.6248341324004818;0.22050444949673315;0.8052640715499766];0.7876481775361065;0.25
184;0.6360578033466329;0.5165464695812733;5;0.5458635199638877;[0.5468764144970429;0.4273650807316834;0.7252391921962228;0.6057278584308632];0.771982296109208;0.25
7786;0.032203734786480614;0.6068155376082216;6;0.41136206908971884;[-0.05620422765703095;0.51840757516471;0.12061169722999218;0.6952235000517332];0.777675366692337;0.25
3122;0.893115658261293;0.5051966656089936;6;0.5149800443402459;[0.8045780908531239;0.4166590982008245;0.9816532256694621;0.5937342330171627];0.7753373710768774;0.25
9576;0.4845316531525691;0.586018270318691;6;0.4269981233905899;[0.3983208591902722;0.49980747635639416;0.5707424471148659;0.6722290642809878];0.781989914988747;0.25
4111;0.6837929137454186;0.8455516014124126;6;0.3875232531044279;[0.5994649037516316;0.7612235914186256;0.7681209237392056;0.9298796114061996];0.7861718331822591;0.25
9818;0.8971784895110988;0.5525334668195685;6;0.44812109110152853;[0.8079947143575373;0.4633496916660071;0.9863622646646603;0.64171724197313];0.7840836380744469;0.25
1406;0.56804352374765;0.24958796963029706;6;0.5134258144809488;[0.47802703043928396;0.15957147632193103;0.658060017056016;0.3396044629386631];0.7738059776375092;0.25
2315;0.707735312553608;0.3685762238461807;6;0.6203777003083262;[0.6202310099616526;0.2810719212542253;0.7952396151455634;0.4560805264381361];0.7811250449971447;0.25
3032;0.35208922652460084;0.6172430142014429;6;0.4479784941250886;[0.26581537581595904;0.5309691634928011;0.43836307723324264;0.7035168649100847];0.775540265020561;0.25
5908;0.7205063977551974;0.7072871620296242;6;0.6667748735199206;[0.6330731312313265;0.6198538955057532;0.8079396642790684;0.7947204285534951];0.7683942873489473;0.25
4109;0.7868549748097245;0.6291488738771924;6;0.40249471697942063;[0.6986771133964289;0.5409710124638967;0.8750328362230202;0.7173267352904882];0.7791164377559376;0.25
9174;0.13431048409997073;0.6186733603201194;6;0.6434164734382068;[0.043863741233919104;0.5282266174540678;0.22475722696602235;0.709120103186171];0.7745578210290007;0.25
415;0.1662553515650746;0.9769282251654327;6;0.7024805449490908;[0.07560609794069202;0.8862789715410501;0.2569046051894572;1.0675774787898151];0.7810456788492163;0.25
2883;0.6377335569581881;0.4449607429768047;6;0.46771079933004733;[0.5504680706513505;0.35769525666996715;0.7249990432650257;0.5322262292836423];0.7787798821068449;0.25
2671;0.3095020774963193;0.8590198831389331;6;0.43089120657957547;[0.22074266703133436;0.7702604726739481;0.39826148796130423;0.947779293603918];0.7760562293719646;0.25
8410;0.6765484052529215;0.23132144074117644;6;0.3962567856908622;[0.5877164774128673;0.14248951290112222;0.7653803330929757;0.32015336858123067];0.780712484798406;0.25
5889;0.04862587693573572;0.33772957105728374;5;0.53349218785284;[-0.035784576534216114;0.2533191175873319;0.13303633040568758;0.4221400245272356];0.776148293459493;0.25
3897;0.33647993435408335;0.7191728839465168;6;0.5169637574825174;[0.24969538839964128;0.6323883379920747;0.4232644803085254;0.8059574299009589];0.7730729050330402;0.25
1891;0.08286889295190702;0.10543692208886768;6;0.5275290987310957;[-0.002777823560220674;0.01979020557673998;0.1685156094640347;0.19108363860099536];0.7779440266303227;0.25
7910;0.6945029259267996;0.919099904957098;6;0.5410000616131412;[0.6027420381076242;0.8273390171379226;0.7862638137459751;1.0108607927762734];0.7790560996910197;0.25
5643;0.30974748984588746;0.901410230878884;6;0.5384632349739978;[0.22490053384266945;0.8165632748756659;0.39459444584910547;0.986257186882102];0.7858681955231871;0.25
1173;0.11802340989144697;0.9158416434022595;7;0.2860435663413944;[0.028755886593255467;0.8265741201040679;0.20729093318963848;1.005109166700451];0.7756356415909311;0.25
7698;0.061676375754139506;0.7428517762854676;6;0.48631550898782944;[-0.025246642966501087;0.655928757564827;0.1485993944747801;0.8297747950061082];0.7775499643568423;0.25
5492;0.42890161423546846;0.28264060730764096;6;0.5680977418997808;[0.3396029041582955;0.19334189723046802;0.5182003243126414;0.3719393173848139];0.7781031866005435;0.25
563;0.33902052930740856;0.3818823446397436;6;0.5571799751550502;[0.2519219682701419;0.2947837836024769;0.4261190903446752;0.46898090567701023];0.7723037796413268;0.25
9229;0.8025125625187367;0.7265099843827483;6;0.5039764816861467;[0.7134633176997904;0.6374607395638021;0.891561807337683;0.8155592292016944];0.7774954253779873;0.25
7236;0.4513635441973865;0.626392555088348;6;0.42839852866765016;[0.36393165029508917;0.5389606611860507;0.5387954380996838;0.7138244489906453];0.776808617907749;0.25
9886;0.4618823757290346;0.5823509396044264;6;0.4838702099030116;[0.37289996303857703;0.4933685269139688;0.5508647884194922;0.671333352294884];0.7753468706890665;0.25
8436;0.2290068557020362;0.7226547399915485;6;0.42488939113365687;[0.14252966102996617;0.6361775453194785;0.3154840503741062;0.8091319346636185];0.7865626310756043;0.25
9101;0.38575384492245146;0.33155008621372906;6;0.5743990191423267;[0.29511827327164764;0.2409145145629252;0.4763894165732553;0.4221856578645329];0.7786404000051698;0.25
4220;0.6278064302961619;0.4065388240987362;6;0.47512572093206373;[0.5422704761490238;0.32100286995159816;0.7133423844433;0.49207477824587426];0.7672548637052751;0.25
2860;0.4830897510446788;0.8299465355986815;6;0.5125000455746106;[0.4002485244653734;0.7471053090193761;0.5659309776239841;0.9127877621779868];0.7697938747301782;0.25
8418;0.4633857878395997;0.7668333427838554;7;0.4825006829623853;[0.37752605792151395;0.6809736128657696;0.5492455177576855;0.8526930727019412];0.7726202974884905;0.25
4329;0.4391546844192863;0.7364507629326288;6;0.5902736750851015;[0.35335305837269426;0.6506491368860368;0.5249563104658783;0.8222523889792208];0.7689512180838141;0.25
1884;0.07624727028025596;0.756058753336339;6;0.4315386091392449;[-0.00820164378371735;0.6716098392723657;0.16069618434422928;0.8405076674003122];0.7705610678946067;0.25
8614;0.37459967415689405;0.5107776457692437;6;0.41922381222847827;[0.28646841787083493;0.42264638948318456;0.46273093044295316;0.5989089020553028];0.7818538905144536;0.25
3510;0.7296913473533294;0.8496733626266575;6;0.5807723776143704;[0.6442951735198179;0.764277188793146;0.8150875211868409;0.935069536460169];0.7790605937592388;0.25
2728;0.4550029457233529;0.15085674695977314;6;0.47533292157040385;[0.3642842451778573;0.0601380464142775;0.5457216462688486;0.24157544750526877];0.7739392779858251;0.25
9551;0.32825688903741906;0.42057013143416233;6;0.5803560159524591;[0.24293951836088676;0.33525276075763;0.41357425971395134;0.5058875021106947];0.7759864116245021;0.25
4804;0.7603014625215679;0.4731800037239744;6;0.43079056250499087;[0.6705608706094474;0.38343941181185376;0.8500420544336885;0.562920595636095];0.7679614316148781;0.25
1772;0.620078573231302;0.1201383227327133;6;0.7300886784704043;[0.5317949121125054;0.03185466161391673;0.7083622343500986;0.20842198385150987];0.7770979165505648;0.25
9688;0.666209554889001;0.5920088190686928;6;0.48727406651175026;[0.5816328488713636;0.5074321130510554;0.7507862609066385;0.6765855250863303];0.7800536010176561;0.25
5546;0.07200329436049427;0.9322900412229573;6;0.47589559044889246;[-0.014883193158262836;0.8454035537042002;0.15888978187925137;1.0191765287417145];0.771960085304266;0.25
3017;0.12292623924954066;0.25721208357229;6;0.4980959001820236;[0.03209208831390556;0.16637793263665487;0.21376039018517576;0.34804623450792505];0.7829522076192887;0.25
3572;0.05087455526436874;0.8527988318248371;6;0.6580715730197969;[-0.03653199490635234;0.765392281654116;0.1382811054350898;0.9402053819955581];0.7785084608516779;0.25
183;0.26706770255635426;0.7186436964715343;6;0.6203126460512779;[0.1774722200336344;0.6290482139488144;0.35666318507907413;0.8082391789942541];0.7681710476241511;0.25
5966;0.2628888227502815;0.2808314128458649;6;0.35759261374612994;[0.1758374870858544;0.19378007718143775;0.34994015841470866;0.367882748510292];0.7759682721596406;0.25
1760;0.9023929739433443;0.45622376799179076;7;0.4653893382785859;[0.8144172397630474;0.3682480338114939;0.9903687081236412;0.5441995021720877];0.7699754418488923;0.25
8219;0.6496077010138178;0.6350642198206342;6;0.674173158102493;[0.5617807490820681;0.5472372678888845;0.7374346529455675;0.7228911717523839];0.7697592614431288;0.25
6068;0.36936121984477477;0.9911704345619567;6;0.5028016793748417;[0.2854019595988242;0.9072111743160062;0.45332048009072534;1.0751296948079074];0.769775431740887;0.25
335;0.11629305964624614;0.367970590989718;6;0.6611361152049068;[0.03575801507229631;0.2874355464157682;0.19682810422019598;0.44850563556366785];0.7794017676214403;0.25
7577;0.3479887875937154;0.541781404690757;6;0.48304066924416283;[0.26446579701654904;0.45825841411359064;0.4315117781708817;0.6253043952679233];0.7746566390398535;0.25
5232;0.5280110697150749;0.30447473143327797;5;0.4394126845715221;[0.4411512064345984;0.2176148681528014;0.6148709329955515;0.39133459471375454];0.771971334433453;0.25
289;0.9596324561132943;0.31464732405122486;6;0.5152827164044305;[0.8758640421936613;0.23087891013159187;1.0434008700329274;0.39841573797085783];0.7796611779191127;0.25
7028;0.7483601790363783;0.43100828495010884;7;0.5729238725931962;[0.6598236156059998;0.3424717215197304;0.8368967424667568;0.5195448483804873];0.7751705744333928;0.25
1106;0.4647742115432718;0.6922853741820136;6;0.665975011174263;[0.3756016882269853;0.6031128508657271;0.5539467348595584;0.7814578974983002];0.7715310291123808;0.25
9807;0.1169858878794808;0.7412632420088604;6;0.445318420162634;[0.029364859361522083;0.6536422134909017;0.20460691639743953;0.8288842705268191];0.7737098203758989;0.25
6748;0.9098560152672535;0.45914227498320037;7;0.5488998090596713;[0.8218150763259435;0.37110133604189044;0.9978969542085634;0.5471832139245103];0.7749113674915691;0.25
4558;0.5026651126147994;0.0077398492027142;6;0.6276759144698587;[0.41499322322538;-0.07993204018670517;0.5903370020042188;0.09541173859213357];0.7767909017088487;0.25
6206;0.12227196276401012;0.577459773900983;6;0.40309197562109356;[0.03554380259241732;0.4907316137293902;0.2090001229356029;0.6641879340725758];0.7694745757094439;0.25
2564;0.09730243387349627;0.9710892306012563;6;0.45363110500385306;[0.010919387238287975;0.8847061839660479;0.18368548050870456;1.0574722772364646];0.7778405343554121;0.25
1377;0.42880923708743085;0.22304355610833615;6;0.5359258669491297;[0.3407340501155489;0.1349683691364542;0.5168844240593128;0.3111187430802181];0.7732255154810159;0.25
5455;0.12030848570136998;0.8109909787882122;6;0.5391514618765969;[0.030788449530255363;0.7214709426170977;0.2098285218724846;0.9005110149593268];0.7704360728457784;0.25
2323;0.32216170888287854;0.6149375393860621;7;0.5405389841840986;[0.2374753563750463;0.5302511868782298;0.4068480613907108;0.6996238918938944];0.7786225294646576;0.25
1200;0.15387085986535787;0.17377364431475573;6;0.4869190950529063;[0.07075265039406081;0.09065543484345867;0.23698906933665492;0.2568918537860528];0.781196103054163;0.25
2471;0.8529382447875509;0.2354300550718592;6;0.5224503846531411;[0.7684335538101911;0.15092536409449941;0.9374429357649107;0.319934746049219];0.7823105293400964;0.25
791;0.20125193589228363;0.6119525855318684;6;0.6292641741546698;[0.10952344209315648;0.5202240917327412;0.2929804296914108;0.7036810793309956];0.7696509939191062;0.25
7364;0.33990017887157925;0.679847542079858;6;0.585553266190629;[0.25039170304854763;0.5903390662568263;0.42940865469461087;0.7693560179028897];0.7744145970763545;0.25
1487;0.7208444813102142;0.8281183526143125;6;0.44396209341683657;[0.6316144843519645;0.7388883556560629;0.8100744782684638;0.9173483495725622];0.7789203767756848;0.25
3000;0.21333764517674025;0.9296131202262197;6;0.34793326087540355;[0.134314620284432;0.8505900953339114;0.29236067006904853;1.008636145118528];0.7751943582193479;0.25
9111;0.6053983509577241;0.35085588760566255;6;0.39284924385424247;[0.522341937732574;0.2677994743805124;0.6884547641828742;0.4339123008308127];0.7748943840872925;0.25
45;0.1706032285346568;0.9520601600893548;6;0.3855975236156323;[0.0810666814583174;0.8625236130130154;0.26013977561099616;1.0415967071656942];0.7627235089222358;0.25
1405;0.10386907354684125;0.7636257281721077;6;0.6076220045358978;[0.01574524901465578;0.6755019036399222;0.1919928980790267;0.8517495527042932];0.7675547536149532;0.25
4399;0.0419272808532212;0.9118086204510436;6;0.551170248828383;[-0.045871504265280125;0.8240098353325422;0.12972606597172254;0.999607405569545];0.7706126278064975;0.25
9251;0.1593859958413339;0.04873211155919621;6;0.5649779790398082;[0.07095142363927492;-0.03970246064286276;0.24782056804339286;0.13716668376125518];0.7764013914417036;0.25
691;0.016436157109194993;0.379736567506714;6;0.48590151168095186;[-0.07031244223900698;0.292987968158512;0.10318475645739697;0.4664851668549159];0.775141829895761;0.25
3662;0.24170061407051383;0.5270614810520442;6;0.4088018769644306;[0.15643949161310217;0.4418003585946325;0.3269617365279255;0.6123226035094559];0.7751875904052254;0.25
191;0.5054839693086476;0.5777406258815022;6;0.5975350771742318;[0.41743002086188596;0.4896866774347406;0.5935379177554092;0.6657945743282638];0.7823204742983664;0.25
8432;0.36488771061800335;0.3602629952295028;6;0.5617901606437186;[0.27533246474689077;0.27070774935839015;0.4544429564891159;0.4498182411006154];0.7767205428467805;0.25
4301;0.7802874702657769;0.76777434963846;6;0.34781279349154026;[0.6960845993292786;0.6835714787019618;0.8644903412022753;0.8519772205749583];0.7794076889120175;0.25
8690;0.6173701772572868;0.5481600675476868;6;0.6336777222516592;[0.5292546332870589;0.4600445235774589;0.7054857212275147;0.6362756115179147];0.7752931153168198;0.25
6856;0.06798790010788444;0.5448693304577643;6;0.5637562386755968;[-0.02189163539927705;0.4549897949506028;0.15786743561504593;0.6347488659649259];0.789818747386997;0.25
2730;0.03024208677914486;0.37066870439778;6;0.4916109499916387;[-0.0529174435558607;0.28750917406277443;0.11340161711415042;0.45382823473278555];0.767525304569086;0.25
7131;0.21985637585263607;0.8171537110303523;6;0.4998447660962362;[0.13328279595607695;0.7305801311337932;0.3064299557491952;0.9037272909269114];0.7733780535246575;0.25
4077;0.23909622273200276;0.6533631747102395;6;0.44722396277142806;[0.15186861022199244;0.5661355622002292;0.3263238352420131;0.7405907872202498];0.7837245731718875;0.25
2049;0.43655263533793803;0.23438739629595984;6;0.5447304776378541;[0.3533635472597436;0.1511983082177654;0.5197417234161325;0.3175764843741543];0.7810392763100024;0.25
5414;0.019039416839756185;0.9881814749469918;6;0.36802105292675824;[-0.07317875001911972;0.895963308088116;0.11125758369863209;1.0803996418058677];0.7736141010404085;0.25
2960;0.33578867126251266;0.24222071674198853;6;0.5918987662453682;[0.2445018648688925;0.15093391034836837;0.42707547765613285;0.3335075231356087];0.7744255049464908;0.25
128;0.4922711556002981;0.38715788739481566;6;0.6378675002617025;[0.40533953123535227;0.3002262630298698;0.5792027799652439;0.4740895117597615];0.772387510143593;0.25
776;0.08833901982721284;0.726361111165579;6;0.3013167579805807;[-0.003412549429432768;0.6346095419089334;0.18009058908385844;0.8181126804222246];0.7796764725851314;0.25
2903;0.3560208756028361;0.6668149456879758;6;0.47547499527478676;[0.2703581658786338;0.5811522359637735;0.44168358532703833;0.7524776554121781];0.7684442527904443;0.25
6170;0.8840786118927086;0.8442437438848919;6;0.653080527115235;[0.7945708988462511;0.7547360308384343;0.9735863249391662;0.9337514569313494];0.7708892514815306;0.25
9625;0.8194169462657126;0.7445293274262982;6;0.6374807339543639;[0.7335390545929598;0.6586514357535453;0.9052948379384654;0.830407219099051];0.7803130412109963;0.25
1099;0.7744716962595954;0.11650170726333886;6;0.4748024851820333;[0.6858479878974846;0.02787799890122805;0.8630954046217063;0.20512541562544967];0.7750868583471857;0.25
7596;0.9428969019699308;0.7026162740197432;6;0.535740873855113;[0.8561612580750697;0.6158806301248821;1.029632545864792;0.7893519179146044];0.7766812816143049;0.25
2727;0.5124615858058073;0.9372709705310815;5;0.5830822468263694;[0.4233598320066614;0.8481692167319357;0.6015633396049531;1.0263727243302274];0.7735261073485609;0.25
9223;0.3955579570228098;0.8941164602810436;6;0.4789098501358133;[0.3114602806442616;0.8100187839024954;0.47965563340135803;0.9782141366595919];0.7740707973822735;0.25
2883;0.8161637051544537;0.9439001999518226;6;0.46771079933004733;[0.7281974484737139;0.8559339432710829;0.9041299618351935;1.0318664566325624];0.7787798821068449;0.25
4371;0.11884460002072744;0.7513148517224374;6;0.49405655613191374;[0.032341193787713426;0.6648114454894234;0.20534800625374144;0.8378182579554514];0.7731962855621088;0.25
534;0.44469268366285014;0.7202555533427675;6;0.6933860927013447;[0.3598554219077798;0.6354182915876971;0.5295299454179204;0.8050928150978378];0.7762399968664357;0.25
784;0.3496511873596995;0.9091577167750864;6;0.491627384665902;[0.2615130554954515;0.8210195849108384;0.43778931922394754;0.9972958486393344];0.7757643912895744;0.25
4135;0.9164524832407729;0.986827180737865;6;0.4401903880744288;[0.8272691539696342;0.8976438514667263;1.0056358125119116;1.0760105100090036];0.7731682132825299;0.25
9444;0.2244759858480958;0.8120332775114341;6;0.3511276807559792;[0.13662429080790378;0.7241815824712421;0.31232768088828783;0.899884972551626];0.7781668522059741;0.25
8664;0.23888084514946134;0.9228080022348775;6;0.6530833236675864;[0.15424434557975078;0.8381715026651669;0.32351734471917193;1.007444501804588];0.770099064550211;0.25
1072;0.6571182441472653;0.552309151373258;6;0.5567482564005204;[0.5673618384454445;0.4625527456714372;0.746874649849086;0.6420655570750787];0.7738377431989603;0.25
73;0.21393440933969587;0.6940638385518064;6;0.2975141039708231;[0.12690573164963115;0.6070351608617417;0.3009630870297606;0.7810925162418711];0.783869022643896;0.25
9736;0.6229171454655398;0.7122051086420134;6;0.5698958923593663;[0.5341620766865722;0.6234500398630458;0.7116722142445073;0.8009601774209809];0.7715338289214296;0.25
6892;0.2840132070833217;0.9844947764693115;6;0.4058942628827221;[0.1948479075550148;0.8953294769410046;0.37317850661162855;1.0736600759976183];0.7766291531071674;0.25
2191;0.8807793040405609;0.3967246284610141;6;0.5949083818726569;[0.7910882924793964;0.30703361689984954;0.9704703156017255;0.48641564002217863];0.7746537957497261;0.25
8330;0.034696575339561386;0.5763904545964174;6;0.4277689428150562;[-0.052619573335035544;0.48907430592182044;0.12201272401415832;0.6637066032710143];0.7743734413935793;0.25
1607;0.8147829453030341;0.8245079089621252;6;0.6199613899864056;[0.726001231600655;0.735726195259746;0.9035646590054132;0.9132896226645044];0.7738309298567799;0.25
216;0.2725926426794975;0.8590525562576439;6;0.49057190281730173;[0.1788287966531722;0.7652887102313186;0.3663564887058228;0.9528164022839691];0.7687426019659483;0.25
1259;0.2570534448378317;0.7898359302524194;6;0.6367493320872989;[0.1707465705968439;0.7035290560114316;0.34336031907881953;0.8761428044934072];0.7693716287399048;0.25
4727;0.0221735826296085;0.06684001118575544;6;0.5788286615537767;[-0.0661237270887156;-0.021457298532568655;0.1104708923479326;0.15513732090407956];0.7796438322440931;0.25
168;0.7540524218624789;0.7772826738306721;6;0.6477025733447324;[0.6688832736083247;0.6921135255765178;0.8392215701166331;0.8624518220848263];0.773526122171885;0.25
3611;0.3868765844500093;0.7489319761472288;6;0.4291692173836893;[0.30181433209499986;0.6638697237922194;0.4719388368050187;0.8339942285022383];0.7794093848707859;0.25
2704;0.7587467282394816;0.4938540642008477;6;0.5115491630988945;[0.6706681663776711;0.4057755023390372;0.8468252901012921;0.5819326260626583];0.7720429380270938;0.25
847;0.10852174675582221;0.9229067736641334;6;0.5041198235462063;[0.02139808429844292;0.8357831112067542;0.1956454092132015;1.0100304361215127];0.7742867702314475;0.25
5017;0.5874683340690429;0.2585003777018188;6;0.5540570221543628;[0.4984094696842194;0.1694415133169953;0.6765271984538663;0.34755924208664224];0.7678192378105956;0.25
1848;0.49398371309648426;0.5268391334242939;6;0.576318497973746;[0.4047255467328251;0.43758096706063476;0.5832418794601434;0.616097299787953];0.7773038427950879;0.25
9754;0.07163828627140054;0.6740273447951999;6;0.449045561300578;[-0.020772266646795268;0.5816167918770041;0.16404883918959634;0.7664378977133957];0.7662147945531493;0.25
966;0.1726647553269625;0.33587065952999007;6;0.5733877419776483;[0.0871003889509178;0.25030629315394537;0.25822912170300716;0.42143502590603477];0.7729910997001879;0.25
2685;0.30142423543755964;0.8231995915266413;6;0.468791687070969;[0.21543828577849294;0.7372136418675747;0.38741018509662634;0.909185541185708];0.7749713796584968;0.25
6669;0.37004799357705676;0.27596137900418627;6;0.7283885611721459;[0.2828730017776404;0.18878638720476995;0.4572229853764731;0.3631363708036026];0.775151220601869;0.25
