0.9875957461793374;0.25675221789270475;27;35;6;0.8713875071078941;0.802682525278291
0.010707724198930624;0.5142979918399142;27;35;6;0.876054262603482;0.31330326726625
0.023338694475186883;0.6085380917120271;27;35;6;0.8878217934314282;0.7152075527620125
0.9433425742274991;0.011683976843700483;27;34;6;0.8681070319007916;0.2621983154512558
0.9386843369740018;0.8279925744220804;27;35;6;0.8733436624451444;0.5871169675303018
0.9541819090596559;0.4968120229324505;27;35;6;0.8729588132009598;0.8753968237891263
0.9671712064247322;0.9128745693240229;27;35;5;0.8786252362917103;0.9171956284225796
0.9625129840723959;0.7291831818035639;27;34;6;0.8891866336414768;0.8142666787985474
0.9751439394474911;0.823423296576838;27;35;6;0.8833201995535686;0.12359816211857311
0.9014184985506678;0.35846142955492566;27;34;6;0.8761768437785078;0.44009614251151297
0.8938936594877724;0.6001907231985317;27;35;6;0.8764306803518064;0.7920683407848487
0.18798920202638225;0.9859377536726228;27;34;6;0.8746256782870392;0.15349335892487803
0.1833309647728849;0.8022463512510027;27;34;6;0.8752948216946371;0.9403793659305332
0.19560360796032128;0.574664064208301;27;34;6;0.8821793396466052;0.38703903548852725
0.1910349524790289;0.2214282659659652;27;34;6;0.8789717546246225;0.45414258395804286
0.2064429427924781;0.059792110297051115;27;35;6;0.8784639804941922;0.02236055789496727
0.12770095245449875;0.08931643903754283;27;35;6;0.8785734977672406;0.9374017658059942
0.12313231187436757;0.7360806556963683;27;34;6;0.8777870717916922;0.6351543416013767
0.13567370037841886;0.999865166290358;27;35;6;0.8761916467510604;0.852485791901732
0.15367954718465104;0.9214415169195261;27;34;6;0.8779649531076901;0.5328596081974785
0.16577302682767747;0.03294802151825593;27;35;6;0.8742178762755252;0.6552348418965603
0.11811574753205034;0.23056683655761112;27;34;6;0.8670220939691707;0.7497820075175755
0.11032216315254018;0.9809293176633644;27;34;5;0.8761406901327531;0.5097936169721897
0.03686548247349297;0.007334263179304856;27;34;6;0.8709511641673082;0.6852905882690797
0.04949645274974923;0.10157437795257895;27;34;6;0.8765249700229626;0.036990476769031555
0.04528612435727675;0.07016102622970255;27;35;6;0.8720094486529942;0.2617571694589159
0.057827512861328034;0.3339455368236923;27;34;7;0.8851751637931254;0.6477666978994376
0.0733250849469822;0.002764970432901359;27;35;6;0.8747132584821985;0.1129233371565751
0.06839811727803113;0.3277067703745896;27;34;6;0.8668458586749634;0.30723237630838085
0.8884327805435217;0.5664945409114998;27;35;6;0.8774960824844442;0.636271745205372
0.8838641250622293;0.21325875757032509;27;35;6;0.8754347734159191;0.4807585486167615
0.8968534224273055;0.6293213039618973;27;35;6;0.8736447658763785;0.7690384346779083
0.9122614127407548;0.46768511849066097;27;34;6;0.8768956084950333;0.8794565340936628
0.9076927721606235;0.11444935005064749;27;34;6;0.8765838110289947;0.10001291329223583
0.91996541534806;0.8868670481067845;27;34;6;0.8829912734416632;0.7870192855832744
0.8465087197678516;0.9132719936227249;27;35;6;0.8767390112277912;0.5129899855127724
0.8390734624771613;0.9854568914456153;27;34;6;0.8736798284305731;0.5933983551526344
0.8520627598422374;0.4015194229360264;27;35;6;0.8809218674943744;0.9490433911852126
0.8703373519650845;0.8144626010042085;27;35;6;0.8753885632855175;0.5574869366826818
0.8600355077661576;0.3120681501888415;27;34;6;0.8732317727060892;0.8914532881497852
0.8780413545723897;0.2336445008180097;27;35;6;0.8707389760725253;0.6640062861084508
0.8332506770861604;0.0058426495944611245;27;34;6;0.877659548229129;0.8969164825724432
0.7540607778871562;0.8830889574385316;27;34;6;0.8783175391014776;0.2247017215597259
0.749492137307025;0.5298531740973569;27;35;6;0.87479457301881;0.5138773955406001
0.7624814346721012;0.9459157055877679;27;35;6;0.8811477264900405;0.8324357715954155
0.7578231974186038;0.7622243031661479;27;34;6;0.8672987402782314;0.3802759544640675
0.7733207546030969;0.4310437665776793;27;35;6;0.8740232339956737;0.7481936336840822
0.7855934126916945;0.2034614795349775;27;35;7;0.8725761723073395;0.07347058304962573
0.7809351754381971;0.01977007711335743;27;34;6;0.8639251462446814;0.745516888789401
0.0687599939224588;0.27362482993871184;27;33;6;0.877357195620301;0.7722660450993863
0.08748250980749195;0.8388460140021541;27;35;6;0.8778176199069845;0.5705288775704281
0.0799576707445967;0.08057529274459907;27;35;6;0.8735294610523033;0.8714397041055089
0.09258864102085296;0.17481542241903425;27;34;6;0.8783121226929996;0.4895580511987925
0.11059448782708514;0.09639177304820246;27;35;6;0.8776887509849138;0.8885604563623205
0.10020304695479199;0.7635417329547124;27;35;6;0.8681892727013633;0.12376177415406198
0.023969331337390654;0.04582296381400208;27;35;6;0.8675794367053629;0.2809841533281049
0.04269183232126261;0.6110441478774443;27;35;6;0.8735391433672628;0.772255321926757
0.03230040635013065;0.27819412268511545;27;34;6;0.8767323861358461;0.36071867207387676
0.05066456534402164;0.5215928751302594;27;35;5;0.8795561039411769;0.5902331986906246
0.0629372234326192;0.29401058808755764;27;35;6;0.8831484600596522;0.926202063212305
0.055412384369723955;0.5357398817311638;27;35;6;0.8743359758293284;0.09533875848496443
0.9820452705617205;0.39260044632754965;27;34;6;0.8773545191366972;0.7397904480392902
0.9950345679267967;0.8086629778179607;27;35;6;0.8774640334122256;0.8545512609032718
0.9903763306732993;0.6249715753963406;27;35;6;0.8699445244790878;0.7421267030301574
0.0030073009495555914;0.7192117050707758;27;35;6;0.8725319950110045;0.6759799936972612
0.01814654594638987;0.06620872196284788;27;33;6;0.8650770023000294;0.24007722101391815
0.013488308692892526;0.8825173493435502;27;34;6;0.8710108478150641;0.4850892899139978
0.9343880061672545;0.5902192464657436;27;34;6;0.8867402980766376;0.061727920635867184
0.930177677774782;0.558805879841706;27;33;6;0.8707927909472567;0.2272813599214889
0.9427190662788333;0.822590405336857;27;35;6;0.8779629280106733;0.7431838322104499
0.9582166234633263;0.49140983894606605;27;35;6;0.872691435509855;0.6813370181410701
0.9532896706955364;0.8163516388877544;27;35;6;0.8662750700292697;0.10810963857768863
0.9658310442984265;0.08013616438290538;27;34;6;0.8852974615760199;0.7513071833211448
0.25938908130264515;0.4831495548801298;27;34;6;0.879674136015921;0.8804906019054822
0.24944554929137686;0.3025775505842222;27;35;6;0.8726329210442252;0.45668132376632675
0.26485353960482616;0.14094139491530822;27;35;6;0.8786394885453136;0.7598784432928646
0.28321771349987823;0.3843401473604522;27;35;6;0.8788995920267946;0.16156828672138057
0.27255752731097016;0.5601232947291094;27;34;6;0.879222302952998;0.5311880047121286
0.29083211943381726;0.9730664727972915;27;35;5;0.8719400299676389;0.26307108670599355
0.21459840381641593;0.25534768875542;27;33;7;0.8723292285460147;0.6649753722017561
0.20465488670630883;0.07477568445951244;27;34;6;0.8669724104858025;0.04516569460920716
0.16353704697932214;0.8956535747842959;27;34;6;0.8835272011597491;0.29707553016674726
0.17527219953352868;0.6853376626658886;27;34;6;0.8737502912191664;0.5866991279098075
0.1707035738545587;0.3321018793247139;27;35;6;0.8744502189411452;0.41488213818685926
0.18584280395023178;0.679098896216786;27;34;7;0.8809195682977917;0.8205603133775656
0.19838419245428318;0.942883421711937;27;35;6;0.8847795293197676;0.0757846596055286
0.193815551874152;0.5896476234696011;27;33;6;0.8736063999074047;0.4162008688690676
0.11507356153617254;0.6191719522100928;27;34;6;0.8775319782229616;0.7180075280273592
0.13334813875785856;0.03211513027827495;27;36;6;0.877947189008234;0.26799765852776936
0.12591289636832947;0.10430001320000415;27;35;6;0.8746328073164669;0.6474713267575807
0.13818553955576585;0.8767177261573024;27;33;6;0.8846395752254039;0.9807210389482055
0.15646013167861295;0.28966087442316213;27;36;6;0.8836699106267288;0.6645920641132312
0.14615827257852476;0.7872664534101175;27;35;5;0.8713932023256663;0.16669901798843245
0.4400746366715633;0.5121022755256401;27;34;6;0.8697449399518432;0.23850756729893952
0.4554826269850125;0.35046610495556485;27;34;6;0.8767605730882589;0.5746238812989624
0.44518076788492433;0.8480716690413591;27;33;6;0.8769765416719508;0.9857197512043556
0.4631866146911565;0.7696480196705272;27;34;6;0.8711602374641741;0.7907907536594917
0.4757280031952079;0.033432545165678285;27;34;6;0.8808954576604462;0.818786134172458
0.4682927459045175;0.10561744298856868;27;33;6;0.8676230642826738;0.5756623965010594
0.395283959185334;0.28430040940093027;27;34;6;0.881933250797708;0.9210055883347108
0.4078253625905466;0.5480849199949202;27;34;6;0.8776201299219841;0.3534218157167591
0.4032567071092542;0.19484913665374548;27;34;5;0.8711227290191289;0.36736082330491693
0.4155293502966906;0.9672668496110437;27;35;6;0.868667051202928;0.05078395451007889
0.4309373406101398;0.8056306939421296;27;36;6;0.880013125515824;0.8152746376737806
0.4263686851288474;0.45239489569979385;27;34;6;0.879828837346079;0.11072100590668033
0.34762669479086805;0.48191922444028557;27;35;7;0.8774297434752393;0.41584216083423353
0.3429684724385319;0.2982278220186655;27;36;6;0.8788033026648938;0.5229457495795653
0.35559944271478816;0.39246795169310067;27;35;6;0.874934627793173;0.16946138435137437
0.37073867281046124;0.7394649834863338;27;34;6;0.8700737795492427;0.6761369788067069
0.3660804504581251;0.555773595965875;27;35;6;0.8803767422804966;0.03787354554690081
0.37871142073438135;0.6500137256403102;27;33;6;0.876209537383562;0.13512318405316925
0.3057026340151978;0.8286966771515107;27;35;6;0.8724787610887775;0.7787722170155803
0.29531119314290466;0.49584665195918187;27;34;6;0.8829045580439536;0.5893076926740586
0.3108087652285588;0.1646661004695521;27;34;6;0.8760609089366874;0.9563295541720236
0.328814612034791;0.08624245109872031;27;35;7;0.8793224198923553;0.007129309507201476
0.31842317116249785;0.7533924110052302;27;34;6;0.8723608280637176;0.5769527176694356
0.33678734505755004;0.9967911783515354;27;34;6;0.8718457077488649;0.29118826504472706
0.8988745494600778;0.8647480840651146;27;35;6;0.8746923749890257;0.6118965887313006
0.8913497103971826;0.10647737770872068;27;34;6;0.8664495923467903;0.23915221698484668
0.9097138842922348;0.34987613015386465;27;35;6;0.8766465718179048;0.32986241592247445
0.9219865274796711;0.12229384311116287;27;35;6;0.8687673271134794;0.5617956503887566
0.917328305127335;0.938602455590704;27;34;5;0.8811392818744721;0.4228549773499375
0.9328258772129892;0.6074219041010742;27;34;6;0.8748128923378259;0.8283968220821061
0.8540838719738486;0.6369462179404047;27;36;6;0.8693090119030512;0.07331932411114195
0.8494256496215125;0.45325483041994585;27;35;6;0.8831830532580001;0.16689613975932893
0.8620566198977687;0.5474949600943811;27;34;6;0.8782519840332027;0.8343737900178119
0.8571296373276565;0.8724367600360694;27;35;6;0.8803625831184585;0.5883834654381765
0.8725376425422668;0.7108005894659942;27;35;6;0.8741158116497055;0.8864276901638594
0.8851685979173619;0.8050407042392682;27;34;6;0.8769299252545485;0.9607445290961056
0.8809582844260506;0.7736273376152306;27;34;6;0.883962218257999;0.6090517695096918
0.8017683852270464;0.6508736603604623;27;35;6;0.8697454937453281;0.13883934198461745
0.8201325442209373;0.8942724128056063;27;34;6;0.8763930302785071;0.5441159909557789
0.8131452106924331;0.1187353166237568;27;34;6;0.8760809573637696;0.7056735886196582
0.8318676967751438;0.6839565006871989;27;35;6;0.866698071586173;0.5232859795788456
0.8215658525762168;0.1815620796741544;27;34;6;0.8768004178422079;0.1488395690616584
0.8369738428896661;0.019925909104079098;27;33;6;0.8762008167650629;0.47339987915072335
0.7632484019928427;0.5549640420821668;27;35;6;0.8813893876479576;0.7582756727692425
0.7529465428927545;0.05256962106912222;27;34;7;0.8800194933942679;0.8724561917164445
0.7712211350156017;0.465512769334982;27;34;6;0.8694434270476229;0.6972350946497073
0.7842104323806779;0.8815753306277154;27;34;6;0.873342854473984;0.7856590005958779
0.7767751899911488;0.9537602135494446;27;35;6;0.8869878385555943;0.4499081724005354
0.7950497821139959;0.3667033618153044;27;34;6;0.8737100502176495;0.9098258697390593
0.08251627350943769;0.2987357128246829;27;35;6;0.8722850083098839;0.7603685294880527
0.07794763292930651;0.9454999145823471;27;34;6;0.8737257947193475;0.4039244013203287
0.0933556232427557;0.7838637589134331;27;35;6;0.8724547088880996;0.618389249811286
0.10634492060783185;0.19992630530500533;27;35;6;0.8771171396825118;0.22521677385345784
0.10177626512653948;0.8466905070626695;27;35;7;0.8838996336634897;0.3291382518852827
0.11431765363059077;0.11047504745898162;27;34;6;0.870306176503215;0.6721955167723298
0.1093906859616397;0.4354168324995088;27;35;6;0.871324538598375;0.8321053342113607
0.03315697034423837;0.7176980633587985;27;35;6;0.8788730284116373;0.48031942839597286
0.045698358848289655;0.9814825888539495;27;35;5;0.8820498127080139;0.6383480435198604
0.04148803045581717;0.9500692073287507;27;35;6;0.8837705472178575;0.509888422927862
0.05411900073207354;0.044309337003185956;27;34;7;0.8742849722658608;0.529728312614568
0.07239359285492064;0.4572525001702068;27;34;6;0.8791594315689689;0.08621113399728586
0.06460000847541048;0.20761496637479904;27;35;6;0.8797933086649466;0.3190401563832953
0.9854997059497724;0.9153168932993149;27;34;6;0.8662904735767705;0.9154762544543351
0.0037742980726195308;0.32826004156517463;27;35;6;0.8732621323508476;0.08094011196775186
0.9938307660613512;0.14768802236810585;27;36;6;0.8848462070956178;0.652024672812913
0.012194939956403306;0.39108678971441113;27;35;7;0.8753208502143687;0.5741428258269715
0.027602915368691305;0.22945063404549704;27;34;6;0.8696255262293633;0.9898073512136571
0.016942744080944427;0.4052337963153154;27;35;6;0.8713514079955992;0.5442297918356607
0.2668746666375985;0.3763681750185254;27;34;6;0.872786773940015;0.7260870391567813
0.26230601115630614;0.023132391677350705;27;36;6;0.8740122829836098;0.35513073839765785
0.2745786692449037;0.7955501046346489;27;36;6;0.8634932454175216;0.20522548928562623
0.26992043199140636;0.6118587022130288;27;34;6;0.8754030352271667;0.15837444593984384
0.28541798917589933;0.2806781507233991;27;35;6;0.8725491565735396;0.3116552420380292
0.2984072865409755;0.6967406971149713;27;34;6;0.8734805612700824;0.6578906722358
0.2937490790898005;0.5130492946933513;27;34;6;0.8741196720796162;0.13805374578451934
0.2146487467618401;0.2207512067167059;27;34;6;0.8670835783450258;0.09098786452431507
0.23265459356807228;0.1423275573458741;27;35;6;0.8717607548173143;0.7237939981978004
0.22512975450517703;0.3840568509894803;27;35;6;0.8758074616161566;0.17573894761240427
0.23776072478143329;0.47829696576275427;27;35;6;0.8759699742204448;0.766531408935692
0.25648324066646644;0.043518149826196506;27;34;6;0.8783066456925721;0.005004068069453527
0.2460917848930121;0.7106681097327064;27;34;6;0.87789082811091;0.35467888413384985
0.17272468598616986;0.5675286594279311;27;36;6;0.8732461162113679;0.44238613590238074
0.18786393098300425;0.9145256912211643;27;34;6;0.8698818404116311;0.9026621603297246
0.17747249011071098;0.5816756511276743;27;35;6;0.8781232488219366;0.5388723715446765
0.19583666400576316;0.8250744333751406;27;34;6;0.8793257795138484;0.7239545328628537
0.2088259613708393;0.2411369648655517;27;34;6;0.8672648586498489;0.7937887336292436
0.20416772411734196;0.05744556244393162;27;35;6;0.8777449118266464;0.516086595799499
0.12793402340110183;0.3397267933032213;27;34;6;0.8774319862981116;0.4421891351729649
0.140206651687377;0.11214450626051953;27;36;6;0.8713617724517224;0.09577812078871417
0.13554842933504085;0.9284531187400606;27;35;7;0.8759825249766738;0.21313680504664
0.1481793996112971;0.022693233513334743;27;35;6;0.8809553029128381;0.9166225844608185
0.14396908611998582;0.991279866889297;27;34;6;0.8748065189952698;0.8735878680486767
0.15937706153227382;0.829643711220383;27;35;5;0.8693287764348319;0.46778442181459234
0.4472018800165355;0.08349846404573746;27;35;6;0.8726125355222496;0.5942804021339417
0.4422749272487456;0.40844026398742583;27;35;6;0.8835314932859882;0.23873209168826748
0.4548163008516357;0.6722247894825768;27;35;6;0.878729726657609;0.40374804034065936
0.47031387293729;0.34104422309178584;27;35;6;0.8697215017119933;0.7781587615866735
0.4661035445448174;0.30963084156658705;27;34;6;0.8717194224972266;0.9675408330695283
0.47864494795003;0.5734153819628992;27;35;6;0.872185201705793;0.5311005846541166
0.40527781924086537;0.43027593165812383;27;34;5;0.8796144117175796;0.6841126503368481
0.3946176479531184;0.606059079026781;27;34;6;0.8755121758799816;0.3523929571872457
0.4100256382665677;0.44442292335786704;27;34;6;0.8776376707461933;0.9842159621414
0.42838981216161975;0.6878216907041722;27;34;6;0.8722952466078878;0.38877242228047515
0.41844628015035146;0.5072496715071034;27;36;6;0.867427865224041;0.8157241913603425
0.43672087227319856;0.9201928346741244;27;35;6;0.874960627477262;0.47155270638005486
0.3576205548463993;0.627894746697479;27;34;6;0.876183855559264;0.38999800673370955
0.34982698536805035;0.37825722780323245;27;34;6;0.8804824451483143;0.9791780259596302
0.36810157749089745;0.7912003760690922;27;34;6;0.8788949228563309;0.30615344963913815
0.3807325477671537;0.8854405057435274;27;34;6;0.8827169095499702;0.6222035360722143
0.3765222193746812;0.8540271242183286;27;33;6;0.8733022209340089;0.9578683618532821
0.3890636078787325;0.11781166461464077;27;34;6;0.8733878213516529;0.99303814514589
0.3128298922613312;0.40009289547393045;27;35;6;0.8810227483465;0.6014781410877512
0.3079029245923801;0.7250346805144576;27;34;6;0.8743238016302908;0.9812169752762473
0.3204443130964314;0.9888192060096086;27;35;6;0.8714887779566669;0.2341122103280422
0.315875657615139;0.6355834077672727;27;34;6;0.8752138986773087;0.566910434299712
0.3288649549802153;0.05164595415884499;27;35;6;0.8775735442671595;0.8215077230234012
0.3442729303925033;0.890009798489931;27;33;7;0.87376195225672;0.9254724150871124
0.3397043047135333;0.5367740002475951;27;36;6;0.8702604219053108;0.34256665456998636
0.15947020776124776;0.28419495824665253;27;34;6;0.8791530822757747;0.036116060688756724
0.17774481478525606;0.6971381214136734;27;35;6;0.8821168173717095;0.6809260773319024
0.17030955749456578;0.7693230192365638;27;34;6;0.8773740181445107;0.8507794267822015
0.18329885485964192;0.18538555072697482;27;34;6;0.8814054523031711;0.23476388278716787
0.20157343208132794;0.5983286989928346;27;35;6;0.8880553558373842;0.4306853938386631
0.19127160278356203;0.09593427797979004;27;35;6;0.873878142309107;0.04853141625740176
0.11754614698557753;0.6309724258590389;27;34;6;0.8873360369000011;0.20091639463353728
0.13295413729902683;0.4693362552889636;27;35;7;0.8701944912027875;0.9056563337597465
0.12265227819893854;0.9669418193747579;27;34;6;0.8788873620334423;0.4956964665353827
0.1413747940839718;0.5321630034382;27;35;6;0.8739099828755762;0.11954443788953206
0.1539161676868619;0.7959475289333511;27;36;6;0.8692793413934553;0.2892186237954213
0.14934752710673072;0.4427117306910152;27;35;6;0.8810471459016527;0.9093937722914892
0.0727554844005095;0.40317054483316783;27;35;6;0.868097302628608;0.4133854929386026
0.08529687290456078;0.6669550703283188;27;35;6;0.8762163165229573;0.0075820467045182305
0.0807282323244296;0.31371928698714424;27;35;6;0.8757187864834954;0.8706660949575629
0.09371752968950575;0.7297818333787165;27;34;6;0.8808799023436403;0.2737892318401972
0.08905929243600841;0.5460904309570964;27;35;6;0.8757285658430236;0.9266615632783067
0.10455684962050138;0.21490987946746665;27;35;6;0.8697133897522249;0.027178948867503827
0.025098205104882254;0.6007893747736843;27;35;6;0.8740350110620457;0.7034320185429827
0.020439982752546104;0.41709797235206425;27;34;5;0.8797274686943466;0.7949448889736863
0.03307095302880236;0.5113381020264994;27;35;6;0.8764574875530355;0.05420040004971172
0.05179345401267432;0.07655928608994167;27;33;6;0.8757912920479869;0.40590028854966353
0.04426861494977907;0.31828856483238654;27;34;6;0.8798294982267205;0.6704410943834599
0.05689958522603533;0.41252869450682184;27;35;6;0.8730666104264174;0.0024330973064462524
0.35009929514143423;0.49371966828690916;27;35;6;0.8591158498715272;0.7213268670340739
0.33970785426914096;0.1608696430945803;27;35;6;0.8743290162322449;0.39170999188388256
0.35520542635479524;0.8296890916049505;27;35;6;0.8782740489466122;0.08901467371940153
0.3739279273386672;0.39491027566839276;27;35;6;0.8791456717125391;0.46400926824012545
0.36353650136753524;0.062060250476063894;27;35;6;0.8805676460991018;0.050680982943145714
0.3819006603614261;0.305459002921208;27;35;6;0.8732159556198764;0.16006693417831264
0.302442015845807;0.6913384982274257;27;35;6;0.8787547376458036;0.3511978229205559
0.29491719168407293;0.9330677918710317;27;34;6;0.8813866335375263;0.21028638069554983
0.313281365579125;0.1764665443161757;27;34;6;0.8745623095061695;0.2849147682279608
0.32627066294420115;0.592529090707748;27;35;6;0.8823876010303049;0.7343514578231478
0.3216124256907038;0.40883770318728907;27;34;6;0.8760229172115563;0.2709472300844902
0.33424339596696007;0.5030778328617244;27;35;6;0.8741878253757042;0.43609952409658104
0.25765135326073885;0.463536647003877;27;34;6;0.8754230057353449;0.06550153552511628
0.2529931309084027;0.2798452445822569;27;34;6;0.8780543289719155;0.11495757917838079
0.26562410118465896;0.3740853742566922;27;34;6;0.8696916797535978;0.6244137581276752
0.26141377279218647;0.3426719927314934;27;34;6;0.8706706790522148;0.1570679324119988
0.27395516129623787;0.6064565033254832;27;35;7;0.8658505097959264;0.10767293997562655
0.28945271848073084;0.2752759518358534;27;35;6;0.8784523184087446;0.7693242403863397
0.28452576571294097;0.6002177517775417;27;35;6;0.8674693213843607;0.9276216008268423
0.20533586651393676;0.4774640596216122;27;35;6;0.865711178025969;0.3130936386341342
0.22370002550782764;0.7208628269679174;27;36;6;0.8806262281545788;0.975999083855717
0.21375650839772053;0.5402908077708486;27;34;6;0.876718577519873;0.9455838526551741
0.22916448381000853;0.3786546521019345;27;34;6;0.8763600165006584;0.331593395996857
0.2475286577050606;0.6220534194482398;27;34;6;0.8771747856527141;0.4839783892741538
0.23686848641731373;0.7978365817180582;27;35;6;0.8729707848845132;0.1037987751381707
0.5303369416493274;0.37039436803599823;27;34;6;0.8808861917356815;0.6389612390442336
0.5458344988338204;0.03921381654636846;27;34;6;0.8718871427076582;0.5008807093574524
0.5358909668225521;0.8586417973492997;27;34;6;0.8785735887574978;0.15249891088585354
0.5541655738465605;0.27158496051632064;27;35;6;0.8708769980374158;0.3099004387031452
0.5667965292216556;0.3658250752895946;27;34;6;0.8758611714530921;0.2815927476979859
0.5618695764538657;0.690766875231283;27;34;6;0.8740313840750638;0.1374635203894612
0.4855462641630982;0.14259251681244967;27;34;6;0.8686516993798358;0.8827837788071048
0.49817723443935447;0.23683263158572365;27;35;6;0.8709442797248457;0.9797611224411505
0.4939669209480432;0.20541926496168605;27;34;6;0.8793897044042597;0.18105751002262171
0.5065082945509333;0.46920377555567583;27;35;6;0.8766569763617929;0.7290300928481896
0.5019396688719633;0.11596799221450127;27;34;6;0.8693130394282812;0.9138435237509132
0.5170788989676364;0.4629650240077344;27;34;6;0.8741962077240268;0.40798129415896334
0.43788899976863216;0.34021131695064366;27;34;6;0.8707842014883357;0.707412459499607
0.4333203442873398;0.9869755485106302;27;35;6;0.8704796100741732;0.909246337714308
0.44630964165241593;0.40303808000104124;27;34;6;0.8843168471022362;0.25046520356976165
0.46458423377526303;0.815981228266901;27;34;6;0.8715584935330176;0.9694485550695943
0.45714899138573395;0.8881661260897914;27;35;6;0.8798826410018162;0.8717224622458271
0.4694216345731703;0.6605838241459284;27;34;6;0.8709008230428715;0.5567544859927485
0.3959649389929619;0.68698878456303;27;35;6;0.8753882710005793;0.7021415436103923
0.38566307989287374;0.1845943486488243;27;34;6;0.8764522889531455;0.06450160339809097
0.4043855957779069;0.7498155327122665;27;35;6;0.8704641485990016;0.764224978181983
0.419793571190195;0.5881793770433524;27;34;6;0.8733817696067848;0.6868338582417772
0.4094917269912679;0.08578495603030789;27;34;6;0.8796043808624269;0.34866430729573916
0.4274975737975002;0.007361306659475986;27;34;6;0.8719866806960709;0.7000058687068711
0.7152328105095569;0.4307604553055462;27;35;6;0.8757778884510657;0.7308757567359627
0.7077975681200278;0.5029453382272754;27;34;6;0.8654186236176935;0.32793891231127614
0.7265200542027386;0.06816652229071762;27;34;6;0.8854886040114266;0.5337143736018347
0.7390614576079511;0.3319510477858686;27;35;6;0.8798881573991134;0.8560315749290065
0.7344928021266587;0.9787152495435327;27;35;6;0.87850970396636;0.09719167232775594
0.746765445314095;0.751132962500831;27;35;6;0.8749263513871666;0.5079724142750545
0.6704421479244888;0.20295858918083642;27;35;6;0.8779369102551752;0.42986462525604774
0.6658734924431964;0.8497227909385006;27;34;6;0.8762545551995419;0.5577939139306768
0.6788627898082725;0.2657853373300728;27;34;6;0.8766357277449022;0.929384416008773
0.6742045674559364;0.08209394980961393;27;34;6;0.8787438063408032;0.5882158781975823
0.6868355377321926;0.17633407948404922;27;34;6;0.8781741797031519;0.7315531571856605
0.7019747678278658;0.5233310963761212;27;35;6;0.87036060803871;0.2751362480743459
0.6973165454755297;0.3396397088556623;27;36;6;0.869764084468136;0.7133752757485562
0.6182162280487303;0.047341620879016943;27;34;5;0.8748162481716796;0.7929306458510794
0.6369387290326024;0.6125628049424592;27;33;6;0.8682807535840505;0.45990253444356133
0.6265472881603092;0.2797127797501303;27;34;6;0.8759146420421623;0.8377637307736832
0.6420448602459634;0.9485322133593393;27;34;6;0.874075663972862;0.8638390361895784
0.6600507070521956;0.8701085639885076;27;34;6;0.8765030430492206;0.7661058144522732
0.6496592661799024;0.5372585238950175;27;36;6;0.8800857729923083;0.8808666273162549
0.5762921672730602;0.3941190735902421;27;33;7;0.8779048020417852;0.038135770077791786
0.5892814646381364;0.8101816199818145;27;34;6;0.8754698572714592;0.5855708771712911
0.5817566255752411;0.05191089872425936;27;34;6;0.8799768025701165;0.004012422595169762
0.600120784569132;0.2953096660705645;27;34;6;0.8699545336128129;0.5743803441638523
0.6123934426577295;0.06772737902786274;27;34;6;0.8764909451348487;0.05749961619533561
0.6077352054042322;0.8840359766062427;27;35;6;0.8780421598056928;0.9205836644483802
0.43072605225132576;0.5278586850595333;27;35;6;0.8740658502635825;0.4427568309893669
0.4437153496164019;0.9439212165499443;27;35;6;0.8825281139287645;0.9199637209564834
0.43905711236290457;0.7602298141283241;27;33;6;0.8755404312985369;0.545961654843552
0.4516880826391608;0.8544699438027594;27;35;6;0.8669147815020566;0.5910282065599342
0.44676112987137095;0.1794117437444478;27;34;6;0.878687688646087;0.036835242625442355
0.46216910528365895;0.0177755880755337;27;35;6;0.8833915715791973;0.19352013116625544
0.3830687878568597;0.7254775000988885;27;34;6;0.8737043186908189;0.8182639351436156
0.3788584743655484;0.6940641185736897;27;34;6;0.87149078247122;0.9650053065743216
0.3913998479684385;0.9578486440688406;27;34;5;0.8722134499643639;0.6580100633440019
0.4097640218634906;0.2012473965139846;27;35;6;0.8797240861664164;0.6668314695553024
0.4019704523851416;0.9516098925208991;27;34;6;0.88075653638828;0.2870066031502091
0.4145118408891929;0.215394403114889;27;35;6;0.874367287315152;0.43571877356942434
0.3160619500730869;0.5446859018198117;27;34;6;0.8758700845764879;0.7434342205329917
0.32905124743816305;0.9607484631125451;27;34;6;0.8705369025435091;0.9201853217395901
0.3244825919568707;0.6075126648702093;27;33;6;0.8750958489156084;0.5403604553344967
0.6122178435700886;0.030911813516279474;27;35;6;0.8800751424275838;0.46373273825826367
0.6072908759011375;0.35585361345796784;27;35;5;0.8753907560186187;0.1399858079337425
0.6227884330856305;0.024673047067176768;27;34;6;0.8741166212193658;0.2982831534730839
0.635329836490843;0.28845757256232785;27;35;6;0.8834421735320225;0.9914670737871741
0.6311195080983705;0.25704420593829014;27;34;6;0.8719761584136467;0.17233893651520127
0.6437504783746268;0.35128433561272543;27;34;6;0.8643975673115957;0.4747262705362867
0.5702937827944184;0.37768928112866584;27;35;6;0.8732737112888662;0.6023868138943007
0.5625001984149082;0.12805174733325797;27;35;6;0.8719784593149632;0.26986446415278365
0.5751311686911645;0.22229187700769326;27;34;6;0.8772494174355088;0.08210199348315628
0.5934057608140116;0.6352350401747142;27;35;6;0.8791749725880166;0.4320138109957776
0.5834622288027433;0.45466302097764544;27;34;6;0.8793782830354774;0.51098887228036
0.6018264026977954;0.6980617883239506;27;34;6;0.8782922011331211;0.8709338035764547
0.5255031053081891;0.14988741500395608;27;33;6;0.8684840554969676;0.6697341266807263
0.5148429340204422;0.32567057727377446;27;35;6;0.8803713973929796;0.9594473061959915
0.5332071079154943;0.5690693297189184;27;35;6;0.8724773674182499;0.2760701766862952
0.5457484964195456;0.8328538552140694;27;34;6;0.8721445057918938;0.6317151978177123
0.5415381680270731;0.8014404885900318;27;35;6;0.8825500897557275;0.1541606741320829
0.5570357401127273;0.47025992219924084;27;35;6;0.8673624713516891;0.7490774465324072
0.47784584091372306;0.34750623004331127;27;35;6;0.8717117829813392;0.25924671520257236
0.472918873244772;0.6724480299849996;27;35;6;0.8764843203973174;0.675405913037777
0.48554984352102826;0.7666881596594348;27;34;6;0.878515164056861;0.9651190925530422
0.5009578189333164;0.6050519890893596;27;34;6;0.8718375351000166;0.21290818149031476
0.4967475054420051;0.5736386224653219;27;34;7;0.879552229578005;0.5611179751333639
0.5093784757182613;0.667878737238596;27;34;6;0.8676091514308115;0.9133161005386036
0.5047202533659252;0.48418734971813715;27;36;6;0.8734544119031408;0.5190722077710846
0.792186744761367;0.4162196858263545;27;34;6;0.8750367661848304;0.2869669684762529
0.8076843168470211;0.08503914923788591;27;36;7;0.885425793822441;0.5591222100463108
0.803026094494685;0.9013477468162658;27;34;6;0.8711198099006587;0.1030315181105732
0.8160153918597611;0.3174102783066769;27;34;6;0.8717946483573418;0.8410061159108927
0.834379550853652;0.5608090605541434;27;34;6;0.8726419101376925;0.1483668151435702
0.8239881099813589;0.2279590204606533;27;34;6;0.8740557184482416;0.5023993792764591
0.7473960672751376;0.18841783460280592;27;34;6;0.867859859932295;0.7986435757649816
0.7657602560713509;0.4318166019491111;27;34;6;0.8753419716319579;0.30415462208281063
0.7553688151990577;0.09896656185562114;27;35;6;0.8811789467305856;0.6841657809458518
0.7740913161829297;0.6641877310179021;27;34;6;0.870966240840734;0.023238263626316202
0.7867222864591861;0.7584278606923374;27;34;6;0.8811812382505225;0.4079544233303488
0.7791974473962908;1.5715433594343242E-4;27;34;6;0.8722883318413147;0.7763199816090659
0.7054720214006286;0.5351953022151923;27;36;6;0.8752963022144539;0.15122500925874605
0.7181029767757238;0.6294354169884664;27;33;6;0.8790430712845594;0.02536324515953059
0.7134447544233876;0.4457440294680075;27;34;6;0.8762747401682318;0.3552088500063665
0.7264340517884638;0.8618065609584186;27;34;6;0.863577906569276;0.4166259584445804
0.7419316089729567;0.5306260094687888;27;33;6;0.8755711372590624;0.031608958411851185
0.7372733866206206;0.3469346070471687;27;35;6;0.8731045622694468;0.32723450509032215
0.6578147421050015;0.7328141172545476;27;35;6;0.8702582497294715;0.14404066009966476
0.6532461015248703;0.37957831901221173;27;33;6;0.8741817864059763;0.2656564363375572
0.6686540918383195;0.21794216334329763;27;35;6;0.8753876998765234;0.6032956106627421
0.6816433743022344;0.6340047097348699;27;35;6;0.8764067247694621;0.9637780474932277
0.6770747337221033;0.28076891149253413;27;33;6;0.8668952279487979;0.7625783705974993
0.6896161222261545;0.5445534369876851;27;35;6;0.8771225124519013;0.06563915966549938
0.9828158172403921;0.6257444107677724;27;34;6;0.8787183874921362;0.4969261323340419
0.975380574850863;0.6979293085906628;27;35;6;0.8811907981655188;0.030031794837320658
0.9879219633549143;0.9617138340858138;27;36;6;0.8666988799354;0.33801955157427177
0.006644464338786404;0.5269350032480948;27;34;6;0.8658968011498075;0.659175769220709
0.9963426052386982;0.02454058223505029;27;35;6;0.8755851729830811;0.21669073878401435
0.01461719736154532;0.43748373050090994;27;34;6;0.8701403657971751;0.8242384814605949
0.9380251546553241;0.39794254464306267;27;34;6;0.8778939167966532;0.124432668719197
0.9277233104563971;0.895548123630018;27;34;6;0.875817362910776;0.4032169167289391
0.9459979025792442;0.30849128679703897;27;34;5;0.8754906560095133;0.4934792366078645
0.9589871850431592;0.7245538331886112;27;35;6;0.8661175808544754;0.15011753713302933
0.954418544463028;0.37131803494627547;27;35;6;0.8730489792595695;0.704539992656194
0.969826519875316;0.20968187927736137;27;35;6;0.8759169621342876;0.0573184119782133
0.890367890260858;0.595561374583579;27;34;6;0.869959325688982;0.3829537033337379
0.8857992347795657;0.2423255763412432;27;34;6;0.8854089969643978;0.9421707116677766
0.898340623283617;0.5061101167375555;27;34;6;0.8745425480314633;0.7639145724198607
0.8941302948911445;0.47469673521235656;27;35;6;0.8836454764349042;0.9893979192873849
0.9096278818779598;0.1435161688215656;27;33;6;0.8831997384780453;0.7652654279164732
0.92216925548085;0.40730070921787775;27;34;6;0.8808010601476235;0.20407723964791102
0.9172422878118989;0.7322424942584049;27;34;6;0.8687380140983146;0.5519286913009791
0.8381419703850996;0.4399444062817597;27;34;6;0.8786296426722164;0.8230985184756211
0.8535499606985489;0.2783082506128456;27;34;6;0.8773400835108892;0.11997819506380047
0.8493396472072376;0.2468948690876468;27;34;6;0.8710840842693804;0.8164338227647637
0.8619706174834939;0.3411349987620821;27;36;6;0.8654297583405618;0.9576211541210837
0.8802451947051798;0.754078161929103;27;35;6;0.8694824919928068;0.5823649431972828
0.8695850085162717;0.9298613092977602;27;35;6;0.8719892694967032;0.6754470863969508
0.6925758702645264;0.5736840028498895;27;34;6;0.8704987928177705;0.3073573725460641
0.7108504474862123;0.9866271511157493;27;34;7;0.8769709506911416;0.28680757664924195
0.7009069452772664;0.8060551468198417;27;35;6;0.8697098601436288;0.6296388995032239
0.7192711042711573;0.04945389926498567;27;34;6;0.8813661029570147;0.8469703498035792
0.7318124927752087;0.31323843966129783;27;35;6;0.8784851764817097;0.49939478728182507
0.7240189232968597;0.06360090586589007;27;35;6;0.8725279819112504;0.600449663504252
0.6506518094888563;0.9204614555611147;27;35;6;0.8791874873674446;0.23235994965336526
0.6631931830917464;0.18424598105626566;27;35;6;0.8807148480485734;0.20759982536407062
0.6589828696004351;0.15283259953106687;27;33;6;0.8693081376028475;0.7640826467467885
0.6716138398766913;0.24707272920550205;27;34;6;0.8740774079373376;0.9368025831053244
0.6870218301901405;0.08543657353658807;27;34;6;0.8816880256874896;0.5511549462103914
0.6820948476200283;0.41037835857711524;27;34;6;0.8695211960342327;0.7265623506362378
0.6029945450943902;0.11808028550163108;27;34;6;0.8774768706636946;0.158293652807875
0.5983363078408929;0.934388883080011;27;34;6;0.8806813979382164;0.3526922886330469
0.611325605205969;0.35045141457042206;27;34;6;0.8780577290725;0.033603565759700804
0.626823162390462;0.019270877981953483;27;34;6;0.8689883016784207;0.3818993618170249
0.6221649400381258;0.8355794755603334;27;35;6;0.8712578889419973;0.7038618154133068
0.6344375832255622;0.6079971885176316;27;34;6;0.8822247136948262;0.047947297979319514
0.5610704694175588;0.46485773821285625;27;35;6;0.870913281989318;0.033309854344542034
0.5535456452558247;0.7065870169553012;27;35;6;0.8728832956962439;0.39495327485576215
0.5665349277197397;0.12264956334687349;27;34;6;0.8787442197287284;0.14161724495531913
0.5848991016147919;0.36604833069317866;27;35;6;0.8693635493791729;0.024541578742245163
0.5745076756436598;0.033198290599688596;27;34;6;0.8758379763496177;0.8538891520579616
0.5925135224498921;0.9547746412288568;27;34;6;0.8741917018598002;0.2327825114698321
0.8832049427435517;0.7832087277913075;27;35;7;0.8756706119001335;0.4911422048238079
0.8728135167724197;0.4503587025989786;27;34;5;0.875437553985805;0.8109547107883317
0.8915360177562917;0.015579871761259634;27;34;6;0.8687302799979664;0.09359094520056521
0.9041669731313867;0.10982000143569481;27;33;6;0.876249977458635;0.12768576212787464
0.8995087507790506;0.9261285990140747;27;34;6;0.871287247127642;0.5170133805967493
0.914648010677046;0.2731256308073079;27;34;6;0.8795437586114822;0.8790186926535583
0.8355476783490856;0.9808275428306626;27;33;6;0.8647512635737908;0.6539008017883918
0.8308894559967495;0.7971361553102038;27;35;6;0.8791850348272477;0.8196228024872748
0.8438787384606644;0.21319868680061482;27;35;6;0.8734459515540623;0.47169247733346975
0.8393100978805332;0.8599629034594402;27;36;6;0.8792638526256471;0.8390726659202546
0.8547180881939824;0.6983267477905262;27;35;6;0.8683566946395812;0.1504645150998335
0.8669907164802577;0.4707444607478244;27;34;6;0.8778624653483588;0.9866202583996441
0.8624220908012877;0.11750866250548853;27;35;6;0.8728166337687931;0.011846524582144857
0.7832321767011222;0.9947549554483978;27;34;6;0.8763845233129056;0.3546814267940569
0.8019546776849943;0.5599761544130012;27;34;6;0.8771177674962323;0.7180304505327793
0.7945194352954652;0.6321610373347304;27;34;6;0.8709806115417118;0.30766192817533256
0.8070608088983553;0.8959455628298814;27;35;6;0.879829002104555;0.8175196333441719
0.8250666706057487;0.8175219134590496;27;34;6;0.8812366290026552;0.06244213537320775
0.8147648115056605;0.3151274775448437;27;34;6;0.8785759053819766;0.42982232395999265
0.7384415141160542;0.7669531042248492;27;35;6;0.8729640349875611;0.7881547833563978
0.7571640150999261;0.33217427338713024;27;34;5;0.8757827230557752;0.1734084336936601
0.7468621709009992;0.8297798523740856;27;34;6;0.8819959979599253;0.6943274554237772
0.7651367630238463;0.24272301554110653;27;35;6;0.8748190509664975;0.3265996480196405
0.7774093913101214;0.01514071359724356;27;34;5;0.870444785451916;0.6027860246354385
0.7699741489205923;0.08732561142013395;27;34;6;0.8821867920832848;0.9670308809973717
0.06344258925144486;0.6598834126392352;27;35;5;0.8692710943504517;0.5283863817008334
0.07643188661652112;0.07594594412964639;27;35;7;0.8665551705694494;0.9608026090828816
0.07186324603638983;0.7227101756896329;27;35;6;0.8720026916526527;0.22283514019610007
0.08440461963928003;0.9864946862836227;27;34;6;0.8726063012343133;0.6133273217036393
0.0995438795372755;0.33349170317569465;27;34;6;0.8777275016591224;0.358468416576873
0.09497522405598313;0.9802559198345201;27;34;6;0.8749402302312284;0.46172003382087456
0.015785324856978922;0.8575022276785905;27;34;6;0.8766815967149407;0.8062569748035199
0.011575011365667631;0.8260888461533917;27;35;6;0.8732331559772049;0.14783773220456242
0.02420598164192389;0.9203289758278269;27;35;6;0.8705447236694961;0.8353816100299919
0.03961395705421189;0.7586928201589129;27;34;6;0.864652090608902;0.29122177478013456
0.034686989385260825;0.08363462010060119;27;34;5;0.8814273996636321;0.9213440048430785
0.047317959661517084;0.17787473487387528;27;34;6;0.86836789513662;0.114040586996356
0.9738612491801475;0.2042796803898157;27;35;6;0.8701699233353775;0.8115280117342151
0.9639177320700404;0.023707676093908114;27;35;6;0.8774812995561783;0.782557559052448
0.9794153041556946;0.6925271246042783;27;35;6;0.8667725066031806;0.17555800037940417
0.9976898962785417;0.1054702728701381;27;34;6;0.8806940786021237;0.997291137958859
0.9870297100896336;0.2812534351399565;27;33;6;0.8836219319298108;0.2753587466921227
0.005393883984685766;0.5246522024862617;27;35;6;0.8719854234540123;0.6741819734100796
0.9290705865950794;0.9764778291662671;27;35;6;0.8694831904480494;0.7749138308688455
0.9191270694849722;0.7959058248703595;27;34;6;0.8780060577238906;0.5787307034142732
0.9374912284788632;0.03930457731550352;27;34;6;0.8709439623499085;0.999859702004301
0.9500326318840757;0.3030891028106545;27;35;6;0.8752076977388418;0.3338260385702433
0.9451056493139635;0.6280308878511817;27;35;6;0.8829371249800732;0.8938025341677938
0.9606032213996176;0.2968503512627131;27;35;6;0.8806670114132723;0.9715234357403454
0.24833847301283551;0.7202494999087832;27;35;6;0.8657106644876074;0.36918211432079895
0.24412814462036303;0.6888361183835844;27;35;6;0.8791770514857912;0.7077171212691947
0.2567591148966193;0.7830762480580197;27;35;6;0.8742501704309441;0.5359001166450853
0.25210087764312195;0.5993848456363996;27;35;6;0.8842027953411519;0.6102169555773316
0.2672401226399562;0.9463818774296328;27;36;6;0.8783350305993993;0.975626345175607
0.2798710929162125;0.04062200710406805;27;35;6;0.8746014972405654;0.3275985434489427
0.27521285566271514;0.8569306046824479;27;34;6;0.8647612808767099;0.09701619428159547
0.19647088022589698;0.8864549483241009;27;34;7;0.8738523174073741;0.7519524560360271
0.21483503921978797;0.12985370076924485;27;35;6;0.8715438930139774;0.5962244215329947
0.2073102150580538;0.3715829944128509;27;35;6;0.8689679835661167;0.011888946919680454
0.2195828582454903;0.14400070737014914;27;34;6;0.8813301219593501;0.5914837463219915
0.23794701723938116;0.3873994598152932;27;34;6;0.875540729155739;0.7732514118709072
0.1579508969916934;0.7905453300458053;27;34;6;0.8672263350040699;0.36404388809535615
0.14755947102056144;0.4576953197546376;27;34;6;0.8722341724524074;0.9292585190160083
0.16592363001445232;0.7010940721997817;27;34;6;0.875138688789771;0.0583523558281408
0.17891292737952846;0.11715661859135396;27;34;6;0.872293839817638;0.9934954656761261
0.1713881032177944;0.35888589733379883;27;36;6;0.8711106114981931;0.16549876275818343
0.18975227711284648;0.6022846646801041;27;34;6;0.870732963896185;0.5202911801994371
0.11029363259722735;0.9881641599863218;27;34;6;0.8750407128903511;0.6376498495562017
0.10563539534373001;0.8044727724658629;27;35;5;0.8814901229347987;0.28219113578389365
0.12113298233054537;0.47329220607507183;27;35;6;0.8666217150791494;0.4291116558578484
0.13412226479446032;0.8893547375654829;27;34;6;0.8777206263370068;0.8686048134417671
0.12946404244212417;0.7056633649461852;27;34;6;0.8733243582802516;0.08427740920095295
0.14209501271838043;0.7999034797194593;27;35;7;0.8769598774250277;0.541776428492265
0.13716803014826817;0.12484527966114767;27;35;6;0.8701843273472462;0.054364390110803296
0.960069310124318;0.9382123541328315;27;35;6;0.8753391704553515;0.4519334869190518
0.9727002804005742;0.03245248380726673;27;35;6;0.8759405409143641;0.6036914077909138
0.9684899520081017;0.0010391171832291324;27;35;6;0.8687991846860295;0.19972634568726166
0.981031340512153;0.2648236426783801;27;33;6;0.8700803984769562;0.37253945807709377
