0.5899507558617024;0.28197905054282824;20;28;6;0.8696194239008839;0.8000947747699849
0.5213314610794013;0.15298659193779607;20;27;6;0.8778138590379704;0.3016593947745033
0.5396060532022484;0.5659297700059782;20;29;6;0.8710057508997141;0.8493668116413864
0.5551036252879026;0.23474920361518725;20;28;6;0.883904745634186;0.09474078698821609
0.5451600932766343;0.054177184418118474;20;28;6;0.870220057643337;0.6047344565707403
0.4717033976964259;0.08058212993405889;20;27;7;0.874772000255725;0.18285314433422206
0.48433436797268214;0.17482225960849418;20;28;6;0.879829012064786;0.6444728953446405
0.4794073854025699;0.49976405955018244;20;27;5;0.8708228439505519;0.2641141176642475
0.4948153906171803;0.33812788898010726;20;27;6;0.8807224511326832;0.7741077872467718
0.5074463608934365;0.43236801865454244;20;27;6;0.87783340896839;0.9962338201603234
0.503236032500964;0.40095463712934365;20;27;5;0.8727461736720966;0.549943171061456
0.7042565458522825;0.9433294021642517;20;28;6;0.8728035044395142;0.0071734450361531366
0.6939547016533555;0.4409349662500458;20;27;6;0.8736157233726767;0.5587328483055277
0.7119605484595877;0.362511316879214;20;28;6;0.8749146306235528;0.9280410027949498
0.7245019369636391;0.626295842374365;20;27;6;0.8794585842922473;0.10765872071210736
0.7170666796729487;0.6984807252960942;20;28;6;0.8696344167991625;0.8519971589934264
0.7357891657556596;0.2637019093595364;20;27;6;0.8773319926345517;0.22072463862005487
0.6565992814578165;0.14094821720360684;20;27;6;0.8706371583537142;0.5239103028842576
0.6520306259765242;0.7877124338624322;20;28;6;0.8768856303438486;0.02109383864611558
0.6643032691639605;0.5601301468197304;20;27;6;0.868825205817063;0.5211439762173715
0.6797112594774097;0.3984939762496552;20;28;6;0.8743564035527156;0.03749793672528756
0.9817795201376172;0.6947897339765614;20;28;6;0.8772758120715194;0.2495012591819996
0.8486616473909601;0.6377625941124117;20;28;6;0.8795256582029658;0.8729049010330543
0.8600384877575079;0.1056242652768673;20;27;6;0.8792917101992718;0.3784195118076523
0.8558281593650354;0.0742108986528297;20;28;6;0.881793063084645;0.9604365686151054
0.868369562770248;0.33799542414798067;20;27;6;0.8780987988337089;0.2916726636325099
0.1619275848733055;0.7410088146452051;20;28;6;0.8784010118639987;0.8092807540501343
0.15413401539495653;0.4913712957509584;20;28;6;0.8790577207025958;0.3266200991511439
0.16667538899784662;0.7551558063449482;20;27;6;0.8766274508055762;0.02912047907106763
0.18503957779405988;0.9985545736912534;20;28;6;0.8729644372066303;0.1733143220532536
0.1750960457827916;0.8179825544941847;20;27;6;0.8789288935897556;0.6235572475982853
0.1933706379056387;0.23092573256236681;20;27;6;0.8780641689416165;0.3854500593680428
0.11713692228823736;0.5132069485204953;20;27;6;0.875779953287924;0.9450717774323812
0.10647673609932928;0.6889901107903137;20;27;6;0.8742603459366346;0.2679653421747106
0.12475132822217638;0.10193327395733454;20;27;6;0.8808283699311462;0.7413202457393356
0.13738229849843264;0.19617338873060863;20;28;6;0.8726870210287451;0.24755151069157344
0.13317197010596016;0.16476002210657104;20;27;6;0.8637802055394557;0.7986630200010842
0.14857996041940946;0.0031238515364957475;20;27;6;0.8715566903260559;0.9202823457945843
0.06947965789377131;0.7108257784610117;20;28;6;0.8671209667948295;0.5998499112393249
0.06455267532365905;0.03576757840270006;20;28;5;0.8739562079336229;0.5087564042131721
0.07709404892654925;0.29955208899668984;20;28;6;0.8797176353131615;0.9887870927061367
0.03230338634148111;0.07175023777314116;20;28;7;0.8708066839600243;0.5588898483161344
0.027734745761349933;0.7185144395308054;20;27;6;0.8737656926838285;0.16025646361173318
0.040724028225264886;0.13457698592237766;20;28;5;0.8714907370486551;0.6170388287254055
0.05899863524927318;0.5475201341882374;20;28;6;0.8718923091197238;0.9726410465732729
0.048696776149184995;0.04512571317519276;20;27;6;0.8734384175018611;0.16444181100450062
0.8713292959074586;0.3671259751090239;20;27;7;0.8822617585720579;0.6806165930668455
0.8896038880303058;0.780069153177206;20;27;6;0.8703786668178441;0.294076717807793
0.8793020438313788;0.2776747172630002;20;27;7;0.8750484105472836;0.5677005462559669
0.8980245299140895;0.8428959013264424;20;28;6;0.8801009109989253;0.21851606139013102
0.9105659184181408;0.1066804119204322;20;28;6;0.8696999332710673;0.5144103533852169
0.9031306760286117;0.1788653097433226;20;28;6;0.8797020220165561;0.08433393054964355
0.8294052351317884;0.7139034427214103;20;26;6;0.8771472248074306;0.09630213914929198
0.8419466236358397;0.9776879682165612;20;27;6;0.8779970480275006;0.553980321985014
0.8373779681545473;0.6244521848753867;20;27;6;0.8689039930514382;0.20479585202033934
0.8503672655196235;0.04051471636579773;20;28;6;0.8844103870671199;0.7630738584027643
0.8657752707342339;0.8788785606968836;20;27;6;0.8790878707634907;0.48940288542108223
0.8612066152529415;0.5256427624545478;20;28;6;0.879356523553177;0.5625551613146639
0.7817479707373224;0.9115222577607655;20;28;6;0.8729733628991257;0.23460146705443918
0.777089733483825;0.7278308702403066;20;28;6;0.8838852629767097;0.5120419884811068
0.7925873204706404;0.3966503038495156;20;26;6;0.8742909306932631;0.8452916857705705
0.8055766029345555;0.8127128502410879;20;27;7;0.8683404760347238;0.4836985933036133
0.8009183805822192;0.629021462720629;20;26;6;0.8722331111526531;0.7593475090885039
0.8135493508584756;0.7232615923950643;20;26;6;0.8774384786551119;0.16918924908418875
0.7398238950604911;0.25829971047199074;20;27;6;0.8831435713672218;0.4812977524414074
0.7322990708987569;0.5000290041155968;20;27;6;0.8821650886006346;0.5137334549230138
0.7449300411750133;0.5942691337900321;20;28;6;0.8695753606684397;0.1775382674222541
0.7636525421588852;0.15949030295231303;20;27;6;0.8694947055970174;0.18233999385014954
0.7532611161877533;0.8266402926611454;20;27;6;0.8676918455716581;0.4715156678310236
0.7716252751816441;0.07003904510628944;20;27;6;0.8759842015754264;0.09133605369504061
0.061958383287645025;0.5766507000504418;20;27;6;0.8749835657542772;0.9390477860046479
0.05156695731651306;0.24380067485811296;20;28;6;0.8768631705205204;0.2493218357330561
0.06993113121156513;0.48719942730325694;20;27;6;0.8725343088878552;0.6147312402324928
0.08292041367548009;0.9032619885959904;20;29;6;0.8896852462622248;0.8800782969172951
0.07826219132314394;0.7195705861743703;20;28;6;0.8790212722996089;0.1852890336170533
0.09375974850763702;0.38839001978357934;20;28;6;0.8679726679374006;0.5152709838235883
0.014301118893178977;0.7742695299909582;20;27;6;0.8799157721848871;0.311115123346257
0.009642881639681633;0.5905781275693381;20;27;5;0.8711737729561796;0.6045011406207648
0.022273851915938003;0.6848182572437733;20;27;6;0.875581485736794;0.24850847086967343
0.01806352352346552;0.6534048906197357;20;28;6;0.8732460007397377;0.5867747325014544
0.03347151383691471;0.49176872004966055;20;27;6;0.8736824609585027;0.6394014167047294
0.9846497013049452;0.8934646956594816;20;29;6;0.8700070218170047;0.4071169989643265
0.9971910749078353;0.15724922115463258;20;27;6;0.8672737091059923;0.7558642683394444
0.9241822881886518;0.3359321875669943;20;27;6;0.8717836173407655;0.323727494545479
0.9138804290885636;0.8335377516527885;20;28;6;0.8733893391542231;0.4595866831569948
0.9321550361125719;0.2464809148198095;20;28;6;0.8729331792193649;0.7249337398417972
0.9472942662082451;0.5934779466130427;20;27;6;0.8770462747336112;0.4054006874653563
0.9369924071081568;0.091083525599998;20;27;6;0.8742213664378632;0.17616204997992246
0.9552670141321652;0.5040266738658578;20;27;6;0.877608039379885;0.5256259884338412
0.24345017460640794;0.07970384340834924;20;28;6;0.8724717231243736;0.5871326637430989
0.23888151912511557;0.7264680600671746;20;27;5;0.8622114235399803;0.20677390096386705
0.25428949453740357;0.5648319043982606;20;28;6;0.8722724953321814;0.5190615529643344
0.26656215262600114;0.3372496173555588;20;27;6;0.8754567769374191;0.07689166538689585
0.26199351204586996;0.9840138191132229;20;28;7;0.8693588032898981;0.32938577006632097
0.27453488564876005;0.2477983446083739;20;28;6;0.876682429058604;0.1310526949799906
0.27032457215744876;0.21638496308317512;20;27;6;0.8686232303689709;0.501926542880447
0.19409085654004743;0.498666208843626;20;27;5;0.8675806334652213;0.8057039861260867
0.20663223014293752;0.7624507194376158;20;27;6;0.8822549957767084;0.20850410424506016
0.20170526247398646;0.08739251937930415;20;27;6;0.8813278011250422;0.5781238371369694
0.21433621784908152;0.18163264905373933;20;28;6;0.8769399921546137;0.9759616643606716
0.22974422306369202;0.019996493384825342;20;28;6;0.8675307402484518;0.7930365795877904
0.22553389467121943;0.9885831118596266;20;27;6;0.8748094556039195;0.14841285540259264
0.1464335772444202;0.6962850238829812;20;27;6;0.8717109013356229;0.4495496388718997
0.1647081693672674;0.10922817214884095;20;28;6;0.8840028939051265;0.6884701919655248
0.15404798317835922;0.28501133441865933;20;28;6;0.878623449569897;0.06221064167537915
0.16954557016517469;0.9538307829290296;20;27;6;0.8814715238402722;0.7259258873035757
0.18782016228802179;0.3667739460960505;20;26;6;0.8806194718806243;0.2235109641861398
0.1778766302767535;0.18620192689898174;20;27;6;0.8701797337202247;0.6408775283435587
0.10450951646875006;0.04306247659420637;20;28;6;0.8663363165186613;8.224596396533279E-4
0.11705090497280135;0.30684700208935733;20;28;6;0.8786309346738121;0.6059515093678608
0.10925733549445238;0.05720946829394957;20;28;6;0.8636229090264068;0.6395984025329842
0.12762149448834326;0.30060823564025474;20;28;6;0.867011576310009;0.9923768367561645
0.14016289789355574;0.5643927462342445;20;27;6;0.8798635131027971;0.8774439892613108
0.13595256950108325;0.5329793796102069;20;28;6;0.8761119016273157;0.14735967162508312
0.4237773879853449;0.7868341473367225;20;28;6;0.8758369365528578;0.504438016012941
0.4391853782987942;0.6251979916678085;20;27;6;0.8801656977488215;0.6401065858177117
0.43425841062984305;0.9501397767083356;20;29;6;0.8865110804456497;0.4718728371806399
0.4468893809060994;0.0443798914816097;20;29;6;0.8804971494014859;0.8205305247835528
0.4422311436526021;0.860688518862312;20;28;6;0.8666248519508053;0.41267027714668414
0.4552204410176782;0.27675105035272307;20;27;6;0.8698355068846398;0.5753143113393582
0.3789867254002769;0.5590322812120128;20;28;6;0.8757766752465548;0.04705317854752478
0.37432848814677955;0.3753408936915539;20;27;6;0.874762208824365;0.7093351307216029
0.3866011462353771;0.1477585917476909;20;28;6;0.8754179917202582;0.06641346020829952
0.404965305229268;0.39115735909399607;20;28;5;0.8689969394177345;0.4281500269484936
0.39744046616637274;0.6328866527376023;20;27;6;0.8705871212495201;0.4806089879685327
0.4104297635314489;0.04894918422801331;20;28;6;0.87402100541402;0.275288579353698
0.33706266462460666;0.9058097339232379;20;28;6;0.8693661086085334;0.6427583497126879
0.3266712237523135;0.5729597087309091;20;29;6;0.8726660730739857;0.9327402596434067
0.3446770705585457;0.4945360444589161;20;27;6;0.879319930500793;0.018881818000903272
0.36017464264419985;0.1633555078704475;20;27;6;0.8779488681590284;0.8482293913166197
0.3497832017719067;0.8305054677769574;20;29;6;0.872782676694093;0.12907400518591505
0.36850570275577876;0.3957266369392385;20;27;6;0.8774756910183077;0.48615234957377285
0.2894053853289794;0.10342856386375432;20;27;5;0.8776035601887514;0.8649093636259444
0.28474716297664326;0.9197371614421342;20;28;6;0.8730494297524655;0.16240769002417543
0.29988639307231646;0.2667341932353675;20;28;6;0.8696469983402362;0.9794826201524554
0.3125173633485727;0.3609743229098027;20;28;6;0.8652761342457451;0.3399650420817798
0.30785914099623657;0.17728292048818262;20;28;6;0.8672654720701855;0.6047745932321911
0.3208484383613127;0.5933454668797549;20;27;6;0.8848704411991797;0.666191701670405
0.31627979778118154;0.240109668637419;20;27;6;0.8783244722726422;0.5027057720590355
0.13918104795490882;0.05347675801026408;20;27;7;0.8714380971471467;0.791164806763431
0.1514536911423452;0.8258944709675623;20;28;6;0.8776553191201131;0.35768429148522995
0.1468850654633752;0.47265868762638774;20;27;6;0.8691116523342883;0.7230936959846667
0.1594264390662653;0.7364431982203775;20;27;6;0.8800888737353929;0.8379012873373035
0.17814895495129857;0.30166436738265845;20;28;6;0.8695685258494829;0.6673384275240637
0.1707136827594471;0.37384926520554884;20;26;6;0.8721507045914909;5.0634180297493E-5
0.09152378356044277;0.2510955879507806;20;27;6;0.8719268268619875;0.27095173093948577
0.10952963036667507;0.17267193857994867;20;28;6;0.8692694340773527;0.7043105396310778
0.09922777126658688;0.6702775026657429;20;28;6;0.883400736193739;0.037470655148336474
0.11463577648119727;0.5086413469968288;20;28;6;0.8690827264751693;0.8420937785447701
0.13335827746506923;0.07386251615910988;20;27;6;0.8726591305828664;0.2032928397505731
0.12305641836498105;0.5714680951460653;20;28;7;0.8671610213795534;0.44861610610712566
0.04959972278477265;0.5978730406620058;20;28;6;0.8699626843661021;0.7256983004449734
0.06187236597220902;0.37029075361930397;20;28;6;0.8780561090875529;0.04918364416873988
0.054437123582679936;0.44247563654103317;20;27;6;0.8832325237501742;0.1211713421224957
0.07271171570552704;0.855418799708054;20;27;6;0.8731961681147457;0.9827681895192288
0.08570099816944199;0.2714813460996264;20;28;6;0.8754451011632421;0.33214253129978155
0.08113235758931081;0.9182455478572905;20;28;7;0.868640161895009;0.6444301982014101
0.0019424583903066006;0.7954918557013609;20;27;7;0.8811860105909364;0.3425446655423815
0.01708170338714088;0.1424888874945941;20;27;6;0.8708933080495671;0.2711126763528756
0.012513047905848507;0.7892530892522583;20;27;6;0.8780687624127377;0.08872506731206298
0.025054451311060988;0.05303761474740931;20;27;6;0.8729315027093748;0.4563740012154628
0.3617906790006583;0.7356520110433881;20;27;6;0.8705707711562849;0.07601522353506984
0.3514888199005701;0.23325759003034352;20;28;6;0.8769977674721575;0.16206721502152266
0.2784800331813866;0.4119405564427051;20;27;6;0.8720818394132145;0.522549636950847
0.2938880234948358;0.2503044007737911;20;28;6;0.8692454550869464;0.21161282554583094
0.2835861643947476;0.7479099499584242;20;28;7;0.8701726415576998;0.567705755538273
0.3015920112009798;0.6694863005875923;20;27;6;0.8798218713148048;0.9746808937245599
0.3141333997050312;0.9332708409839044;20;27;6;0.8769303652341217;0.0975393446098256
0.306698157315502;0.005455723905633647;20;28;6;0.872369650320474;0.8536989527607873
0.23368935569515725;0.18413869031799535;20;27;6;0.8750974787990236;0.2262748543331381
0.24623075910036984;0.4479232009119851;20;28;6;0.8751016455521878;0.5833531838198348
0.24166210361907747;0.09468741757081056;20;28;7;0.8764045499835199;0.9572299937905493
0.25393474680651384;0.8671051305281088;20;28;7;0.8769920434562047;0.3188769787585384
0.26934273711996304;0.7054689748591947;20;27;6;0.8752235724452564;0.10585256753639849
0.26477409653983186;0.3522331766168588;20;26;6;0.8757450564063146;0.45576438504901984
0.18603209130069132;0.38175750535735065;20;27;6;0.8718636608742442;0.7918806841478814
0.18137386894835517;0.19806610293573046;20;27;6;0.8772190257063351;0.8226609904047679
0.19400483922461143;0.29230623261016575;20;28;6;0.8775493702287602;0.6600708785154482
0.2091440842214457;0.6393032793045601;20;27;6;0.8758545002177022;0.9973517257518132
0.20448586186910955;0.45561187688294;20;29;6;0.8814368027595879;0.4147182899092322
0.2171168321453658;0.5498520065573753;20;27;6;0.8747243226608217;0.48106239581871957
0.5110331813372432;0.2746878137717367;20;29;5;0.879994211931705;0.3100516271444548
0.50064174046495;0.9418377736782466;20;27;6;0.872203576298943;0.7147872210256175
0.5161393274517654;0.6106572221886168;20;28;6;0.8747208062384688;0.8980777618008565
0.5341451742579977;0.532233572817785;20;27;6;0.8718200640452927;0.2676974946927657
0.5237537184845433;0.19938354762545618;20;28;6;0.8735810267102868;0.7290837938105669
0.5421179072807566;0.44278230007060015;20;27;6;0.8775292204971695;0.5389026152914054
0.46337590204161605;0.47230662881109187;20;27;6;0.8829865247145585;0.8237783940087632
0.455851077879882;0.714035922454698;20;28;6;0.8760011854197585;0.42478671201786444
0.47421525177493407;0.9574346898010032;20;27;6;0.8822180789202599;0.43585910289546315
0.48648789496237044;0.7298524027583014;20;27;5;0.8824450880943779;0.702101962401154
0.4818296726100343;0.5461610003366814;20;28;5;0.8755200318682855;0.3420781576043225
0.49732722979452726;0.2149804488470516;20;29;6;0.8689767251907019;0.07637991764539931
0.4185852543577091;0.2445047775875433;20;28;6;0.8752755922478299;0.32772373201439686
0.41392701710421176;0.06081337516592322;20;27;6;0.8717553710247304;0.9650124889525773
0.426557987380468;0.1550535048403585;20;27;6;0.8794921530820745;0.9948969774874142
0.42163100481035576;0.47999530478204677;20;28;6;0.870369524432006;0.8314110329748835
0.43703899512380495;0.3183591491131328;20;28;5;0.8754013740069682;0.13196354732230553
0.4496699654000612;0.4125992638864068;20;28;6;0.8696866419268583;0.4937001140624996
0.4454596370075887;0.381185882361208;20;28;6;0.8736707521127619;0.7773217479689879
0.3662697378085845;0.2584322051064396;20;28;6;0.8741436798867271;0.4973694935052926
0.3846339266047979;0.5018309575515837;20;27;6;0.8764714165688476;0.16771376047433462
0.3768403422252876;0.252193438657337;20;28;6;0.872290231628414;0.5327648229837902
0.389381730729339;0.5159779492513268;20;27;6;0.8742574796800615;0.8893952585106233
0.4077459046243911;0.7593767314987931;20;28;6;0.8757120209548068;0.8382086455313127
0.3978023726131228;0.5788047123017244;20;28;6;0.8704871816325914;0.6474899763789213
0.6912708278451365;0.15136249861966455;20;27;6;0.872454679972162;0.32670277919161084
0.7067683850296295;0.8201819471300348;20;27;6;0.8829635533691158;0.5739543923968148
0.6961082137418826;0.995965094498692;20;27;6;0.8763149169725662;0.2004037996016772
0.7143828058647297;0.4089082725668741;20;28;6;0.8753697788047069;0.26065635990238767
0.727013776140986;0.5031483873401481;20;27;6;0.8815670015728357;0.531019966028346
0.7228034477485135;0.4717350058149493;20;27;6;0.8833813581626218;0.6302867861646037
0.6464801503589072;0.923560647396116;20;28;6;0.873259770248162;0.9245257880752891
0.6591111206351634;0.017800777070551166;20;27;6;0.8749931513440617;0.39367037814860284
0.6541841529662124;0.34274257701223954;20;28;6;0.872871689768555;0.9343904465858205
0.6667255414702637;0.6065270876062293;20;27;6;0.8775387235444437;0.4566567593557811
0.6822230986547567;0.27534652121543834;20;27;6;0.8662647431742984;0.8214743848737807
0.6780127851634454;0.24393315459140075;20;27;6;0.8714013946312262;0.4176453020849745
0.5988228859644412;0.12117946243547117;20;28;6;0.8764266248418318;0.1268642702167876
0.5942542304831488;0.7679436790942965;20;27;5;0.8793881320237943;0.745878435032121
0.6065268736705852;0.5403613771504335;20;28;6;0.8754317911670938;0.6980959144954382
0.6219348639840344;0.37872522148151955;20;27;6;0.8828355925788315;0.3060019842608386
0.6173662234039032;0.025489423239183684;20;27;6;0.8660099157669382;0.9250161341750107
0.6303555207689794;0.44155196963075594;20;28;6;0.8714093969733389;0.12541670403443228
0.556898825188771;0.46795693004785754;20;28;5;0.870864834607974;0.4600568914944645
0.5465969660886828;0.9655624792324906;20;28;5;0.8809552311702673;0.03705741376192273
0.5617362259866783;0.31255952592688496;20;28;6;0.8772039444866573;0.507097806656125
0.5800108032083642;0.7255026741927447;20;27;6;0.879871846902262;0.06439041354429531
0.569708944108276;0.22310825317970007;20;28;6;0.8809219345223931;0.18260209733956
0.5884314599933091;0.7883294372431423;20;28;6;0.8791803399151606;0.9315951935164463
0.40846612325879983;0.02711719287889125;20;27;6;0.87434175521254;0.28105911706920395
0.40103086596810955;0.09930209070178164;20;28;6;0.8776135598905422;0.6737012313073402
0.41903671277434174;0.020878441330949737;20;26;6;0.8728752220394709;0.9742537456547622
0.431578101278393;0.2846629519249396;20;29;6;0.8770126635548753;0.5606920382674876
0.42700946069826184;0.931427168583765;20;27;6;0.8680779318629982;0.2160762088829441
0.439998758063338;0.347489700074176;20;28;6;0.8816724773963966;0.0020414171668445835
0.3636754457725705;0.7993153416553426;20;27;6;0.8775007408619465;0.7820296724162004
0.3591068051924393;0.4460795434130068;20;27;6;0.867508228399361;0.12737283444752934
0.3713794483798757;0.21849725637030504;20;28;7;0.8699479624743628;0.39684063775259915
0.36672122602753954;0.03480585394868496;20;28;5;0.8764925923641542;0.7873328043589773
0.3219305485413102;0.8070040027251363;20;26;6;0.8823463106887385;0.6883061840828606
0.33456151881756657;0.9012441323995716;20;28;6;0.8719357615786197;0.9703153609908206
0.35328401980143853;0.4664653015618526;20;28;6;0.8697148545825827;0.2854696297018471
0.3428925789291454;0.13361527636952375;20;27;6;0.8806330019712008;0.9170251681200706
0.26952548002230314;0.9904758260647484;20;28;6;0.8690332085145877;0.9591822998423438
0.2846647101179762;0.33747284295682034;20;27;6;0.8816537281480206;0.713908599638026
0.27427328414684427;0.0046228177644915824;20;28;6;0.8800448810386946;0.09481557622311687
0.29263745804189634;0.24802158511079675;20;28;6;0.867788644094173;0.40253460254461426
0.3056267405058113;0.664084131502369;20;27;6;0.8785142602723939;0.9175801149922922
0.30096851815347514;0.4803927290807489;20;27;6;0.8735906355051105;0.5560334200679762
0.5916599384471347;0.30882681564319947;20;27;6;0.8676266394467467;0.020519772887792498
0.6039325816345711;0.0812445136993365;20;28;6;0.8738425633505749;0.6185718924141296
0.5992743592822349;0.8975531261788776;20;29;6;0.8745920553169633;0.5881681313770829
0.6119053295584913;0.9917932558533129;20;26;6;0.8713545073367327;0.1284402909532758
0.6076950011660188;0.9603798743281141;20;26;6;0.8814149348823802;0.7109052715229149
0.6231030063806292;0.7987437186592;20;28;6;0.8730109472195594;0.2362173645478446
0.5440026740526688;0.5064456306825548;20;27;7;0.8764129719740046;0.5674534446640879
0.5390757063837177;0.8313874157230818;20;28;6;0.8842531583752478;0.814705072770453
0.551617094887769;0.09517195611939411;20;27;6;0.8776951538317113;0.4089051909931375
0.567114652072262;0.763991389728603;20;27;6;0.8858539966381677;0.9624353932510215
0.5629043385809507;0.7325780231045654;20;28;6;0.8797416977970267;0.6562463859705465
0.5754457121838408;0.9963625336985552;20;28;6;0.868615538130677;0.054489318771723805
0.5020786132769985;0.8532230982949411;20;27;6;0.8748472243559596;0.26456469022695994
0.49141842708809047;0.02900624566359833;20;28;6;0.8723372046155253;0.8621689008922722
0.5068264174015397;0.8673700899946842;20;27;6;0.879562932349436;0.455921125155093
0.5251906061977529;0.11076884243982832;20;27;6;0.8763078179126804;0.5457699168611599
0.5152470741864846;0.9301968232427595;20;28;6;0.8794347395486922;0.18485029434227873
0.5335216663093317;0.3431400013109416;20;28;6;0.8765895100599976;0.41929178862797767
0.4544213488825325;0.050841898433135135;20;28;6;0.8628501888467344;0.9292854582105019
0.4466277794041835;0.8012043795388885;20;26;6;0.8772193421432708;0.4692460542853688
0.46490235662586954;0.2141475427059094;20;28;6;0.8808125972190823;0.006562030279958719
0.4775333269021258;0.3083876574791835;20;27;5;0.8714249225601126;0.2899149337709933
0.4733230134108145;0.2769742908551459;20;29;6;0.8689236286038772;0.85983851093542
0.4858643870137046;0.5407588163502969;20;28;6;0.8735142333301663;0.9165973970212976
0.7436794757220737;0.5919863181270376;20;27;6;0.8789026645425939;0.48750638858114015
0.7591770329065668;0.26080576663740784;20;27;6;0.8746304903758927;0.979583778228476
0.6857203522275196;0.28721072705450945;20;29;6;0.8714072050973616;0.8159222495294655
0.6757768202162513;0.10663870785744067;20;28;6;0.8701775583149857;0.04216902906328457
0.6941409941113034;0.35003746030258476;20;28;6;0.8794711955615974;0.594086759421479
0.7066823826153547;0.6138219857977357;20;27;6;0.8763170342148792;0.04011935657403831
0.6988887982358445;0.36418446690348905;20;25;6;0.8754388827758037;0.689949487115109
0.7172529721308966;0.6075832342497942;20;28;7;0.8770310777904732;0.6753005733168351
0.6380630878330535;0.48482954209386475;20;27;6;0.8750453661551838;0.3013020865618339
0.6338527594405811;0.45341616056866585;20;27;6;0.8777019794857149;0.04062039604406675
0.6464837297168373;0.5476562902431011;20;28;6;0.8679059537574481;0.5791905168495264
0.6618917051291253;0.38602013457418705;20;26;6;0.8784338947703378;0.6540448315138413
0.6569647374601743;0.7109619345158754;20;27;6;0.8735714743881411;0.279598420996654
0.6695957077364305;0.8052020492891495;20;28;6;0.8733981396328949;0.5194147918123289
0.6649374704829332;0.6215106468675294;20;27;6;0.8790953014765329;0.1692449223533995
0.9531206309571759;0.197187831311182;20;27;6;0.8661792496354165;0.16374478968120676
0.9686182030428302;0.8660072798215522;20;28;6;0.8684340000687626;0.46716745539363436
0.9639599657893329;0.6823158773999322;20;28;6;0.8713785443613731;0.4223803721664965
0.9762326089767692;0.4547335903572304;20;27;6;0.8786418425080555;0.3903641541309215
0.9945967828718213;0.6981323577035355;20;28;6;0.8678370390315334;0.01681354643462285
0.9870719587100872;0.9398616513471417;20;28;6;0.8837781043987634;0.34244883779014745
0.9083299534709467;0.9693859800876334;20;28;6;0.8774622720305338;0.6024210030438126
0.9266941273659988;0.2127847325327774;20;28;6;0.8721953638286019;0.01955413020977559
0.9163027013948668;0.8799347073404485;20;27;6;0.8859594389604344;0.7455248301392736
0.934308548201099;0.8015110430684556;20;26;6;0.8811890965760014;0.3409790931728277
0.9498061202867532;0.470330506479987;20;28;6;0.8744927461791748;0.6084760974893882
0.9394146943156212;0.1374804663864969;20;28;6;0.8661365577230994;0.1909410631578662
0.8664058926952765;0.3161634327988586;20;27;6;0.8734862517216387;0.5584575971043501
0.8790368629715327;0.4104035624732939;20;26;6;0.8777079964437722;0.8033800991333859
0.8743786406191966;0.22671216005167383;20;28;6;0.87108377897939;0.12364049905777341
0.889517885616031;0.5737091769437458;20;28;6;0.8719780011875808;0.6814706114803348
0.9021488558922872;0.667949306618181;20;29;6;0.8777616289815987;0.22975870321001157
0.8974906335399511;0.4842579190977221;20;27;6;0.8764733482763256;0.7758536630783665
0.8187486283008105;0.5137822478382138;20;28;6;0.8756931945367855;0.4377772732624635
0.814179972819518;0.16054646449703924;20;27;6;0.866725415000577;0.9150152513462609
0.8295879780341285;0.998910293926964;20;27;6;0.8793636093211727;0.797846438904213
0.8418606212215649;0.7713280068842622;20;27;6;0.8763333110353005;0.8023794051143324
0.8372919657402725;0.4180922086419263;20;28;7;0.8741392053346967;0.319450004898727
0.8498333542443238;0.6818767341370774;20;27;6;0.8736977766316153;0.13760346584907435
0.6760491299896351;0.2221011632422787;20;28;6;0.8778891269326502;0.6790401884639318
0.6686138726989448;0.2942860461640079;20;28;6;0.8773695759198616;0.8561963803468442
0.6811552761041573;0.5580705716591589;20;28;5;0.8790053649397479;0.386077113951905
0.6991611229103896;0.47964692228832706;20;28;6;0.8800692655244017;0.8960707686332681
0.6888592638103014;0.9772524863741212;20;27;6;0.8766322884056162;0.48570226117698256
0.7042672541237506;0.8156163307052072;20;28;6;0.8714929151949634;0.6559055151207184
0.631258467404567;0.9942992971175689;20;29;6;0.876271192539528;0.23380184020906514
0.6209566083044789;0.49190487610452427;20;28;6;0.871143674324596;0.4849054547179217
0.6146859140524531;0.3600126133569488;20;28;6;0.8730439331534777;0.9724142186862875
0.6104755856599806;0.32859923183175;20;27;6;0.871994703113972;0.5299327527063618
0.5313752831343426;0.036301143855104745;20;27;6;0.8749190046286428;0.010726478018446062
0.5467832585466306;0.8746649881861907;20;27;6;0.8790780784981368;0.5045059213376762
0.5418562908776795;0.19960678812787902;20;27;6;0.8782418633166629;0.9835940434222583
0.5544872611539359;0.2938469178023142;20;27;6;0.8847671490359864;0.12420105105947643
0.572761853276783;0.706790066068174;20;28;6;0.872300376012793;0.9489799688939003
0.5628183212655147;0.5262180468711052;20;28;6;0.8802176798563189;0.4957915680387337
0.8535097415591743;0.35465213343355584;20;27;6;0.883455634019523;0.06034026867318443
0.8717843485831825;0.7675952966005768;20;27;6;0.8668536515902641;0.21026373591623604
0.8611241623942745;0.9433784588703952;20;27;6;0.8733860198465165;0.7245573156634377
0.8794883362893265;0.18677721131553915;20;27;6;0.8723172493828621;0.06354379592962733
0.8948963415039369;0.025141055646625055;20;27;6;0.8700456527550277;0.8929809212152263
0.8849528094926686;0.8445690364495563;20;28;6;0.881084093199995;0.9749006959179153
0.811585680783504;0.7014296010459422;20;27;6;0.8777918781432812;0.3431767022267499
0.8241270692875553;0.965214111639932;20;27;6;0.8806645919156624;0.9235813020356747
0.8192001016186042;0.29015591158162035;20;28;6;0.8748548452512012;0.2927531111653978
0.8346976737042585;0.9589753451908294;20;28;6;0.869245483655783;0.4922150600192198
0.8472390473071486;0.22275988558714155;20;26;6;0.8723220475403748;0.991817303630612
0.8430287338158373;0.19134650406194276;20;27;6;0.8724739952459993;0.6233728420488356
0.7639284163890381;0.8990484160852974;20;28;6;0.8786228951917633;0.305359100441949
0.7592701791355407;0.7153570136636773;20;28;6;0.8714363505412307;0.882449189580451
0.7744094390335362;0.06235404545691048;20;27;6;0.8689936222937483;0.1344953853988513
0.7870404093097925;0.15659417513134577;20;27;6;0.8872195722035862;0.43711183006259546
0.7823821720562951;0.9729027876108869;20;26;6;0.868522876327806;0.001481382053797442
0.7953714694213713;0.38896531910129795;20;27;6;0.8720091328442191;0.7429999821132126
0.7220043556133678;0.24582586879652257;20;27;6;0.8636705256229492;0.03809160261522271
0.7144795314516338;0.48755514753896756;20;27;6;0.8729918893130804;0.7954193233604567
0.7267521746390702;0.2599728604962658;20;28;6;0.8667655108756354;0.46486777260744905
0.7451163485341222;0.503371627842571;20;27;6;0.8726751071162425;0.7396561640942876
0.7347249076618291;0.17052158774908088;20;28;6;0.8770356124531076;0.059379073385445236
0.753447408645701;0.7357427718125231;20;28;6;0.8770289898300225;0.6553708419533905
0.04413882893936072;0.5641768434738125;20;26;6;0.8688458699878719;0.895635106728929
0.033747402968228646;0.2313268331826449;20;28;6;0.8741160612842584;0.5708599587254422
0.05175324977446094;0.152903183811813;20;28;6;0.8778427580569719;0.9385984594998857
0.0643842200507172;0.2471432836839259;20;27;6;0.8711696353428098;0.48558922218912903
0.05685938098782195;0.488872577327532;20;28;6;0.8693316951432586;0.7366928366979857
0.07558188197169391;0.05409377629213541;20;28;6;0.8729644794863117;0.9444858605645476
0.9964815645448947;0.761795673414329;20;28;6;0.8758730787757241;0.6768168216171152
0.9918233421925585;0.5781042858938701;20;27;6;0.8676872259368589;0.8501674097390161
0.004095985379994893;0.3505219839500071;20;27;6;0.8733926003714241;0.3902604206719601
0.019593542564487865;0.01934143246037734;20;27;6;0.8798644953428737;0.8233504840469372
0.014935320212151715;0.8356500449399183;20;28;7;0.8755774824644308;0.6935507013286331
0.027924602676066668;0.2517125764303294;20;28;6;0.8753049254231828;0.20909842588670435
0.02335596209593549;0.8984767930891548;20;27;6;0.8752223220622639;0.6605094640260085
0.9441660628969313;0.7757231009332253;20;27;6;0.8782106305547711;0.1682988976285673
0.9593053078937656;0.12272013272645843;20;27;6;0.8787837403089828;0.8653383986042402
0.9547366524124732;0.7694843493852839;20;28;6;0.8841793944465011;0.3248081870817394
0.9672780409165245;0.033268859979273646;20;28;6;0.8781073296466774;0.12020798220015216
0.9860005419003965;0.5984900440427159;20;28;6;0.8734626597392817;0.309998723717251
0.9756986828003084;0.09609560812851003;20;28;6;0.8691958936426061;0.8288609440445839
0.8993754003118631;0.5479212497096767;20;28;6;0.8777705337767961;0.27238528137772633
0.9173812471180954;0.4694975854376836;20;28;6;0.872589549571758;0.41872549263374026
0.9070793880180072;0.9671031644246391;20;28;6;0.8806804860774036;0.13878382540003253
0.9253539801408543;0.3800463126904988;20;27;6;0.8794294780691824;0.5252448420595093
0.9383432775059305;0.7961088590820711;20;29;6;0.8753000682587946;0.91107877141239
0.9309080351164014;0.8682937569049615;20;27;6;0.8738117224984345;0.31205196066326624
0.22437647544725392;0.44085154322290154;20;27;6;0.8801958514525504;0.7523945533277548
0.2366491186346903;0.21326925618019976;20;28;6;0.874315125833382;0.13214054623211113
0.23208046315339792;0.860033457937864;20;28;6;0.8845900226944852;0.8630381989293991
0.2474884683680083;0.6983973022689499;20;27;5;0.8753961922615818;0.08055239213209442
0.26047776573308457;0.11445984866052217;20;28;6;0.8715907139591149;0.6400739411942403
0.2559091102517922;0.7612240504181863;20;27;6;0.8800592080152794;0.31534161137546457
0.17671921105278787;0.6384703582622568;20;26;6;0.8772014460366636;0.7648678976440177
0.1717922284826756;0.9634121582039451;20;27;6;0.8701792326763546;0.09596763240056205
0.18728981546949108;0.6322316067143153;20;28;5;0.8722792598614686;0.5492135051146907
0.19983118907238118;0.8960161322094663;20;27;6;0.8787796177192468;0.14807186059087252
0.1956208755810699;0.8646027506842675;20;27;6;0.8706645843669274;0.24180171594572197
0.20825184585732615;0.9588428803587028;20;27;6;0.8784617868007563;0.7091582350317052
0.13479513537595655;0.9852478258746432;20;27;6;0.8834635693677995;0.2505949576465626
0.12700156589760758;0.7356102920792353;20;28;5;0.8705033170403442;0.656307543327758
0.13963253617386384;0.8298504217536706;20;27;7;0.8760610584854734;0.9196838010240509
0.15790712829671094;0.24279358492069147;20;27;6;0.8678608388002282;0.4371127278972654
0.14796361118660384;0.06222156572362281;20;27;6;0.874204843782714;0.9595581893104748
0.16632777018049472;0.305620333069928;20;27;6;0.8696178064275969;0.49315852426227236
0.0900044876920496;0.7574459746510945;20;27;6;0.8744851876197975;0.7823342131443077
0.07934430150314153;0.9332291220197517;20;27;6;0.8822346409107555;0.17587216000565487
0.0977084753981936;0.1766278744648958;20;27;6;0.8729933546005239;0.9009506066698721
0.1102498490010837;0.44041241486120797;20;27;6;0.8765818509395931;0.9033336103470722
0.10603953550977241;0.4089990333360092;20;29;6;0.8749973201888787;0.4280186160654058
0.12153710759542669;0.0778184818463793;20;28;6;0.8705105682501809;0.24653041900573425
0.9415717857620785;0.31660625238328943;20;28;6;0.8700067345511052;0.8244267291929198
0.9366448031919662;0.6415480374238166;20;27;6;0.8813598658190788;0.9935206062808682
0.9492757734682225;0.7357881521970906;20;28;6;0.8673958428895946;0.5831520988245827
0.9646837637816716;0.5741519965281766;20;28;6;0.8736155568964443;0.3330445771802877
0.9604734353891992;0.542738629904139;20;27;6;0.8811027157011192;0.938531939096154
0.9731044056654554;0.6369787595785742;20;27;6;0.8684125444025312;0.09203077152067707
0.9684461684119581;0.4532873571569541;20;26;6;0.877434203053818;0.7864688366456368
0.8889875387975001;0.8391668524631718;20;27;6;0.8778622956386772;0.14354716613233354
0.9044850959819931;0.507986300973542;20;26;6;0.8763423379439873;0.6491513586791365
0.899826873629657;0.32429489855192195;20;27;6;0.8706892341372183;0.09899313895063744
0.9128161560935719;0.7403574449434942;20;28;7;0.878103677009821;0.4534771764013201
0.9311803299886241;0.9837562122897994;20;27;6;0.8769359400021663;0.9837162370952008
0.9207889040174921;0.6509061870974705;20;27;6;0.8688610170447166;0.8894802391283362
0.8441968613112709;0.6113650012396232;20;27;6;0.8694836757226383;0.12826839226504538
0.862561035206323;0.8547637536847672;20;28;7;0.8739255981841246;0.6528638162111741
0.8521695943340298;0.5219137284924383;20;28;6;0.8809907405698878;0.4387680030805047
0.8708920953179018;0.08713491255588057;20;28;6;0.8839696953935698;0.9479554367131842
0.883523065594158;0.18137502732915467;20;27;6;0.8665838232202118;0.21272218458004577
0.875998241432424;0.42310430607159955;20;27;7;0.8717685080719776;0.6944081631574107
0.8022728005356007;0.9581424539508484;20;27;6;0.8667470257353648;0.9390654843266006
0.8149037708118569;0.052382583625283585;20;29;6;0.8808786699567296;0.23956371032581536
0.8102455335583596;0.8686911812036635;20;28;6;0.8767387644206279;0.24664420498445472
0.8232348309234357;0.28475371269407457;20;28;6;0.8778799549047321;0.5290188378947726
0.8387324030090899;0.9535731612044448;20;27;7;0.8800407722435832;0.8587320576858537
0.8340741806567538;0.7698817736839859;20;27;6;0.8747859248452735;0.24958611583782064
0.12154067205219554;0.7019141246933646;20;28;6;0.8746339625188986;0.07848576539135099
0.11697201657090317;0.3486783264510287;20;27;6;0.8765189389854473;0.37867995264995313
0.13238002178551367;0.18704217078211471;20;28;6;0.8733237755192093;0.6217680159513398
0.14536931915058982;0.6031047022725258;20;27;6;0.8684666584023253;0.34209865849101595
0.14080066366929744;0.2498689189313511;20;27;5;0.8704228987958136;0.8028225917793846
0.15334205217334873;0.5136534295253409;20;28;5;0.8747475268477278;0.8281420041908593
0.07961661127652542;0.048691577404589736;20;28;6;0.8779191267156793;0.41777348183341256
0.07218135398583514;0.12087647522748013;20;28;6;0.8809339795925146;0.10863185542810361
0.08472274248988643;0.3846609858214699;20;28;6;0.8780196727467223;0.3894764841985602
0.10344524347375839;0.9498821698849121;20;28;6;0.8767183487120411;0.7793768867246624
0.0931433992748314;0.4474877339707063;20;28;6;0.8854109501401375;0.258464979006922
0.1114179913976785;0.8604308971377272;20;28;6;0.8744315029839677;0.7836874902596467
0.034825948691457276;0.8208897261810412;20;28;6;0.871990954340762;0.820150657189905
0.02452408959136909;0.3184952753656741;20;27;6;0.8709514336151161;0.32571917536669603
0.04279868171421619;0.7314384534338563;20;28;6;0.877068176713684;0.9985717021551549
0.05578797907929245;0.14750098492426733;20;28;6;0.8748063046654514;0.5985981702256091
0.051219323597999966;0.7942652015830927;20;28;6;0.874224597200823;0.8578108780180849
0.06662731391144927;0.6326290310130175;20;28;6;0.8788094206104097;0.5477734636930486
0.9871686842969913;0.018508526319235163;20;28;6;0.8751361519708581;0.9739189968230713
0.9826000288156989;0.6652727429780605;20;27;6;0.8740745679217875;0.5139224110826491
0.9951414024185891;0.9290572684732115;20;28;6;0.8683887545620175;0.8632539346784909
0.9909310889272778;0.8976438869480127;20;28;6;0.8763086877229704;0.25285028356281924
0.006428646111770742;0.5664633354583829;20;28;6;0.872966267440204;0.7600669480093117
0.018970049516983223;0.8302478609535339;20;27;6;0.8679167516577365;0.19732057618926735
0.014043066946870963;0.15518966089522224;20;28;6;0.8697794901273237;0.874999916545646
0.3018679003322938;0.40904441372057665;20;29;6;0.8755176625958477;0.6742517129677115
0.317275890645743;0.24740824315050147;20;28;6;0.8703959867916451;0.0838247076467814
0.31306556225327054;0.21599487652646376;20;27;6;0.8719503897196925;0.38437722199420343
0.3256965325295268;0.31023500620089905;20;28;6;0.8735401935312062;0.6325714165089511
0.343971124652374;0.7231781544667588;20;28;6;0.8807309274631784;0.44830262005415655
0.3333109384634658;0.8989613167365772;20;28;6;0.8683386263466916;0.941365409195747
0.2570772228460645;0.1812425475958669;20;28;6;0.8773252115596556;0.20035218985631875
0.2753518298700729;0.5941856958617266;20;28;6;0.868608952804629;0.4595648827476332
0.2654082978588045;0.41361370646698026;20;28;6;0.870080654073805;0.06523142310907049
0.28377247175385667;0.6570124589121242;20;27;6;0.8735391383837404;0.5668940325800159
0.29631386025790796;0.9207969844072752;20;27;6;0.8746949701138137;0.9399178430133917
0.288520290779559;0.6711594506118673;20;27;6;0.8716331806826266;0.11590948675880053
0.21515316207039437;0.5280200003070921;20;27;6;0.8826031916449265;0.8162599190469662
0.22769455057444565;0.791804525802243;20;28;6;0.8710569670080625;0.4130578937624336
0.22348422218197317;0.7603911591782054;20;29;7;0.8787366607042035;0.833111925987163
0.23611519245822943;0.8546312888526406;20;27;6;0.8697943503342581;0.4269537171210276
0.2515231827716786;0.6929951182825654;20;29;6;0.8656185483750237;0.7674052198085644
0.24659621510272756;0.017936903323092612;20;28;6;0.8768081920636476;0.2968380445526003
0.16749589767592832;0.7256388302476084;20;27;6;0.8736427631163928;0.6781929001963937
0.16283766042243097;0.5419474278259884;20;28;6;0.870784180217872;0.9183675981008884
0.17582695778750712;0.9580099742175606;20;27;6;0.8662595276043633;0.19648197042164606
0.19132454477432248;0.6268294227279309;20;28;6;0.8752526012707271;0.5380627278226885
0.18666630752082514;0.4431380203063108;20;27;6;0.8692850975928919;0.42304029855562986
0.19893895070826162;0.215555733263609;20;27;6;0.867921838745226;0.8833163378841349
0.4924969728113191;0.6185691237608334;20;27;6;0.8711602440708035;0.030910679049857226
0.48497214864958504;0.8602984174044395;20;26;6;0.8736075677978721;0.3540376956848038
0.4979614460146612;0.2763609637960117;20;28;6;0.8830341627631519;0.8485337931816739
0.5163256199097133;0.5197597162411558;20;27;6;0.8819450872331674;0.38217693141702114
0.5059341641362589;0.18690969104882693;20;28;6;0.8826021750512307;0.829689600512354
0.5239400258436523;0.10848602677683383;20;28;6;0.8802370958858613;0.1684037710051598
0.44770631022625096;0.3907672725372847;20;28;6;0.872658045939497;0.9169489583210212
0.4373148693539578;0.05791724734495596;20;29;6;0.8720340658876282;0.17602530585263665
0.45603738523899096;0.6231384165072369;20;28;6;0.8744000688221251;0.321103496393376
0.4686683555152472;0.7173785461816722;20;27;6;0.8687017620455294;0.5546491729570252
0.46401011826174987;0.5336871586612133;20;27;6;0.8789420202130124;0.9971880809935906
0.47914936325858426;0.8806841755532853;20;28;6;0.8834756363172881;0.27803270976404715
0.4000490309306237;0.5883861024778012;20;28;6;0.8742222744438882;0.9116022314003439
0.39539082347944876;0.40469470005618113;20;28;6;0.8750787809004337;0.2000612661047394
0.4083801059433638;0.8207572315465922;20;27;6;0.8752783793056798;0.4938951773391109
0.40381146536323254;0.4675214482054175;20;27;6;0.8750117035058346;0.8831332140357806
0.41921944077552065;0.30588529253650354;20;27;6;0.8699544481542006;0.7393551700013766
0.431492083962957;0.07830300549380165;20;27;6;0.8751951705625847;0.8625834032377974
0.42692344338282584;0.7250672072514659;20;27;6;0.8775763826882867;0.22423038820578645
0.34773352928266044;0.6023135150955363;20;28;6;0.8732418401937707;0.4884128818519241
0.3664560451676936;0.16753469915897856;20;27;6;0.8654521189109076;0.37339043768370417
0.3590207878770033;0.23971959698186895;20;28;6;0.8695594901247877;0.1678551762532865
0.3715621763810546;0.5035041075758587;20;28;5;0.874013672419119;0.8089923700383507
0.3895680231872868;0.42508045820502693;20;27;6;0.8667242772647965;0.05418716693960923
