0.835439728391174;0.7399097577807272;26;33;6;0.8831780975054486;0.9624655093263306
0.8659869637014576;0.9252706190038852;26;33;6;0.8669355553353296;0.6064728395752392
0.8614183082201652;0.5720348505638717;26;34;6;0.8774094839335945;0.4720183989613679
0.7850950257317201;0.023860462342715993;26;34;6;0.8767270180914178;0.8718702243043046
0.798084308195635;0.43992300873428825;26;34;6;0.8807231022296172;0.0846330340245286
0.7935156676155039;0.08668721049195238;26;34;6;0.8724687143863129;0.7982415089943853
0.8060570561195551;0.35047173598710335;26;34;6;0.8724623155745829;0.8953548170421158
0.8011300735494429;0.6754135210276305;26;34;6;0.8771217636718343;0.6000947263660027
0.8166276605362582;0.34423298443916195;26;33;6;0.8852338946745651;0.45735598922804654
0.6366623238017488;0.5830207400749108;26;33;7;0.8740950306534268;0.03444251390977959
0.6324520103104375;0.551607358549712;26;33;6;0.8807062449549219;0.22884113483379032
0.6079067090344036;0.006771947536276746;26;32;6;0.8646135434460113;0.7631077810178035
0.62000018867743;0.11827845213500654;26;33;6;0.8779139375863833;0.250795693629418
0.5462747626817679;0.6533166000142553;26;33;6;0.87191425418497;0.8316446378425987
0.558816136284658;0.9171011106082451;26;34;6;0.8773719846278033;0.7496420442363897
0.5542474957045268;0.5638653272670705;26;34;6;0.8769163312850402;0.3941833006617592
0.5672367930696031;0.9799278587574816;26;34;6;0.870786289324655;0.5695011084142393
0.5826447833830523;0.8182917030885675;26;34;6;0.876172414124929;0.1880637999117789
0.5780761279017599;0.4650559048462317;26;32;6;0.8760403684156617;0.3125889812426189
0.49861749828730195;0.8509354001524494;26;33;6;0.8809516416219398;0.742170335782498
0.4939592610338045;0.6672440126319905;26;33;6;0.8680757823430703;0.816888305087114
0.8160937343597974;0.9855950022104416;26;33;6;0.8762985762967579;0.4537255887075007
0.8287247046360536;0.07983511698371559;26;33;6;0.8699198704075468;0.6979314365588968
0.8474471907187644;0.6450563010471578;26;34;6;0.8749652818552476;0.10186080939137587
0.8370557647476324;0.31220627585482896;26;33;6;0.8654202171837335;0.6723650763197575
0.8554199386426846;0.555605028299973;26;34;6;0.879211361421596;0.7261210152365383
0.7788278959364634;0.5160638424421257;26;34;6;0.8739495018830234;0.3776531845483422
0.7684364699653313;0.1832138172497968;26;34;6;0.8652512104146421;0.8768935217129844
0.7868006289592223;0.42661258459610196;26;34;6;0.8804961954735007;0.2208034200925173
0.7997899263242985;0.8426751309876742;26;34;6;0.8727294836704621;0.33462561195089957
0.7951317039719623;0.6589837285660541;26;33;6;0.8674328174773328;0.6845374294635208
0.8106292760576165;0.32780317707642437;26;33;6;0.8797263402289297;0.47787330916677273
0.7311706315419974;0.713682672382642;26;34;6;0.8843047043627073;0.8269788907295493
0.7265123942885;0.529991269961022;26;33;6;0.8773160789064709;0.9365011873244152
0.7391433645647563;0.6242313996354573;26;33;6;0.8699901455503636;0.2750361793716499
0.7349330361722838;0.5928180330114197;26;33;6;0.8690330576325249;0.13573720904633335
0.7503410413868942;0.43118187734250557;26;34;6;0.8677721757642213;0.41747764063767834
0.7629720116631504;0.5254219921157797;26;35;6;0.8740629355736557;0.846131448488279
0.7580450290930382;0.8503637771563067;26;32;6;0.8651284773165225;0.1536607389365402
0.678855129894034;0.7276100999015385;26;33;6;0.8750618596015723;0.9540735041381789
0.6943526870785269;0.3964295484119086;26;34;6;0.8708527319633913;0.23948678838992787
0.9976750925496041;0.31910373484647203;26;33;6;0.874088517138865;0.5359185561170823
0.01594968467245117;0.7320469129146542;26;32;6;0.8746846013901198;0.6952480796393335
0.03108894457044664;0.07904392980672625;26;34;6;0.876730614653325;0.5039919198537124
0.020787085470358457;0.5766495087936816;26;34;6;0.8796061429572515;0.8573974115811663
0.03906167759320556;0.9895926570595414;26;34;6;0.8786528630035119;0.14442315283144358
0.960319672354065;0.01911698580003307;26;32;6;0.8654125411931585;0.48689972795453584
0.9557510317739338;0.6658812024588585;26;33;6;0.8762130476941935;0.14985192186245144
0.971159022087383;0.5042450467899444;26;33;6;0.8796110736475808;0.4482580679360455
0.9834316652748194;0.27666275974724264;26;33;6;0.8799102615820023;0.28002431929897365
0.9788630246946882;0.9234269615049068;26;33;6;0.8819553087023045;0.7491688944711262
0.9914044131987396;0.18721148700005774;26;33;6;0.8744693233186422;0.7619433539217806
0.987194084806267;0.15579812037602014;26;33;6;0.8818035549858221;0.33661473521074825
0.9109603691888657;0.43807935123530983;26;34;7;0.8722506848665332;0.9634224695044307
0.9235017576929171;0.7018638618292996;26;35;6;0.8725571496626054;0.2588688526384917
0.9185747751228047;0.026805661770987976;26;34;6;0.8843609816415016;0.7365589448906307
0.9312057453990611;0.12104579144542327;26;34;6;0.8710532812553952;0.08441041144485995
0.9466137357125103;0.9594096357765092;26;33;6;0.8718983385032986;0.510108050615019
0.9424034073200378;0.9279962542513104;26;33;6;0.8743238515503872;0.2745987039763983
0.8633031047943998;0.6356981662746651;26;33;6;0.874420895054308;0.6274667348729448
0.8815776969172469;0.04864131454052478;26;33;6;0.871115041525335;0.045148807934472734
0.8709175107283388;0.22442447681034317;26;33;6;0.8743964737327398;0.39380649553738567
0.886415082813993;0.8932439104195522;26;34;6;0.86934524361408;0.6604076821318964
0.90468967493684;0.30618708848773435;26;34;6;0.8845763798481564;0.08108875695973816
0.8947461429255718;0.12561506929066557;26;33;6;0.8728271598825252;0.6394995591462544
0.18830417992979043;0.52862845978789;26;34;6;0.8768920850297783;0.021660665641053733
0.20084556843384171;0.7924129852830409;26;33;6;0.8697768234941753;0.35849361891755505
0.19305198405433155;0.5427754663887944;26;33;6;0.8774423892373913;0.7791746937453968
0.21141615794938373;0.7861742337350995;26;33;7;0.8762833064755964;0.27420470251756646
0.22395754645343502;0.04995874432908931;26;34;6;0.8745771697006671;0.4314738601802647
0.055275888955338304;0.3020569390041856;26;34;6;0.8706369153174174;0.0027375845698356382
0.07364007775155168;0.5454557063504908;26;33;6;0.8779635780983794;0.6453116362657871
0.0783878818760928;0.559602698050234;26;33;6;0.8737812205058169;0.01009396835978904
0.9042453454337454;0.7780047104382983;26;34;6;0.875578229075095;0.1154840481708912
0.9172346278976603;0.1940672419287094;26;35;6;0.870879840211894;0.6364030699010083
0.9125764055453242;0.010375854408250507;26;34;6;0.8706749515504751;0.9901668887172821
0.9252073758215804;0.10461598408268569;26;32;6;0.8748410443609881;0.6378470716265946
0.9403466059172536;0.45161300097475765;26;33;6;0.8782083259965068;0.9995836383667887
0.9356883835649175;0.26792161345429877;26;33;6;0.8822836896576409;0.0784691178791661
0.8565880512369569;0.9756235254776535;26;33;6;0.8808885795041118;0.9020834577737643
0.8523777377456456;0.9442101439524547;26;32;6;0.8787844505865928;0.17361162693838728
0.8201284636646289;0.9801928182240571;26;33;6;0.8829451907977957;0.5109820708481184
0.838492637559681;0.2235915706692011;26;34;6;0.8763527628043933;0.7526368257942256
0.8278324513707729;0.3993747329390195;26;33;6;0.877642969093108;0.09511340091731779
0.84610704349362;0.8123178812048792;26;33;6;0.8772499341370794;0.9567102483140509
0.7698733278762186;0.09459912696533013;26;34;6;0.8755461710546519;0.562466355546532
0.7599297958649504;0.9140271226694225;26;33;6;0.8749398010087687;0.8998367994562633
0.7782044028889586;0.3269702709352823;26;33;6;0.8719792009433677;0.8098614579261341
0.7908353582640537;0.4212104006097175;26;33;6;0.8706245706741942;0.4363968675452714
0.7859083905951026;0.7461521856502447;26;33;6;0.8746726429557049;0.5060087056365263
0.801316380908552;0.5845160299813306;26;34;6;0.8908659739387947;0.4073796661771715
0.08914121429397481;0.8383707977078462;26;34;6;0.8740150437781862;0.49705771693421175
0.08493088590150233;0.8069574161826474;26;34;6;0.875856644628715;0.9735796965920783
0.09747227440555362;0.07074194167779835;26;34;6;0.8656048795032072;0.11888775966750476
0.09290361892426124;0.7175061434354626;26;33;6;0.8731211217846511;0.7068136042802334
0.10804287882225672;0.06450317522869575;26;33;6;0.8785185738765311;0.9067662950809525
0.12058425242514681;0.3282877007238467;26;34;6;0.8778171359651462;0.45984500911988135
0.11601561184501563;0.9750519024815109;26;33;6;0.8733370465912702;0.37820072770133106
0.03727360660587509;0.004576246123163874;26;33;6;0.8730298883782162;0.2105080490554192
0.05554821362988338;0.41751939438902363;26;33;6;0.8748282137443818;0.3052026492536155
0.0481129563391931;0.4897042922119139;26;34;6;0.876321643852245;0.9610311791744892
0.060385599526629474;0.26212200516921214;26;34;6;0.8791709983562324;0.03816784142747809
0.07866019164947669;0.6750651534350719;26;33;6;0.8852562110204836;0.6694082518876068
0.06835833254938839;0.17267073242202735;26;32;6;0.8754587775445295;0.8251973376075313
0.9953495458302049;0.35135369883438905;26;34;6;0.8720099475720849;0.4817424919037223
0.010757536143654156;0.18971754316547496;26;33;5;0.8791464138390717;0.6153154024249422
4.5569194472705465E-4;0.6873231072512692;26;34;6;0.8675716237200618;0.34988590778263395
0.01846153875095935;0.6088994578804373;26;33;6;0.8678965062671654;0.10618899020683248
0.031002912353849443;0.8726839833755884;26;34;6;0.8819940293526428;0.908214242209322
0.02356766996432036;0.9448688662973176;26;33;6;0.87683211755738;0.7854053723774521
0.9505588832451368;0.12355183270967918;26;33;6;0.878528324708043;0.5820557329488045
0.9631002717491881;0.38733635820483026;26;34;6;0.8780364789206834;0.03901726160688679
0.9585316311690569;0.034100574863655586;26;33;6;0.871461124428431;0.7926673162565863
0.9708042594553321;0.8065182729197926;26;34;6;0.8782529519715906;0.36303525272643
0.9862122646699425;0.6448821172508785;26;34;6;0.8602580093338142;0.8087990896612132
0.9816436091886501;0.29164631900854276;26;34;6;0.8831192793135506;0.4356928412703316
0.2698267696628929;0.8673234885510341;26;34;6;0.880915964677282;0.82072056447569
0.2777994877844906;0.7778722307050105;26;33;6;0.8732155822054682;0.8356449566569413
0.2929387476824862;0.1248692624982437;26;34;6;0.8740134432717169;0.44668280909158553
0.28828051042898883;0.9411778600766236;26;35;5;0.8809257721337593;0.5401232793800734
0.3009114807052451;0.03541798975105881;26;35;6;0.8727393436775136;0.03578392501444694
0.22790269398606156;0.2141009710645817;26;32;6;0.8659477304316545;0.8632502811138589
0.2175112531137684;0.8812509309710918;26;34;6;0.8734209970322077;0.7696021167256483
0.23300882519942256;0.5500703645803007;26;32;6;0.8744946520394313;0.4023186388246063
0.25101467200565475;0.4716467152094689;26;33;5;0.86857245910931;0.5490599953541511
0.2406232460345228;0.13879667511597882;26;34;6;0.8796169963691276;0.163681103775833
0.25898741992957486;0.3821954573634453;26;33;6;0.8757359855075622;0.45706710614917967
0.1802454146904343;0.4117197712027758;26;34;6;0.8777606200051739;0.3634189268598078
0.17272059052870026;0.6534490648463819;26;33;6;0.8635048446634646;0.2512630994021471
0.19108476442375233;0.8968478172915259;26;33;6;0.8756862739062308;0.2840569930299316
0.2033574076111887;0.6692655302488241;26;34;6;0.8719030707545983;0.0274064822613882
0.19869918525885255;0.4855741427283652;26;33;6;0.8706680330910876;0.195289032723178
0.21419674244334552;0.15439359123873542;26;34;6;0.8756497273735349;0.26018836011388946
0.13545475210536617;0.18391791997922713;26;34;6;0.8771178162909733;0.18198384550797875
0.13079652975303002;2.2651755760705328E-4;26;34;6;0.8747526666463791;0.2783804993780695
0.14342750002928628;0.09446664723204234;26;34;6;0.8726675581756695;0.5534023427575253
0.13850051745917402;0.4194084471737307;26;34;6;0.8706610474231501;0.4677625857620855
0.15390850777262333;0.2577722915048166;26;33;6;0.8793043334894446;0.3207239235582906
0.16653947804887959;0.3520124062780907;26;32;6;0.8736663594962548;0.9330159208038046
0.1623291645575683;0.3205990247528918;26;34;6;0.8750275711366068;0.25775539443727946
0.450064401269625;0.7439981883001232;26;34;6;0.880301293406389;0.49139063787197246
0.46842857516467706;0.9873969407452672;26;33;6;0.8707126792100136;0.39867396557582346
0.4606350056863281;0.7377594367521818;26;33;6;0.8689697299465291;0.2030822212555129
0.4731763792892182;0.0015439473461715814;26;33;6;0.8773680863973392;0.7915455714026326
0.49154055318427026;0.24494271469247675;26;33;6;0.8715808957593075;0.35690052288808927
0.48159703607416315;0.06437069549540797;26;34;5;0.8758232779142514;0.7544696047951766
0.40814034049395476;0.09077564101134838;26;35;7;0.8767172512483823;0.8508662586652673
0.42363789767844773;0.7595950895217186;26;32;6;0.877474186989133;0.38544841375338945
0.41297772639070085;0.935378251791537;26;34;5;0.8739087021852053;0.7901840225357133
0.43125231851354806;0.34832141495855795;26;34;6;0.8767264456590077;0.229677180119632
0.4438832887898043;0.44256152973183194;26;33;6;0.8727475795958671;0.761525133355272
0.43967297529849303;0.41114814820663315;26;34;6;0.880549436775409;0.18802899357411462
0.36334966300772553;0.8629737897877998;26;34;6;0.8761946639019215;0.1098669311080619
0.3759806332839818;0.957213919462235;26;33;6;0.8778288656469255;0.7916740259567654
0.3710536805161919;0.2821557045027622;26;33;6;0.8743649787447945;0.09921030937592268
0.383595054119082;0.5459402299979131;26;33;6;0.8732909498566758;0.41284170286062594
0.3990926262047362;0.21475966360712218;26;33;6;0.8683552459500141;0.697176426487985
0.3948822978122637;0.18334629698308458;26;34;6;0.8723585699024997;0.6816431800323189
0.3156923986132595;0.060592604827155006;26;33;6;0.8722968692377024;0.05994872076669666
0.3111237580331283;0.7073568214859804;26;34;6;0.8872843616018848;0.7303789901500136
0.3233963863194035;0.47977453444327856;26;34;6;0.8796286486467935;0.9996676150095123
0.19610489322283853;0.026457294178429347;26;33;6;0.8792211595893248;0.32144734060461533
0.18580303412275034;0.5240628433630624;26;35;6;0.8733229378464625;0.516293870389651
0.2045255351066223;0.08928402742650465;26;33;6;0.8736105746948568;0.9104124921137918
0.1253356359076181;0.9665303501717363;26;34;6;0.8651356426882689;0.31425228317406606
0.11790037861692781;0.03871523309346547;26;33;6;0.8714359036626602;0.673301411649272
0.13590622542316;0.9602915837226337;26;33;6;0.8796289959591919;0.49180963523167043
0.14844762882837248;0.22407609431662345;26;34;6;0.8772066755123658;0.8591898089172941
0.1438789733470801;0.87084032587661;26;33;6;0.8771898612989363;0.9507958404781328
0.15686827071215625;0.28690285736702104;26;34;6;0.8857355114507022;0.2232197975624831
0.08054497332254995;0.7387284840470265;26;33;6;0.8850856498483473;0.05140280783953488
0.07597631784125758;0.38549268580469065;26;34;6;0.8805773014347036;0.3532094520966653
0.08824896102869406;0.15791039876198887;26;35;6;0.8720451605945307;0.42715649377659537
0.0835907386763578;0.9742189963403688;26;33;6;0.8786574281717621;0.8411189654913866
0.09908831076201208;0.643038444850739;26;34;6;0.8768943613165129;0.718123803201569
0.11207760812708822;0.059100991242311274;26;34;6;0.8824319687171593;0.9995059077040941
0.10741937087359088;0.8754095888206912;26;33;6;0.8661029698401466;0.28742745177525986
0.028319053446791642;0.5831115008440458;26;33;6;0.874176475693432;0.40563913557052456
0.046324900253023826;0.504687851473214;26;35;6;0.8722110433549475;0.20291656854731166
0.038800061190128576;0.7464171451168202;26;34;6;0.8755329615223918;0.8778294909976461
0.051431031466384836;0.8406572747912554;26;34;6;0.8686337394052381;0.16754265561175008
0.0701535324502568;0.40587844395353645;26;33;6;0.8739317189229122;0.2698984402325406
0.05976209157796364;0.07302841876120758;26;33;6;0.8728333684506391;0.5785132693749265
0.3533201285821823;0.476041809258432;26;35;6;0.8735635140397506;0.401858878854071
0.3684593884801779;0.8230388410516651;26;33;6;0.8751647271513241;0.7630579549610351
0.3764321066017756;0.7335875683044804;26;33;6;0.8767186828202281;0.03978183711122418
0.38942140396685176;0.1496501146960526;26;34;6;0.8714301351897006;0.449222416932217
0.3847631667133544;0.9659587271755937;26;33;7;0.8701116817701422;0.8105110897125474
0.3085294659971143;0.2482399580348834;26;33;6;0.8740095638724208;0.5552938723981224
0.32080209428338946;0.02065767099218163;26;33;6;0.879591735012295;0.9726604365555414
0.3161438719310533;0.8369662685705614;26;33;6;0.8682129679346289;0.09272052214696846
0.32877484220730957;0.9312063982449967;26;33;6;0.8747955042838473;0.43770537199063875
0.3245645287159983;0.899793016719798;26;34;7;0.8763455120794194;0.20255436734199905
0.3399725190294475;0.7381568610508839;26;33;6;0.8694194089207297;0.5478975442744892
0.26087218670148704;0.4458587730742386;26;33;6;0.8691262230019545;0.14385718802803027
0.255945219032536;0.770800573015927;26;33;6;0.8821106285905084;0.1302408182575192
0.26848660753658726;0.03458509851107794;26;33;6;0.8728202697066041;0.24625579083353177
0.28398417962224143;0.703404532120287;26;33;6;0.8711270244125916;0.8894533355769879
0.27977385122976894;0.6719911654962494;26;33;6;0.8761485770605735;0.6806035783773087
0.29231523973382023;0.9357756760902392;26;33;6;0.8679666233244487;0.15225642827003916
0.2189481259258168;0.792636240686625;26;34;6;0.872278853139559;0.6703984150618021
0.22038143428109636;0.07992589265401184;26;34;6;0.8732634092854915;0.3481779393215344
0.23865602640394357;0.4928690558210328;26;32;6;0.8667585848783115;0.45299523507540895
0.25379527140077784;0.8398660727131048;26;35;6;0.8747877481427623;0.7825257119641501
0.24349341230068966;0.3374716517000602;26;33;7;0.871547926494844;0.9598143187051396
0.5369618675327034;0.9100294529191615;26;33;6;0.8826026602365555;0.5926204225763025
0.5499511648977795;0.32609198440957265;26;34;6;0.8740022077601105;0.937067781786743
0.5453825094164871;0.972856201068398;26;34;6;0.8753151785765628;0.554197164929003
0.5607904997299363;0.8112200453994839;26;33;6;0.8725187306271021;0.4840974172579141
0.5730631429173727;0.5836377583567821;26;33;6;0.8782450765032981;0.9410589459159964
0.5684944874360803;0.23040196011444636;26;32;6;0.8758246689322587;0.513576815116437
0.4893045882370761;0.10764826795851679;26;33;6;0.8837830110660945;0.9253033218840342
0.48509427474576483;0.076234886433318;26;33;6;0.8745134199129726;0.779733657306692
0.5005918319302578;0.7450543349436882;26;34;6;0.8695269356709886;0.8581712279580446
0.5131332353354704;0.008838860438839191;26;34;6;0.8758122017292328;0.9384432373370463
0.508206252765358;0.33378066038052745;26;34;6;0.8846410820766841;0.4664427537258027
0.5208372230416144;0.42802079005496274;26;33;6;0.8820978055130985;0.04568279049606283
0.4445139256520081;0.8798464018338069;26;33;6;0.8747054024171629;0.2717503915843108
0.4403035972595356;0.8484330203086081;26;33;6;0.86664152723792;0.8567236617756891
0.45293456753579187;0.9426731499830434;26;34;6;0.8769279734882115;0.4577319499824679
0.47120915965863897;0.35561631315006437;26;34;6;0.865768367232266;0.14894866556714015
0.4605489883708921;0.5313994605187216;26;33;6;0.879144443124455;0.22165303259969693
0.47604656045654625;0.20021890902909179;26;34;6;0.8737626436427942;0.9856958069023737
0.40258986487633786;0.2266238545450322;26;34;6;0.8734275738186068;0.38067059677344695
0.39264633286506956;0.046051850249124615;26;35;6;0.8698557951935064;0.01634331735516903
0.41101050676012163;0.2894506026942686;26;33;6;0.8777263796633497;0.4229058401044289
0.4235518952641729;0.5532351430905807;26;33;6;0.8762637128176667;0.9484866635448123
0.41575832578582395;0.3035976092951729;26;33;6;0.870088309387001;0.2432163925012335
0.434122499680876;0.5469963766414782;26;33;6;0.8735552152492121;0.8788926626385634
0.7218577363929328;0.9703955252875482;26;33;6;0.8792755835239043;0.9279475759194582
0.7176474080004602;0.9389821586635106;26;33;6;0.8694469380595271;0.17716997321201033
0.7302783782767166;0.033222273436784744;26;33;6;0.8791995944717532;0.004815477954671077
0.7456863685901658;0.8715861177678706;26;35;6;0.8761560160025343;0.37443521084658027
0.7407594009212147;0.19652791770955902;26;34;5;0.8789112431457027;0.017098829413575545
0.753390371197471;0.2907680324828331;26;34;5;0.8796408051234791;0.13172725722180245
0.7487321488451348;0.10707664496237412;26;34;6;0.8756240458924712;0.4020908633477609
0.6699901436059943;0.13660097370286595;26;33;6;0.8862636466144909;0.9419151140629288
0.6854877156916485;0.8054204222132361;26;33;6;0.8723355942904628;0.6657358663606687
0.6808294933393123;0.621729019791616;26;33;6;0.8700436623707959;0.09282399570139632
0.6931021216255875;0.3941467327489142;26;34;6;0.8709394028633264;0.39337649514765716
0.7114663104218008;0.6375455000952195;26;33;7;0.8710401735323907;0.7550234801156461
0.7039414713589055;0.8792747788376644;26;33;6;0.8688800498338222;0.06731114701727481
0.6251994810209262;0.9087991224793173;26;34;7;0.8842054962422331;0.46464679193290603
0.6435636549159782;0.15219787492446135;26;34;6;0.8769453398030292;0.19769440716311337
0.6331722140436851;0.8193478497321325;26;35;6;0.8784102017766094;0.7907299921494556
0.6511780757510786;0.7409241854601394;26;34;6;0.8736624314666555;0.018004959559917877
0.6666756329355715;0.4097436339705096;26;33;7;0.8898272205542467;0.5474377992051151
0.6562842069644396;0.07689360877818074;26;34;6;0.8697265147189676;0.14428253750807662
0.583275420245256;0.25557657519054244;26;34;6;0.8758615407119461;0.6660113596448074
0.5959063905215123;0.34981670486497773;26;33;6;0.8784893220449747;0.895794616677009
0.5912481532680149;0.16612530244335766;26;33;6;0.8706010043303198;0.46571820874259684
0.6063873982648492;0.5131223342365908;26;33;6;0.8715023574271369;0.7165998415223325
0.6190183685411055;0.6073624639110261;26;33;6;0.8700590888404863;0.27747570439754055
0.6143601312876081;0.4236710614894059;26;34;6;0.8742737682993815;0.08908972577924734
0.43484271831528476;0.8147368529227373;26;33;6;0.8743852747529821;0.3034650073991608
0.4302740628339924;0.4615010546804015;26;32;6;0.867156592373452;0.8960994322108111
0.4456820531474416;0.2998648990114875;26;34;6;0.8662857530981782;0.07947955475825508
0.45795469633487806;0.07228261196878571;26;33;6;0.8779224785000433;0.9590858134179894
0.4533860408535857;0.719046828627611;26;33;6;0.8761566039660998;0.3343491532553282
0.465927429357637;0.9828313392216008;26;34;6;0.8731199200295153;0.5246186347660107
0.38548338534776316;0.23369918855569172;26;33;6;0.8730451610877243;0.7824444317458479
0.39802478875297564;0.4974837289520039;26;34;5;0.8736023788575453;0.2874215369860549
0.41603063555920783;0.4190600646800109;26;33;6;0.8745960672591574;0.6292282215190013
0.40572877645911964;0.916665628765805;26;33;6;0.8667385236935335;0.2376717819176315
0.42113676677256884;0.7550294730968911;26;34;6;0.8738466492959364;0.9761838703511809
0.3481279800533853;0.9337124395092528;26;34;6;0.8727217302360101;0.49388152763984916
0.3378261209532971;0.4313180184962081;26;33;6;0.8711766650593288;0.8466599618630295
0.3561007130761442;0.844261181663229;26;33;6;0.8693773292934982;0.026414010238724916
0.3683733562635806;0.6166788797193661;26;33;6;0.8698771451021192;0.614339884653776
0.3609381138740515;0.6888637775422565;26;33;6;0.8716124568834788;0.7317881506839068
0.3792127059968986;0.10180692580811623;26;33;6;0.8779269165658976;0.12810310268128566
0.30047071565891925;0.13133125454860795;26;35;6;0.8706921752029851;0.9260076229646689
0.2959020601776269;0.7780954712074333;26;34;7;0.8735784210710907;0.8318219530420672
0.30844344868167817;0.04187998180142316;26;35;6;0.87053665708259;0.499743947704806
0.32358270857967375;0.3888770284958175;26;33;5;0.8717712024967359;0.8948943515646816
0.3190140530983814;0.03564123025348165;26;33;6;0.8694528971042205;0.9724789226786953
0.33155542670127147;0.2994257557486326;26;34;6;0.8689609362298611;0.5632713840019832
0.3273451132099602;0.268012389124595;26;33;6;0.8708780307343522;0.5034734805298213
0.6151699316942218;0.5218671270487882;26;33;6;0.8858589982340637;0.1334129974927476
0.630577922007671;0.36023097137987425;26;34;6;0.8732795129146693;0.31643479295137167
0.62565095433872;0.6851727713215626;26;34;7;0.8831015079747677;0.014904022924394078
0.6382819246149762;0.7794129009959978;26;33;6;0.8723546562587479;0.17991998647794716
0.6565565167378233;0.19235606416301876;26;33;6;0.8741594084629434;0.49744656549586674
0.646612984726555;0.011784059867111174;26;34;6;0.8793247912980526;0.5904391120221686
0.5703792691091537;0.29406527582523967;26;34;6;0.8669628636122814;0.5522774856791072
0.588653876133162;0.7070084389922606;26;33;6;0.8711174646256323;0.7530363826273486
0.5779936899442539;0.882791601262079;26;33;6;0.8828378993174945;0.30584635134966265
0.6117658541527553;0.964554198038309;26;33;6;0.8800889579127129;0.1454600944942941
0.601822322141487;0.7839821788412402;26;33;6;0.87819813747264;0.8015609192873904
0.5284552083334836;0.640842743437626;26;34;6;0.874554346576638;0.16204334121671482
0.5409965819363737;0.9046272540316158;26;33;6;0.8664597185202927;0.903422031459662
0.5360696291685838;0.22956905397330418;26;35;6;0.867621891113149;0.18315598969248592
0.5515671863530768;0.8983885024836744;26;34;6;0.8760729919824112;0.9617109365865623
0.5641085748571281;0.16217302797882538;26;34;6;0.8707663858823695;0.2400472906364407
0.5598982464646556;0.1307596464536266;26;34;6;0.8786589433815107;0.6005297125657652
0.48079794393901754;0.8384615584769812;26;33;6;0.8797016749950101;0.7402294323174372
0.4761397066855202;0.6547701560553612;26;35;6;0.8708087975031926;0.3385503120615504
0.49127895168235447;0.0017672027497556142;26;33;6;0.8706696910595094;0.10680339985553855
0.5039099219586107;0.0960073026218684;26;33;6;0.8756509202192726;0.45421050710435074
0.4992516847051134;0.9123159300025707;26;33;6;0.8746815827937403;0.22586768734096663
0.5122409820701895;0.3283784614929818;26;33;6;0.8780727457456091;0.2951679619308957
0.8057990190744083;0.7313918668913674;26;33;6;0.8700366756786875;0.645527703205703
0.798274180011513;0.9731211456338124;26;33;6;0.8804337393485786;0.9262827204016322
0.8105468231989494;0.7455388585911105;26;34;6;0.8801108843743237;0.7313537526590906
0.8289109970940015;0.9889376259374157;26;33;6;0.8738906423459951;0.1550377895571905
0.8185195711228695;0.6560875858439257;26;33;6;0.8747583798867425;0.45899438144607907
0.8372420572055803;0.22130876990736792;26;33;6;0.8725987872167852;0.8286141143379883
0.761008341588179;0.5035900007666576;26;33;6;0.8767243059459807;0.33493494616126984
0.750616915617047;0.17073997557432874;26;33;6;0.8695200469055373;0.36902974818741796
0.7686227624232792;0.09231632620349695;26;34;6;0.8764049885460231;0.20007934537270644
0.7812537326995355;0.18655644097677093;26;34;6;0.8692761199070875;0.5692511545024295
0.7737288936366402;0.4282857197192159;26;34;6;0.8731759175381173;0.9220295887256099
0.7447941302260462;0.19112573372317454;26;33;6;0.8746443604802007;0.7885569682480631
0.7402254896459151;0.8378899354808387;26;34;6;0.8813333376980148;0.8688642710510626
0.6610355755457495;0.7151362582260703;26;34;6;0.8737522075432559;0.24771088177660028
0.6761748205425839;0.06213327511814237;26;32;6;0.8785316941331832;0.899690959949429
0.6716061799624528;0.7088974768758065;26;34;6;0.8788826043680772;0.18886664883146442
0.6841475535653428;0.9726820023709575;26;34;6;0.8750815577967084;0.6492754541617384
0.702870069450376;0.5379031864343997;26;34;6;0.8695952851038693;0.07837718577452502
0.6925682103502878;0.03550876542135506;26;33;6;0.87654290344112;0.3834983556032394
0.9831700488717424;0.0334872329033602;26;33;6;0.8759144247473276;0.6931881511109238
0.4440303424209713;0.48661193756637255;26;34;6;0.8738931037616359;0.5333750443576358
0.4565717309250227;0.7503964481603623;26;35;6;0.874452608190004;0.6199645115761573
0.4491364736343324;0.8225813459832527;26;34;5;0.8759850821391608;0.27516953354836504
0.4671423204405646;0.7441576966124209;26;33;6;0.8703312546392747;0.6363686096553293
0.47968372384577707;0.007942222107571895;26;34;6;0.8825853645910716;0.9491937671901877
0.4751150683644847;0.654706423865236;26;33;6;0.8775242653899984;0.5155772874983017
0.39637307802650534;0.6842307526057279;26;34;6;0.8780880033224742;0.7930178089249692
0.41178106833995454;0.5225945969368138;26;34;6;0.8797981282432141;0.0814768436293648
0.40721241285866216;0.1693588135956391;26;34;5;0.870627186457214;0.7681249186339058
0.41948505604609854;0.9417765265529373;26;34;6;0.8810016387598402;0.014470141788233692
0.4148268336937624;0.7580851241313172;26;33;6;0.867066037837803;0.8354866251900489
0.43032439087825536;0.42690457264168746;26;33;6;0.8697011196812631;0.8825239609937792
0.351582400540276;0.456428886481018;26;33;6;0.8843479445588897;0.2269713351053807
0.34692417818793986;0.2727374989605591;26;33;6;0.8722251980635279;0.043419177927064734
0.3595551484641961;0.3669776286349944;26;34;6;0.8749733923520369;0.433958123022098
0.3775609952704283;0.2885539792641625;26;34;6;0.8759505221456588;0.4995387813641292
0.37003615620753305;0.5302832580066075;26;34;6;0.8730372978275933;0.8452402853854392
0.3826671264837894;0.6245233876810427;26;32;6;0.8808198978208122;0.6987748030860472
0.3096583397646059;0.8032063540934044;26;34;6;0.8696653716023708;0.09553766394445107
0.2992669137934738;0.4703563289010755;26;33;6;0.8739555677064865;0.17406481636800863
0.3176310727873648;0.7137550813462196;26;33;6;0.8713189966246018;0.5126894050886094
0.33277033268536027;0.060752113139452724;26;33;6;0.8812821819218855;0.3374683229230333
0.3223788918130671;0.7279020730459627;26;33;6;0.8793046902822916;0.7272438353517717
0.340743050806958;0.9713008403922678;26;34;6;0.8801884585056969;0.8488595966885029
0.6289262112812007;0.5469780248359205;26;32;7;0.8752617737756401;0.035464663035325805
0.6242679889288646;0.36328662241430043;26;33;5;0.8735642006220625;0.6961341284085533
0.6397655461133576;0.03210607092467066;26;32;5;0.8685783958085169;0.5407105135921477
0.6520381893007939;0.8045237689808077;26;34;5;0.8687327813293679;0.8409047008507499
0.6473799669484578;0.62083239636151;26;34;6;0.8680214424703024;0.9340221523755768
0.660010937224714;0.715072511134784;26;33;6;0.8783513499811809;0.3014023409623616
0.6558006237334028;0.6836591445107464;26;34;6;0.8640093025816399;0.861468403430956
0.5794773114426353;0.13548475628959067;26;33;6;0.873138596071945;0.3134133528455598
0.5921082817188916;0.22972488596402585;26;33;6;0.8787005601362625;0.9659273720960107
0.5871813140499405;0.5546666859057142;26;34;6;0.8719645288157164;0.8479130848773373
0.5997227025539918;0.818451196499704;26;34;6;0.8762126632400541;0.18572785829016314
0.615220274639646;0.4872706450100742;26;34;6;0.8827045555442291;0.32476521221240273
0.6110099462471735;0.45585726348487543;26;34;6;0.8742872442538347;2.1204593803680893E-4
0.5318200470481693;0.33310358623010705;26;33;6;0.8779607916133906;0.46299635998711985
0.5501842209432214;0.576502338675251;26;33;5;0.8771023806105422;0.8253136015901076
0.5395240347543133;0.7522855009450694;26;34;6;0.8677909903122227;0.9874629633342628
0.5549320399689237;0.5906493452761554;26;32;7;0.8769373828980992;0.3210674083546162
0.5732962138639758;0.8340481126224606;26;33;5;0.8706113995662519;0.46225472480977514
0.5633526818527075;0.6534760934253918;26;35;6;0.8841790465022036;0.10330232192147304
0.4898959862724991;0.6798810389413322;26;34;6;0.8743223670876183;0.04145552275325437
0.5025269416475941;0.7741211686157675;26;34;5;0.8772058677069242;0.992096204686894
0.4947333721692452;0.5244836497215208;26;34;6;0.8783554165505267;0.1453770007850793
0.5130079791932535;0.9374267979873806;26;34;6;0.876614973888698;0.7861558525801623
0.5256389345683486;0.03166692766181578;26;34;6;0.8735156704610697;0.928059823212961
0.5214286061758762;2.535461366169889E-4;26;33;6;0.876548489079635;0.5159856827268509
0.809163857789094;0.4236527096838484;26;33;6;0.8845765852470361;0.47562693441620085
0.8246614298747482;0.09247215819421861;26;34;6;0.8781691193858768;0.05181764137588418
0.8197344622057972;0.4174139432347458;26;33;6;0.8731173151920159;0.22525424681322104
0.8322758507098484;0.6811984687298968;26;33;6;0.8661678375014294;0.8370087534255051
0.8277071952285561;0.3279626704875609;26;33;6;0.8627741516780055;0.8096935610258161
0.8406964925936322;0.7440252168791331;26;34;6;0.870931704222324;0.23167199469641375
0.7643731952040259;0.19585084355913862;26;33;6;0.8773223289494299;0.34786611591567496
0.7598045397227335;0.842615060217964;26;34;6;0.8759820519279231;0.9805826529157942
0.7720771829101699;0.6150327731752622;26;33;6;0.8766521936781275;0.4443523515579707
0.7903517899341782;0.02797592144112193;26;35;6;0.8741305892504572;0.06945446772298969
0.7959058151074029;0.5162233656555846;26;34;6;0.8831089460688296;0.9991870117698259
0.7224491344283557;0.542628311171525;26;34;6;0.8766094295813505;0.613628956647098
0.7121472753282675;0.04023387525731914;26;34;6;0.8780880944236675;0.725344019058433
0.7301531221344997;0.9618102258864873;26;34;6;0.8738808718766934;0.33306736082265465
0.745561112447949;0.8001740702175734;26;34;5;0.8747380380221734;0.7487318862093403
0.7352592533478608;0.2977796492045287;26;34;6;0.8767407693116507;0.6495296668455827
0.7539817543317328;0.8630008183668098;26;34;6;0.8691412055138988;0.2215100603139547
0.6747918700338897;0.7402471262108802;26;33;6;0.873008777185507;0.33053766955914055
0.6702232145525974;0.3870113428697055;26;34;7;0.8694692800390893;0.204414289056848
0.6853624446482705;0.7340083597617776;26;35;6;0.8750734630216881;0.10193324829384054
0.6979038480534829;0.9977928852569286;26;33;6;0.8716421822571371;0.7243007816603634
0.6933351925721906;0.6445571019157539;26;34;6;0.8809176907893477;0.5447797893301098
0.7063244899372667;0.06061963340616494;26;33;6;0.878024710769955;0.9119807994713236
0.7016662526837694;0.8769282458857061;26;33;6;0.8653117157805134;0.26762583550390195
0.9923576878785901;0.7053623324481567;26;34;6;0.8710973824057003;0.3545736298112433
0.004630331066026505;0.47778003050429374;26;33;7;0.877286834409017;0.14755116752451414
0.9999720938125292;0.29408864298383486;26;32;6;0.872267863993361;0.4928943444570043
0.01260306408878542;0.38832877265827004;26;33;6;0.8761235596591692;0.8519434729322103
0.03132556507265749;0.9535499418205511;26;34;6;0.8738208308150452;0.1789224759696484
0.023800740910923435;0.19527923546415715;26;33;6;0.8822579508385627;0.5800320105802236
0.944700408582963;0.9029811325863507;26;34;7;0.8773950932007364;0.10507177893060815
0.9627062553891952;0.8245574832155189;26;34;6;0.8770919356315594;0.4424422228403394
0.9523148294180632;0.49170745802319005;26;34;6;0.8761991634484677;0.7845604708746117
0.9678124015037174;0.16052690653356028;26;34;6;0.8734910066990362;0.5961709277995496
0.9865349024875893;0.7257480905970025;26;33;6;0.8703561339543442;0.7367779354367676
0.9761434765164574;0.39289805050351245;26;34;6;0.8754302615932013;0.025057806596753274
0.9027763478072928;0.24975860019873708;26;33;6;0.883586071318875;0.43391414709818354
0.9150489909947291;0.022176298254874105;26;33;6;0.8752395930321438;0.24659957038841984
0.9075241668329951;0.2639055918984803;26;34;6;0.8881160170170803;0.23683393804203856
0.9258883407280472;0.5073043592447855;26;34;7;0.8794476596196067;0.5252929727464342
0.9388776380931233;0.9233668907351965;26;34;6;0.8742282294774556;0.21373266829391335
0.934219400839626;0.7396755032147376;26;33;6;0.8617083733003162;0.4535490391095882
0.8551190834128267;0.44737741523809227;26;34;6;0.8795507609229037;0.35402416702702255
0.870258328409661;0.7943744470313255;26;34;6;0.8725651762790485;0.40451237376203575
0.8656001060573248;0.6106830595108667;26;34;6;0.8707389836877854;0.7657114349678388
0.8782310763335812;0.7049231742841406;26;33;6;0.8742945243137138;0.16328053177608726
0.8740207479411087;0.6735097927589418;26;33;6;0.8784682082073695;3.320778967864646E-4
0.88656213644516;0.937294333155254;26;34;6;0.8795328696726166;0.9624930893713719
0.7095529832922535;0.5811170118062221;26;33;6;0.8749238608941201;0.36722869815369585
0.7046260156233024;0.9060588117479105;26;33;6;0.8713362024303972;0.7054053631121106
0.7171674041273537;0.16984333724306144;26;34;6;0.8784629033311395;0.5824997676933367
0.7355315780224058;0.4132420896882055;26;33;6;0.8746131265193975;0.6320453782176451
0.7255880460111375;0.23267007049113675;26;34;6;0.8796995845692731;0.7004498499866855
0.7409960214234255;0.07103391482222265;26;33;6;0.8789352674214498;0.5531781168362876
0.6676289225165832;0.9278944645174474;26;33;5;0.8691328931049164;0.9818319395880495
0.6569687363276752;0.10367762678726578;26;33;6;0.8620737712905522;0.6514631317373819
0.6752433433516836;0.5166207899542866;26;33;6;0.8744139133294071;0.788385831451861
0.6907409005361765;0.18544023846465685;26;33;7;0.8686396249215271;0.4478011669153801
0.6807973685249082;0.00486821926758807;26;33;6;0.8665197294883235;0.9610162009393531
0.6990719606477553;0.417811382434609;26;34;6;0.8754057286893551;0.2986553901656992
0.6199716581221173;0.12551329445796378;26;33;6;0.8813055649706544;0.41247758202408147
0.615044675552005;0.45045509439965215;26;34;6;0.8808319431472802;0.7693767479663682
0.6304526658654542;0.28881893873073805;26;34;6;0.8850929670801393;0.5443484388734068
0.6430836361417105;0.38305905350401215;26;34;6;0.8759798498807989;0.9490840476557307
0.6388733226503992;0.35164567197881325;26;34;6;0.8767203729533682;0.29783131703084853
0.6514146962532893;0.6154301974739643;26;33;6;0.8761132684518631;0.46137113914325
0.6468460556731581;0.26219439923162846;26;34;6;0.8688841701429744;0.31400985402296944
0.5702539980657757;0.22265322827494227;26;34;5;0.8733937686293806;0.49085055190293414
0.582795386569827;0.48643773886893205;26;34;6;0.86347854176767;0.0444667565750928
0.5782267459896958;0.13320197042891868;26;35;6;0.8848031387633642;0.28240191017446326
0.5912160284536108;0.5492645019193297;26;33;6;0.8742299733501191;0.5829976236526104
0.6094906354776192;0.9622076501851895;26;34;6;0.8619769600985463;0.7153163893629606
0.6020553781869288;0.03439254800807989;26;35;6;0.8811264679545646;0.34857041699630964
0.8895218844835319;0.9664248841162972;26;34;6;0.873490622092926;0.5744120909526537
0.907796476606379;0.3793680621844794;26;33;6;0.8667940791720298;0.8438798793565623
0.8974946175062908;0.8769736262702736;26;33;6;0.871795307930451;0.21326258099792417
0.9162171333913239;0.4421947954325546;26;33;6;0.8723102646636076;0.45200398544830056
0.9316251088036119;0.2805586397636406;26;34;6;0.8863645133265585;0.09099118689812302
0.9213232646046849;0.7781642187505959;26;33;6;0.8741806859248547;0.4993996334396895
0.8475978088067004;0.3132023517286836;26;34;6;0.8701761446845028;0.1322057522120137
0.8601392122119129;0.5769868772238346;26;34;6;0.8747636994180299;0.7426704247422551
0.8527039549212226;0.6491717601455638;26;34;6;0.8790292476145526;0.4257316644018283
0.8714264559050946;0.214392944209006;26;34;6;0.8731630834257302;0.6384048923498473
0.8839678444091459;0.478177469704157;26;34;6;0.8827455469493093;0.19578351655345372
0.8793991889278535;0.12494167146182111;26;34;6;0.8719708733510751;0.3716388149391636
0.7999405444122344;0.5108211667680389;26;34;7;0.8730503958158915;0.9860807598164357
0.8153485496268449;0.3491850110991248;26;33;6;0.8800976924463967;0.8554354874203448
0.8107798941455524;0.995949212856789;26;34;6;0.885042350923301;0.5589212668345233
0.8237691915106287;0.4120117592483612;26;33;6;0.8828919776665485;0.7008252374673218
0.8191109542571313;0.22832037172790232;26;33;6;0.8731915658917768;0.530441541198492
0.8317419245333876;0.3225605014023376;26;33;6;0.8801072307510419;0.9349979864364059
0.7551498818271664;0.2830193155444902;26;33;6;0.8786996916098349;0.013883465948783313
0.7504916594748302;0.09932791312287015;26;32;6;0.873637390031985;0.35125390985851446
0.7631226297510865;0.19356804279730544;26;34;6;0.8734763010300354;0.24106886648820192
0.7818451158337972;0.7587892119595864;26;34;7;0.8763933296887222;0.5134032418003472
0.7714536898626653;0.4259391867672576;26;34;6;0.8766698329721905;0.39143590134232
0.7869512470471582;0.09475863527762785;26;33;6;0.880724345182857;0.03624948244223458
0.08015097186371822;0.17594960905771517;26;34;6;0.8818826637170515;0.7595327441067447
0.06975953099142507;0.8430995838653863;26;33;6;0.8867016714133611;0.10451760885157602
0.08812370488647714;0.08649833631053028;26;34;6;0.8736711621633636;0.521884173008995
0.1011130022515534;0.5025608976032637;26;34;6;0.8765450981952754;0.6422458044360178
0.09358816318865804;0.7442901763457087;26;33;6;0.8782302460098041;0.17068966522903017
0.11195233708371022;0.9876889436920139;26;34;6;0.8727993586365917;0.5094038208206747
0.03249369256809109;0.37356843899823156;26;33;6;0.870296495264785;0.1600401724104289
0.027835470215754943;0.18987703657661148;26;34;6;0.8721214256983028;0.203093136755913
0.043333027400247914;0.8586964850869817;26;33;6;0.8800791004641313;0.0077162303500243334
0.05632232476532406;0.27475903147855396;26;33;6;0.8788487677249297;0.4254411364974243
0.05166408751182672;0.09106762905693389;26;34;6;0.8706191804960313;0.7895963812848302
0.06429505778808298;0.18530775873136907;26;34;6;0.88383482952392;0.09677791697309779
0.05936809011913191;0.5102495437718962;26;35;6;0.8832726153879914;0.5434807856618169
0.9830447927295256;0.9620751853530629;26;35;6;0.8797918146424235;0.9046798617687811
0.9956757630057819;0.05631531502749809;26;34;6;0.8728900289831379;0.5230669392775185
0.9914654346133094;0.0249019335022993;26;34;6;0.8783529120187575;0.9283400386930722
0.004006823117360669;0.2886864440962891;26;33;6;0.8740281107067014;0.16769791341773466
0.02237099701241274;0.5320852114425944;26;34;6;0.8813202357016997;0.17459925943312526
0.01457742753406377;0.2824476925483477;26;33;6;0.8744035075399469;0.49647211635604116
0.9353875283350596;0.1596940003924181;26;33;6;0.8745899821135781;0.8618815208554778
0.9537517022301116;0.40309276773872327;26;33;6;0.8779452401378235;0.9889617553955511
0.9438081702188433;0.2225207485416545;26;34;6;0.8772702877680983;0.7689499957437458
0.9620827623416905;0.6354639117086754;26;34;6;0.8815270236523876;0.0945852721981092
0.9775803344273447;0.3042833602190457;26;34;6;0.8857280711906466;0.4959167885378054
0.9669201631395978;0.48006652248886406;26;34;6;0.8743001549502653;0.8934858853460539
0.26038860347045034;0.05262430880680424;26;33;6;0.8741055807384047;0.15699492394527692
0.2730195737467066;0.14686443848123942;26;34;6;0.8725522670815794;0.47420957341701775
0.2688092453542341;0.11545105695604063;26;34;6;0.8724301930428534;0.8815430237909634
0.2842172505688445;0.9538149012871266;26;33;7;0.8844410730808714;0.7586374283721895
0.29684822084510076;0.048055016060400635;26;33;6;0.868232014803702;0.10729511597510244
0.2919212382749885;0.372996816002089;26;34;6;0.8781694735336112;0.16315819924009167
0.2127313390759843;0.25024312384615943;26;34;6;0.8750567291093649;0.579270618586641
0.22822891116163846;0.9190625574553685;26;35;6;0.8783198761956084;0.015986756133366753
