0.7588054022104703;0.5243191592745706;23;30;5;0.8731321577638248;0.34214864123240996
0.7925775515178104;0.6060817560508006;23;31;6;0.874806046610721;0.7184869772373697
0.7819173802300635;0.781864918320619;23;31;6;0.8802499539911399;0.2994254883215941
0.7085502664220601;0.6387254829170048;23;31;6;0.8802166700771755;0.3547043024646983
0.7239582567355093;0.47708931234692964;23;30;5;0.8709480914945948;0.43013051825273196
0.714014724724241;0.29651730805102205;23;31;6;0.8746927397618505;0.9853591948245801
0.7323789135204543;0.539916060496166;23;30;6;0.8770271107340794;0.41974620629397663
0.7449202871233445;0.803700585991317;23;30;6;0.876442536884522;0.030784058728621
0.7399933194543934;0.12864238593300537;23;30;6;0.872573152366388;0.11759552257742456
0.6637596187381531;0.41092360189113386;23;30;6;0.875438438447461;0.4902146083793393
0.6763009923410433;0.674708142287446;23;31;7;0.8727035032524906;0.6566638653870107
0.011066450844453568;0.08729924663917121;23;31;6;0.8772088283759664;0.2893803874859687
0.934832720325891;0.3695804774984609;23;30;6;0.8718918905657617;0.5138783497603994
0.9528385671321233;0.2911568281276291;23;31;6;0.8740168481272476;0.1394283896876043
0.9424471262598301;0.9583068029353002;23;31;6;0.8767286035825721;0.033507567210796174
0.9608113150560434;0.2017055553804442;23;31;6;0.8774435128868954;0.6708823265632514
0.9738006124211196;0.6177681017720165;23;31;6;0.8705776443065356;0.9153569197312625
0.9662757733582243;0.8594973954156226;23;30;6;0.8774767375122292;0.5891912815572071
0.8929086595502209;0.7163579451108473;23;31;6;0.8718450340709174;0.906405931028948
0.9051813027376573;0.4887756431669843;23;31;6;0.8759947303663842;0.6799086392106952
0.9005230803853211;0.3050842556465254;23;30;5;0.8735570983455564;0.5571822073363313
0.8557324028990918;0.07728238952181554;23;30;6;0.8881030451375164;0.9617386525742452
0.8683633731753481;0.17152251919625083;23;31;6;0.8760092700077459;0.08626384880624649
0.8641530447828756;0.14010913767105204;23;31;6;0.8742428911488647;0.6549297167030346
0.876694433286927;0.403893663166203;23;30;6;0.8727449670196831;0.6625865598756704
0.17025247029114565;0.8069070685645886;23;31;6;0.8712802722431728;0.33642092170161497
0.1624588859116355;0.5572695347691807;23;30;6;0.8662240014463155;0.42636771777527016
0.17500027441568677;0.8210540602643317;23;30;7;0.8807898425785118;0.05917383654759434
0.19336444831073885;0.06445281270947578;23;31;6;0.8779263518343386;0.182265724424316
0.18342091629947055;0.8838808084135682;23;30;7;0.8785711515249397;0.11257143347439402
0.20169550842231765;0.29682397158058915;23;30;6;0.8717113896666541;0.9071257687173425
0.12546179280491632;0.5791052024398788;23;31;6;0.8696505960525583;0.35656244341136833
0.11480162151716944;0.7548883647096972;23;29;6;0.873307060796046;0.9646441122644098
0.13307621364001654;0.16783151297555687;23;30;6;0.8754012612903588;0.3455510739483395
0.1457071839162728;0.26207164264999216;23;31;6;0.8832618855757457;0.8858196839689245
0.1414968555238003;0.23065827602595457;23;31;6;0.8747849642136247;0.12156207175182587
0.1569048607384107;0.06902210545587928;23;30;6;0.8699327277602995;0.1481748528997897
0.07780452841045027;0.776724017479234;23;29;6;0.8808773498472997;0.01899857813015149
0.0728775607414992;0.1016658174209224;23;31;6;0.8835718594240061;0.42203213324058086
0.08541894924555049;0.3654503280149122;23;30;6;0.871995394021682;0.49088449896948505
0.10091650643004357;0.0342697914264436;23;31;6;0.874151966469745;0.7386736028079188
0.0373137610888985;0.41079113705900727;23;30;6;0.8797525353382905;0.4224550611019007
0.049048928544266235;0.2004752249406;23;30;6;0.8713685439250459;0.19500805906056629
0.06732352066711333;0.6134183732064598;23;30;6;0.8798391034539063;0.5356930136407202
0.05702166156702515;0.1110239521934151;23;31;6;0.8690706175229522;0.5824968826506721
0.34735476967302603;0.6176356220387287;23;30;6;0.871497490489988;0.9278400744843235
0.36562934689471194;0.030578785205749637;23;31;6;0.8782018327795634;0.5752515120770211
0.35532750269578495;0.5281843492915439;23;32;6;0.8740710147094672;0.3747684893589325
0.374050003679657;0.09340553335498603;23;31;6;0.875503792759884;0.44908531339001756
0.3865913772825471;0.3571900439489758;23;30;6;0.8748720454906874;0.8061636428767142
0.379156134893018;0.4293749417718662;23;30;6;0.8808800251696439;0.07616892191385272
0.3054307088973559;0.964413089651115;23;30;7;0.8820450948156866;0.8925271829633317
0.317972082500246;0.22819760024510483;23;30;6;0.8674509092081851;0.23151009877275242
0.3134034419201148;0.8749618169039303;23;30;6;0.8787202156954877;0.6326196333833276
0.32639273928519097;0.2910243483943413;23;31;6;0.8691408978588037;0.9902354535032541
0.34180072959864016;0.12938819272542723;23;31;6;0.8779295582420606;0.27099048560034444
0.3372320741173478;0.7761523944830914;23;31;6;0.8765445375859557;0.11413357732982055
0.25777342960172867;0.16203188978930916;23;30;6;0.8808377492673158;0.19713978856130432
0.2531151923482313;0.9783405022688502;23;29;6;0.8759668547061361;0.5921110288767698
0.2686127644338855;0.6471599358780592;23;30;6;0.872232211182461;0.20458217476553253
0.28160206179896163;0.06322249717079265;23;30;6;0.8802863276640269;0.38133329087329215
0.2769438394466255;0.8795310947491726;23;30;6;0.8797626617724309;0.03008487569113416
0.28957480972288174;0.9737712244236079;23;30;6;0.8732978670823175;0.957745583714921
0.21584936882605843;0.5088093574016955;23;31;6;0.8698694849276877;0.598793180826619
0.20832452976316318;0.7505386361441404;23;30;6;0.8815925047526132;0.7070145690231213
0.22095550003941944;0.8447787658185757;23;31;6;0.8826413338305804;0.33256457914800397
0.2396780010232915;0.4099999498820178;23;31;6;0.8727721080822033;0.5390566946162024
0.22928657505215955;0.07714992468968906;23;30;6;0.8789618686049283;0.12241391354996112
0.24765073404605042;0.32054867713483304;23;30;6;0.878442324482289;0.048294471194305966
0.07028326870548518;0.6425489539698254;23;31;6;0.8752685302185901;0.6367578213414258
0.059891827833192024;0.3096989138763353;23;31;6;0.8757205183369237;0.7456062819433629
0.0782560017282441;0.5530976812226405;23;31;6;0.8751781788664005;0.21734871360829833
0.09124529909332024;0.9691602276142127;23;31;6;0.8854321214094357;0.5660028367544423
0.0865870618398229;0.7854688251925926;23;30;6;0.8585806938511316;0.9654067681375154
0.10208464882663837;0.4542882737029629;23;30;6;0.8745284782545562;0.2363974317677473
0.02262598940985794;0.8401677690091806;23;30;6;0.8771974594062387;0.5946367598363397
0.03471946905288448;0.9516742736079102;23;30;6;0.8747092008815938;0.8409029735472889
0.030061246700548327;0.7679828711862902;23;30;6;0.8828226851107908;0.20469635659142837
0.0423338898879847;0.5404005841435884;23;31;6;0.8830785021057331;0.9149007242174961
0.03776524930785352;0.1871648008024137;23;30;7;0.8788502000933585;0.551702333467871
0.053173239621302715;0.025528645133499728;23;30;6;0.8680500275182845;0.290662315861284
0.005515960325675473;0.22314746017285492;23;31;6;0.8776302751441368;0.59380912224472
0.9325071736064919;0.4018304265852166;23;30;6;0.8733837843225131;0.7571230321263787
0.9438840139730398;0.8696920977496723;23;30;6;0.8701602229881144;0.37102747146925974
0.9339404819617715;0.6891200934537647;23;32;6;0.8683141868895699;0.5255518400494883
0.9522150740846186;0.10206324171962444;23;30;6;0.8790712432197297;0.07836182367296352
0.16237288349736057;0.35090958833804287;23;30;6;0.8715868043291616;0.25511292487956194
0.17787044068185365;0.0197290219472519;23;31;6;0.8717759605210706;0.9515217740918699
0.19614503280470075;0.43267218511427286;23;31;6;0.8809156178843698;0.057503632884409184
0.18620150079343245;0.2521001659172041;23;31;6;0.8778776815464712;0.6776787664793158
0.11283440188659022;0.1089607305135899;23;31;6;0.8716347808169311;0.9106441491261854
0.1253757903906415;0.3727452411075797;23;30;6;0.8761466552456494;0.08748484700615
0.11758220601113134;0.1231077222133331;23;30;6;0.8809438829808715;0.6720066140774122
0.13254228746355567;0.8091935456479977;23;29;6;0.872421102955584;0.8069232362805454
0.14768154736155115;0.1561905625400698;23;31;6;0.8732233749452122;0.4246796918282403
0.43541678407360784;0.5795897260873011;23;31;6;0.8717674554321075;0.3397208997392671
0.43084812859231547;0.22635394274612652;23;30;6;0.8705569906113617;0.9146574618880808
0.4438374259573916;0.6424164742365376;23;31;6;0.8721828502186183;0.5620688994807784
0.43917920360505547;0.4587250867160787;23;31;6;0.8746045956402746;0.6822942004492634
0.45467677569070974;0.12754453522644893;23;30;6;0.8761649877686633;0.571482084673516
0.4669494039769849;0.899962233282586;23;32;6;0.8692824572935188;0.43331198811569105
0.4622911816246488;0.716270845762127;23;31;6;0.8809716283429404;0.06728265502551867
0.38319086419784953;0.4239727428843205;23;31;6;0.8818975013607787;0.23229860367791055
0.4019133651817215;0.989193941848924;23;30;6;0.875922818870587;0.914105698526614
0.39438854101998744;0.23092320569020763;23;29;6;0.8790912755864354;0.973236528874532
0.4070194963950825;0.3251633353646429;23;32;6;0.8839153004758272;0.4489522725825539
0.4250253581024759;0.24673968599381113;23;30;6;0.8658213429712347;0.619074367349468
0.41463390232902153;0.9138896757026435;23;30;5;0.8722744450940112;0.19356302063725683
0.3384001867116202;0.19617089166077195;23;31;6;0.8845958561541466;0.4089236868502638
0.35712270259665335;0.761392060823053;23;31;6;0.8829349013382536;0.020678178561386762
0.3467312617243602;0.4285420356307241;23;30;7;0.8697435764671839;0.012311429178634925
0.36509545052057346;0.6719408029770293;23;30;6;0.8819296695937677;0.6206618433482912
0.37736807880684864;0.4443585159343275;23;30;6;0.8737503423704078;0.48047419911562406
0.3698432546451146;0.6860877946767725;23;31;7;0.8814995343982436;0.1165948136572097
0.29647612593594996;0.5429483592731583;23;31;6;0.8780275718564255;0.2857315238310303
0.3094654233010261;0.9590108907635694;23;32;6;0.8724918001739033;0.8987401454518616
0.30480720094868996;0.7753194883419493;23;32;6;0.8756510364543695;0.805360726380266
0.31743815632378514;0.8695596180163845;23;31;6;0.8761287000148958;0.4820616900156085
0.3325774162217806;0.21655664980961775;23;29;6;0.8661343605236433;0.6288030465451533
0.32791917896828326;0.03286526228915887;23;31;6;0.8772100012139373;0.3449198111367492
0.6157439974525449;0.2867200151145133;23;30;7;0.8759244453764389;0.4902278593110143
0.6115336988623948;0.2553066335893145;23;31;7;0.8700067334486214;0.8565762657620647
0.6240750724652849;0.5190911739856267;23;31;5;0.871275145227243;0.08895739418821036
0.6395726445509391;0.1879106075948357;23;30;6;0.8719250089128908;0.7033993241643213
0.634645676881988;0.512852407536524;23;30;6;0.8765747020904205;0.04067662184507859
0.6471870653860393;0.7766369181305137;23;31;6;0.87630204084704;0.17890773981747332
0.5738199366768747;0.6334974678257385;23;29;6;0.8771975654342385;0.8116242768175925
0.5638764195667676;0.4529254635298309;23;31;6;0.8726375852128784;0.8310162725444349
0.5792844098802168;0.2912893078609168;23;30;6;0.8756344542641226;0.4370375755379232
0.597648583775269;0.5346880603060609;23;31;6;0.8721971291464271;0.5895121356862638
0.5869883975863608;0.7104712225758792;23;32;6;0.8760072887871262;0.23396382524058956
0.605262989709208;0.12341438574290009;23;31;6;0.8672213303068728;0.3513225094985154
0.5290292740918067;0.4056956166021898;23;30;6;0.870725857424555;0.7214333354810133
0.5190857569816995;0.2251236123062823;23;30;6;0.8745601403844286;0.8981844366876117
0.5373603491045467;0.638066760572142;23;30;6;0.8690154968314733;0.5576857894665668
0.5499913193808029;0.7323068902465772;23;30;6;0.8746352166117637;0.0026434202538275775
0.5450643368106907;0.05724867528710442;23;31;6;0.8862983055716585;0.3488788355504373
0.5604723271241399;0.8956125196181903;23;31;6;0.8726138979085754;0.5776338749036732
0.4813720096973406;0.6033144316415451;23;31;6;0.8744791890004815;0.730108449953175
0.47716168130486813;0.5719010650175075;23;30;6;0.8807921990203628;0.3151677225588282
0.4897030698089194;0.8356855905126584;23;31;6;0.876060671930383;0.42706193361341194
0.48513442922878824;0.4824497922703226;23;30;6;0.8774394443126841;0.047237082109479855
0.5002736742256225;0.8294468091623945;23;31;7;0.8811501831500623;0.9865548459799258
0.5128150478285126;0.09323134955870682;23;31;6;0.8731723012486137;0.5506520583954215
0.5082464072483814;0.739995551316371;23;31;5;0.8693809581609446;0.7872435152140398
0.07033361165090934;0.6079524719311112;23;31;6;0.865249698971173;0.4091206875796797
0.08860820377375644;0.020895620196971;23;30;6;0.8716373543247661;0.5373187066697624
0.08117293158190497;0.09308051801986139;23;29;5;0.8792587861759297;0.5025611578681676
0.09344558967050254;0.8654982160759984;23;30;6;0.8760050878602583;0.3755772679689843
0.11172018179334975;0.27844137924301937;23;31;6;0.8731153041238114;0.9676238741031417
0.10141832269326156;0.7760469582299748;23;31;6;0.8734807828521809;0.06814125969233875
0.028409535974078026;0.9547299246423365;23;29;6;0.8733879499570285;0.4687561218543951
0.04381752628752722;0.7930937689734224;23;30;6;0.8758543589606318;0.11732854312782715
0.033515667187439036;0.2906993181580555;23;30;6;0.871915226886276;0.9763814265328092
0.05152151399367122;0.2122756836883848;23;30;5;0.8773349727564903;0.6090979486317672
0.06406290249772251;0.47606020918353575;23;30;6;0.871917341909045;0.034795587801926264
0.05662766010819342;0.548245092105265;23;31;6;0.8763800618444111;0.6675121248020454
0.9836188584878487;0.7269280585176267;23;31;6;0.8761670322631443;0.7838854095657166
0.9915916064117688;0.6374768006716031;23;30;6;0.8748458710578298;0.10311404225553067
0.0038642495992051717;0.4098944987277401;23;31;6;0.8673827287149198;0.3099644699113878
0.019272239912654365;0.248258343058826;23;31;6;0.869715556244165;0.7732862745937007
0.9670463349380573;0.09264137475700662;23;30;6;0.8682902360986803;0.357897638338329
0.2609626692287734;0.817477181971368;23;30;6;0.8765187708881741;0.5346487395449274
0.27233950959532127;0.28533885313582363;23;30;6;0.8785618960262511;0.9207946133451482
0.2619480687230281;0.9524888130423336;23;31;6;0.8776476300522306;0.0900208903900126
0.2806705697069001;0.517710012006937;23;30;6;0.874046611925171;0.7219311914402871
0.29616814179255424;0.18652944561614604;23;30;6;0.8858076179528092;0.8672392396145522
0.2857767158214223;0.853679405522656;23;30;6;0.8695967533981102;0.5616773196406732
0.21205126002343777;0.38871755340190484;23;32;7;0.8739944909666449;0.36755329416613114
0.22468223029969403;0.48295766817517893;23;30;6;0.8766340030710394;0.9994635952164056
0.21715740613795997;0.724686961818785;23;30;6;0.8806738440291478;0.17281061888153748
0.23587990712183193;0.28990814588222724;23;31;6;0.8828302779750651;0.7339516626165915
0.2485108773980883;0.38414826065550123;23;30;6;0.8706820501193434;0.91867551174711
0.24385264014459096;0.20045685823388115;23;31;6;0.8714929998678052;0.5547961262886958
0.16439399562897172;0.58633636844126;23;31;6;0.8754156168709605;0.44887531871304875
0.1798915826157872;0.25515580205046906;23;30;7;0.8711294971831661;0.0494321336020338
0.17523334536228985;0.07146442943117137;23;31;6;0.8801770436061696;0.12988330652544544
0.188222642727366;0.48752696092158243;23;30;6;0.8707997483296857;0.8346232456516547
0.18365398724607362;0.13429116267924657;23;29;5;0.8669724148624294;0.003759926023152893
0.1961953757501249;0.39807568817439765;23;31;5;0.8667177915969392;0.3183303214594697
0.11960333304390369;0.35853450231655026;23;30;6;0.868068452771226;0.5060103541715911
0.11503469246377251;0.005298718975375594;23;30;7;0.8823911504777209;0.11561491315211703
0.1275760809678238;0.26908324447052656;23;31;6;0.8741837666906879;0.35265424902943776
0.14629856705053457;0.8343044136328076;23;30;6;0.8704682309205932;0.10209526896851018
0.13599672285160758;0.33190999261976306;23;29;6;0.8795362582660272;0.3141881731974273
0.15140469826389558;0.17027383695084897;23;31;6;0.867827277839298;0.5072430824395247
0.44460442308045556;0.2514648256320976;23;30;6;0.8754802011261615;0.06838412617457867
0.4343025639803674;0.7490703897178917;23;30;6;0.8808873911610996;0.44355433468410477
0.4525771561032146;0.1620135528849127;23;31;6;0.873657781722672;0.9068761244652565
0.46556645346829073;0.5780760843753238;23;31;6;0.8743193364978701;0.8826420206456954
0.45813119617760045;0.6502609821982142;23;30;6;0.877400749234827;0.44539552137927774
0.47640578830044755;0.06320413046407392;23;30;6;0.8725765636777443;0.6804640880704115
0.3969471437848284;0.4490836406714528;23;30;6;0.8628243283330457;0.3131806250705307
0.39237850320469725;0.09584784242911693;23;31;6;0.8768462421686056;0.4690592627603377
0.40778647861698525;0.9342116718590417;23;30;5;0.8773398827705073;0.6836640359689242
0.4207757759820614;0.3502742331517752;23;31;6;0.8732728054968178;0.17511436811198644
0.4287485090048203;0.2608229604045903;23;30;6;0.8711836294920039;0.3556279037511937
0.42382154133586925;0.5857647603462787;23;30;6;0.8697037627490706;0.9649637025139435
0.3475878257184679;0.8680459763044072;23;30;6;0.8763519945122746;0.8954129007384196
0.3601292142225192;0.13183050179955813;23;31;6;0.8700237819951502;0.4518957221211375
0.3559188858300467;0.10041713517552053;23;30;6;0.8750068278201731;0.599532896372732
0.368549856106303;0.1946572648499557;23;30;6;0.874873313131222;0.20833120450225195
0.3868244482291502;0.6076004131158155;23;30;6;0.8701564095136753;0.4671388216184137
0.3790308787508011;0.3579628793204077;23;31;6;0.8733724438376518;0.5556955084675145
0.29993056132400187;0.06566480624492355;23;31;6;0.8749529374519347;0.9948267745058443
0.3182051534468491;0.4786079545107833;23;30;6;0.8795155305761746;0.22559541613113943
0.30826162143558067;0.29803593531371453;23;30;6;0.872659209369128;0.6053342801219579
0.32662579533063285;0.541434717561181;23;30;6;0.8779201313550669;0.04007961868017429
0.34203378564408204;0.3797985469911057;23;30;6;0.8692738237548316;0.6159119985510377
0.33137361435633517;0.5555817092609241;23;30;6;0.8732926408874457;0.6248229865345432
0.6249316364593926;0.9585950997581485;23;31;6;0.8672876863893129;0.2449085532584061
0.6374730249634439;0.22237962525329946;23;31;6;0.8742328639333978;0.6332543366897949
0.6332626965709715;0.19096625862926186;23;32;6;0.8831587160378936;0.19117046642779234
0.6487602835577868;0.8597856922384709;23;30;6;0.8764976570620655;0.1844161740435688
0.6563746894917258;0.44851201767531024;23;30;6;0.8766193583348647;0.9145971874643781
0.5772743720649266;0.15621392969866488;23;31;6;0.8804807500784667;0.3121662991737878
0.5926823474772147;0.9945777740297509;23;30;6;0.8742626397600988;0.49554642172123187
0.5884720339859033;0.9631643925045521;23;30;6;0.8817540631082911;0.1890886840253031
0.6011030042621597;0.05740450727782609;23;31;6;0.8680053879356;0.10036747240488242
0.5964447819098235;0.8737131346585284;23;30;6;0.8741930491906894;0.7011034657394385
0.6087174250972599;0.6461308327146654;23;31;6;0.8686105268581104;0.9260493219737328
0.5324837094798586;0.9284120784751163;23;30;6;0.8695282209120013;0.24585826348148765
0.5278254722263612;0.7447206760534962;23;30;6;0.8768295328973941;0.9351901973930865
0.5408147695914374;0.1607832075439073;23;30;6;0.8789281359630294;0.14087607691144022
0.5591789434864894;0.40418197489021246;23;31;6;0.8737703356922751;0.4841125053428972
0.570914096040696;0.19386606277180518;23;30;6;0.8711941038674866;0.7325286815867659
0.5605226551684028;0.8610160226783151;23;31;6;0.8649287475820056;0.2924155805109502
0.4871555562615606;0.7178765723735397;23;31;6;0.8776171450795164;0.40556393637640364
0.5022947863572337;0.06487361906793421;23;31;7;0.8733473917730932;0.8232888425238036
0.4919033603861017;0.7320235789744441;23;29;6;0.8813540770399214;0.4232539082336739
0.5102675342811538;0.9754223463207493;23;31;6;0.8739359336342014;0.7788989293650911
0.52325683164623;0.39148487781116037;23;31;6;0.8783066131496703;0.16957025951587912
0.5185985943927326;0.2077934902907015;23;31;6;0.8763098646832959;0.5035366258841437
0.34158944123982615;0.8516161838428308;23;30;5;0.8722288356620344;0.29597665806302353
0.3538620844272625;0.624033896800129;23;30;6;0.8722729336673973;0.38749310785165725
0.3492038620749264;0.4403424943785089;23;29;6;0.8768363108408084;0.42154114629031136
0.36183483235118263;0.5345826240529442;23;30;6;0.8696635534502138;0.35426556318992375
0.35762450395871015;0.5031692425277454;23;30;6;0.8814466835421244;0.749863875910824
0.37303250917332054;0.3415330868588313;23;30;6;0.8705092068165997;0.5213062033318568
0.2939321768453601;0.049234998882186076;23;31;6;0.8847105279914503;0.32718345663799897
0.28900519427524785;0.37417679882387433;23;30;6;0.8772127123553249;0.9928694863535437
0.3015465976804603;0.6379613243190254;23;30;6;0.8794624004999148;0.3199380711631866
0.3170441548649533;0.30678075792823434;23;31;6;0.874979901828122;0.6924243909633325
0.312833841373642;0.27536739130419674;23;30;6;0.8804870345336158;0.7215026584494858
0.3253752149765322;0.5391519018981865;23;31;6;0.8761437942182638;0.2781646284754524
0.25200811606969;0.39601246649457245;23;31;6;0.8833941338563314;0.6188495830556063
0.2413479298807818;0.5717956138632296;23;31;6;0.8720169165511625;0.03137876131627926
0.2567559201942311;0.41015944329315435;23;30;6;0.8680855402244174;0.7875383694672409
0.27512010899044437;0.6535582106394596;23;29;6;0.8752554781462889;0.11817962303393403
0.26517657697917607;0.47298620634355204;23;31;6;0.8733774309442741;0.45214597450103755
0.28345116910202317;0.885929369510573;23;30;6;0.8773966462671678;0.8049244087242179
0.20435085167522393;0.5936312815339276;23;30;6;0.8727373615720059;0.6213722664470631
0.19655726729571377;0.3439937477385199;23;30;6;0.8691939547523144;0.7002577310582794
0.21483185941856087;0.7569369109055407;23;31;5;0.875357039345682;0.039061468422128875
0.22746282969481713;0.8511770256788148;23;29;6;0.8782815855285336;0.34704922515908
0.22325251620350584;0.8197636739559384;23;30;6;0.8723703860481262;0.021514223847228342
0.23579388980639593;0.08354818454992818;23;31;6;0.8782912523558721;0.730016567603724
0.5264853101000555;0.9119822562112175;23;30;6;0.8734784756277499;0.8160685590901768
0.5215583573322656;0.2369240561529059;23;31;6;0.88089328096918;0.11787521824846847
0.5340997309351558;0.5007085667468957;23;31;6;0.8805435956908149;0.5748367171042283
0.5295310903550245;0.1474727983068823;23;31;6;0.8691856646560081;0.38788048238444583
0.5425203877201008;0.5635353297972934;23;31;6;0.8749368899499472;0.38058871426815355
0.55792837803355;0.4018991592272181;23;30;6;0.8813079725840279;0.7531646158405044
0.5533597225522576;0.04866339078720461;23;32;6;0.8817023271298566;0.11149709013807074
0.4739010929377997;0.4345428711922611;23;31;6;0.8720314480416724;0.6977244902391575
0.4921756701594856;0.847486034359282;23;30;6;0.8759221496127574;0.4864021177877509
0.4847404128687953;0.9196709321821724;23;31;6;0.8715817927070758;0.6593365111146944
0.49772971023387147;0.3357334636725835;23;29;6;0.8696095903165794;0.9471684734136552
0.5160043023567186;0.7486766268396045;23;30;6;0.8870920945504572;0.2970803058274377
0.5057024581577916;0.24628219092539871;23;30;6;0.8750164010229985;0.18125164061053423
0.43197701726096827;0.7813203388046475;23;30;6;0.8707459138667061;0.2415042009112447
0.44738500757441746;0.6196841831357335;23;31;6;0.8790511966351794;0.5984033668535315
0.4370831484743293;0.11728974722152774;23;30;6;0.8834202294207667;0.9428507260639718
0.45580564945820123;0.6825109163838087;23;31;6;0.8758434318435294;0.7638672392681094
0.46834703796225263;0.9462954418789596;23;30;6;0.8794613400576169;0.8702969920205123
0.46377838248096026;0.5930596585377851;23;30;6;0.875460278992822;0.06760899324257608
0.38718633977473893;0.5535184726799377;23;32;5;0.8800799935734382;0.7134939762510202
0.3997277431799515;0.8173029981750887;23;31;6;0.8800248225384537;0.8771661983203375
0.39515908769865915;0.4640671999327529;23;30;6;0.880704970377049;0.23253892457953196
0.4081483850637353;0.8801297463243252;23;30;6;0.870880531196225;0.8951756244844998
0.40349014781023795;0.6964383439027051;23;31;6;0.8824341583984737;0.8611886223615768
0.4189877198958921;0.3652577924130752;23;31;6;0.8670562651379222;0.5059986390047224
0.7064542261924951;0.29729014342245386;23;30;6;0.8700761572798963;0.5987224551155705
0.7017959889389978;0.11359874100083378;23;29;6;0.8704059463822557;0.1510845149768596
0.714426959215254;0.20783887067526896;23;31;6;0.8819337422924273;0.31583173321379776
0.733149460199126;0.77306003983755;23;30;6;0.8774337899206142;0.948548270213917
0.7256246211362307;0.014789333481156186;23;32;6;0.8683021713302532;0.9125789989389882
0.738255591412487;0.10902946315559137;23;30;6;0.8774405738789707;0.548699628381735
0.6645301505156637;0.644067596133679;23;30;6;0.8849919140029102;0.7138051439051707
0.6541387245445317;0.31121757094135016;23;30;6;0.8848997855042885;0.16575012312209692
0.6696362817290247;0.9800370045505592;23;31;6;0.8730446484719354;0.9058354297273938
0.6883587976140579;0.5452581886140014;23;31;6;0.8701034161971472;0.07085137837978572
0.6779673567417648;0.21240816342167257;23;31;6;0.8774924409594865;0.7170946884770497
0.696331545537978;0.45580691586681654;23;30;6;0.880978213397986;0.862402751552476
0.6168728861211977;0.8416864260741954;23;31;6;0.8763389837576876;0.5622156932074118
0.6093480470583025;0.0834157048166404;23;30;6;0.8771606890113715;0.5332452405256448
0.6277122209533545;0.32681447216294557;23;31;6;0.8732655777332938;0.14625387704763726
0.6407015183184307;0.7428770185545178;23;31;6;0.873920299479705;0.005976651042765124
0.6360432810649334;0.5591856161328977;23;31;6;0.8757264067558179;0.9257117705773013
0.6486742513411896;0.653425745807333;23;31;6;0.8765065309372593;0.8029029007454315
0.5720822086349684;0.6138845599494857;23;29;6;0.8754390446543339;0.4075804771558451
0.5674239862826322;0.4301931575278656;23;31;7;0.8772079473389041;0.3828203528665505
0.5800549565588885;0.5244332872023009;23;32;6;0.8774904281401562;0.9972622977438226
0.5758446430675772;0.49301992057826316;23;29;6;0.8758271251567741;0.16227824639621447
0.5883860166704673;0.756804431172253;23;31;6;0.8807683040474787;0.7858574724337489
0.6038835887561216;0.42562386478146197;23;31;6;0.8653073985608348;0.9508734210861408
0.5989566210871704;0.7505656647231503;23;30;6;0.8746408437401167;0.4194226677212485
0.8866918577992272;0.17396482827038173;23;29;6;0.8803757465369242;0.5890968536271377
0.9050560316942793;0.4173635956166869;23;30;6;0.8769496491465116;0.27457678623508386
0.895112499683011;0.23679157641961812;23;32;6;0.8758256502828535;0.5843525990582042
0.9105205048976214;0.07515542075070414;23;31;6;0.8740385447775252;0.052332626092853385
0.9288846787926734;0.3185541880970093;23;30;6;0.8799549638892765;0.9907545871424108
0.9182244926037654;0.4943373354656665;23;30;6;0.8821703437212216;0.5468790665351475
0.844767797023557;0.5207422958827681;23;31;6;0.88379917755622;0.7793497618323371
0.8602653691092111;0.18956172949197714;23;31;6;0.8730926641208361;0.4006894584659084
0.8503218370979428;0.00898971029490836;23;29;6;0.8703068204734452;0.7202296546570484
0.8685964441219511;0.4219328883630905;23;31;6;0.8714557719866923;0.18355145933936123
0.8812274143982074;0.5161730031363645;23;31;6;0.8677071541136612;0.2699581836555427
0.8763004318280951;0.8411148030780529;23;31;7;0.876201785777763;0.4082788983013036
0.7999771344384888;0.29294042975805834;23;31;6;0.8739943971480049;0.04054752644039794
0.8126081047147451;0.3871805445313323;23;31;6;0.860585968262348;0.2178361182802262
0.5732503510315632;0.033903057127166236;23;30;7;0.8744583990783101;0.8613920050136634
0.5857917246344533;0.297687567721156;23;29;7;0.8693954880653622;0.06336221368690231
0.5812230840543221;0.9444517843799813;23;31;6;0.8730658884530909;0.4171224829475685
0.5934957272417585;0.7168694973372796;23;30;6;0.8783907749555927;0.6264812002251647
0.5171724298521522;0.16869510911612373;23;30;6;0.873713535875986;0.18260567961790153
0.512603789272021;0.8154593406761104;23;31;6;0.8681619588108969;0.3373197840713664
0.5255930866370971;0.23152187216652143;23;30;6;0.8673537156094232;0.9804277470426176
0.5209348493835998;0.04783046974490135;23;31;6;0.8769771776266035;0.8394254591658836
0.5335658047586949;0.14207059941933653;23;30;6;0.8811191453372463;0.5287573930774824
0.5487050646566904;0.4890676312125698;23;31;6;0.8747018891673319;0.6791715873662698
0.544046827403193;0.3053762436921108;23;30;6;0.8787434275932348;0.03284225995356982
0.46494650997639375;0.013078140814304362;23;31;6;0.8808422128063117;0.30007051895351533
0.4836690109602658;0.5782993248777466;23;32;6;0.868848558542775;0.4040351961160653
0.47327757008797255;0.24544929968541773;23;30;6;0.8704662373986687;0.11083548620066652
0.48877514217362683;0.9142687332946268;23;31;6;0.8704923988509202;0.07823502884552891
0.506780988979859;0.835845083923795;23;30;6;0.879173065260701;0.9839954664218954
0.49638956300872705;0.5029950587314661;23;30;6;0.8689508620393481;0.31106403633037716
0.7899475851117845;0.9060084641298517;23;30;6;0.875428026452145;0.08277512396918607
0.8029368824768607;0.32207099562026276;23;31;6;0.8744588971685252;0.9066582240815604
0.7954120583151266;0.5638002892638688;23;31;6;0.8772854714721837;0.30485437839408247
0.8137762322101787;0.8071990417090129;23;30;5;0.881944462074838;0.7036776200132007
0.8260488753976151;0.5796167546663111;23;30;6;0.8740357456717857;0.21841552926349705
0.8213906381441177;0.39592536714585214;23;30;6;0.8787499459496244;0.31826303916370957
0.7451569225267164;0.6782065980051418;23;31;7;0.8753268076078857;0.6590375755160685
0.7581462198917926;0.09426912949555288;23;31;6;0.8749579581634557;0.35321047468234357
0.7534879975394564;0.910577741975094;23;30;6;0.8733762422323414;0.6416695093867392
0.7661189529145516;0.004817871649529293;23;31;6;0.8732982414790476;0.5279012100293888
0.7611919852456005;0.32975967159121766;23;31;6;0.8748655039767853;0.6206603195642346
0.7765999755590497;0.16812350102114237;23;31;6;0.8746261069088576;0.9688700983061227
0.6974996581322505;0.8758254130444971;23;31;5;0.875918330794735;0.4866537878113881
0.693289329739778;0.8444120315192983;23;31;6;0.8706024069790967;0.8134536273044162
0.7058307182438293;0.1081965570144493;23;32;6;0.8745655737684122;0.9829058314811846
0.7241948921388813;0.35159532436075447;23;31;6;0.8655283494929064;0.2565839333764045
0.7164013226605324;0.10195780546650779;23;31;6;0.8759667047988526;0.10805808521745941
0.7289426962634225;0.36574231606049756;23;30;6;0.8732243906542149;0.4270643552321385
0.6555755973565802;0.2226028657557223;23;31;6;0.8819232513346477;0.7875467771614629
0.6456320653453119;0.04203086145981472;23;30;6;0.8782791263430907;0.9351411332283465
0.663906657468159;0.45497402462683567;23;30;6;0.8717798756862568;0.7195188655134236
0.679404214652652;0.1237934582360447;23;31;6;0.8736358056317852;0.14915808775944017
0.6687440433649051;0.2995766205058631;23;29;6;0.8766505017400962;0.4936054469698805
0.6870186354877522;0.7125197687717227;23;31;6;0.8754619802696026;0.5608453557002564
0.9748434688731752;0.9663745364982385;23;31;7;0.8800201517538132;0.369947523003455
0.9706331404807027;0.9349611698742007;23;30;5;0.8814538038619943;0.8032595681075531
0.9860411307941519;0.7733249993041256;23;31;6;0.8854877037232242;0.11285979674419366
0.9986721010704082;0.8675651289785608;23;30;6;0.8693470849914899;0.4143081288136654
0.9937451185002959;0.19250691401908793;23;30;7;0.863813124944323;0.9640180587351255
0.006286507004347186;0.4562914395142389;23;31;6;0.8814763543450544;0.3365043785352714
0.9300527913869459;0.7385726852746898;23;30;6;0.8800946825516893;0.9324065504298503
0.9258424778956346;0.707159303749491;23;30;6;0.8702801531975373;0.24514212619250375
0.9383838663996859;0.9709438143434808;23;31;6;0.8668992170641967;0.3186527142737441
0.9338152258195547;0.6177080310023062;23;31;6;0.8678590278513985;0.8646580774687327
0.9460878541058299;0.3901257439596044;23;31;6;0.8801539021740244;0.6894369953031567
0.9614958593204402;0.22848958829069033;23;31;6;0.8785785870592193;0.941526009306268
0.9569272038391479;0.8752537900483545;23;30;6;0.8793583432277665;0.3098020007139414
0.8781851986000073;0.9047781187888463;23;30;7;0.8732200042960304;0.4079474718434206
0.8964597907228544;0.31772128195586713;23;31;6;0.8744531002939049;0.9623734769221931
0.8861579465239274;0.8153268460416614;23;31;6;0.8752511879391544;0.7234600527421058
0.9012971915207618;0.16232387783489455;23;31;6;0.8766990980008004;0.08394247467143023
0.9195717836436089;0.5752670410019155;23;31;6;0.8768309536666222;0.22687862328713881
0.9092699394446819;0.07287261998887096;23;30;6;0.8812088166331883;0.5919296857965944
0.8362611527254984;0.25155558640123266;23;31;6;0.8711913257760532;0.3726345803224289
0.8488025263283885;0.5153400969952224;23;31;6;0.8697526041833851;0.7668891664602546
0.8413672839388594;0.5875249948181128;23;31;6;0.8712628826665029;0.1516481294478369
0.8593731307450916;0.5091013454472809;23;32;6;0.8799214945425726;0.2343741401003706
0.8719145192491429;0.7728858709424319;23;31;6;0.8774808030313896;0.9917878930622019
0.8673458637678505;0.41965007270009613;23;30;6;0.872008491010545;0.658907216231865
0.15552900934093206;0.9953272422425875;23;30;6;0.8757365162647026;0.8496330142977943
0.17093701455554244;0.8336910865736735;23;30;6;0.8798471998907879;0.5730597651367024
0.16636835907425007;0.48045530323249885;23;31;6;0.8764200446184699;0.9309443156720827
0.17864100226168644;0.2528730161897971;23;29;6;0.8718080306892246;0.5980636537429069
0.1739827799093503;0.069181613768177;23;30;6;0.8687928873637139;0.8613503147658337
0.18948033709384338;0.7380010622785472;23;31;6;0.8764950833588139;0.911838521500847
0.11073834675586403;0.7675253761178777;23;31;6;0.8788346639191452;0.427744558246577
0.10608012440352776;0.5838339885974189;23;31;6;0.8730622802774389;0.06727282968755932
0.11871109467978413;0.6780741182718542;23;30;6;0.8666621753735149;0.7867936867217831
0.13671694148601632;0.5996504689010222;23;31;6;0.8731556549592783;0.15395189357944705
0.12919210242312107;0.8413797476434672;23;31;6;0.8795141829575533;0.5110302230661437
0.14182307269937733;0.9356198773179024;23;30;6;0.8730644423019364;0.7438592603533143
0.06881428598019379;0.11430284373026411;23;31;6;0.8805747277256002;0.09332316900491078
0.05842286000906183;0.7814528185379352;23;30;5;0.8697756259695081;0.9955899323664444
0.0767870190029527;0.02485157098307933;23;30;6;0.8722083445667533;0.09394679799505712
0.09192626399978698;0.3718486027763125;23;30;6;0.8825040653779626;0.7370547609663083
0.08153483802865502;0.038998562682822424;23;30;6;0.8758261682700438;0.8544134452242341
0.0998989970225459;0.2823973300291276;23;30;6;0.8647443905579373;0.4859654042845275
0.021157021585727742;0.3119216587696194;23;30;6;0.8838373634064203;0.7046405960691186
0.0164987843322304;0.12823027124916042;23;30;6;0.8783925409286383;0.07896173554292774
0.031996356417884564;0.7970497048583695;23;30;6;0.8655588426197229;0.21253464606414763
0.04426899960532105;0.5694674178156677;23;30;7;0.8783628107054274;0.9164683343393508
0.03961076235182359;0.3857760302952088;23;30;6;0.8777150189152254;0.07386986215664249
0.05224173262807996;0.4800161450684829;23;31;6;0.8789639445949652;0.6394003978285789
0.04803141913676867;0.4486027784444453;23;30;6;0.8694578818404284;0.626375426093491
0.8709326842116571;0.26196986781729037;23;31;6;0.8718821361348437;0.19047265341014785
0.8835636544879134;0.35620998259056436;23;30;6;0.8786831516022628;0.424197493518207
0.8786366868189623;0.6811517825322527;23;31;6;0.8765851778118653;0.04768713778353639
0.8911780604218524;0.9449363080274037;23;31;6;0.8735016295289498;0.21736132368942562
0.9066756474086678;0.6137557565377739;23;29;6;0.871657439875046;0.8424634398544446
0.9024653190161953;0.5823423750125751;23;31;6;0.8744932295553757;0.7364530505065926
0.8232754198171911;0.45958868285664556;23;31;6;0.8765140408447861;0.38896703995472104
0.8416395788110821;0.7029874502029507;23;30;6;0.8815509703342581;0.49002193107830916
0.8309794075233351;0.8787706124727691;23;32;7;0.8742258564232662;0.13106951328884597
0.8463874127379456;0.7171344419026939;23;31;5;0.8811152022483905;0.4798167826639639
0.8647515717318365;0.9605332092489991;23;31;6;0.8742490806256442;0.5475827118640733
0.8548080397205682;0.7799611900519303;23;30;6;0.8796130937451486;0.8443728215812089
0.7813513441403598;0.8063661355678707;23;31;6;0.8615496471419243;0.9131784088214577
0.793982314416616;0.9006062652423059;23;30;6;0.8841687993331573;0.9481690285696557
0.7861887449382671;0.6509687314468982;23;29;6;0.8881469023824358;0.5909222438100171
0.8044633370611142;0.0639119095150803;23;30;6;0.87626614436907;0.3721646289690813
0.8170943073373704;0.1581520242883543;23;30;6;0.8732899527773761;0.7095350728788126
0.812883978944898;0.1267386576643167;23;31;6;0.8643073179413157;0.8004672535455613
0.7336940797458937;0.003984965508387117;23;31;6;0.8703464208493361;0.3430221416564423
0.7491916518315479;0.6728044140187573;23;31;6;0.8750117012582717;0.7517889003856675
0.7442646841625968;0.9977462139604457;23;30;6;0.8697067030681798;0.10053616976078539
0.7568060726666481;0.2615307245544355;23;31;5;0.8744587830190467;0.5069738322150037
0.7522374171853558;0.9082949412132608;23;30;6;0.8687112517604015;0.2638500796424439
0.7652267145504319;0.3243574727036719;23;31;7;0.8827720802179678;0.4215671312650058
0.055828567973047805;0.3223359550868382;23;30;6;0.876144785307695;0.7475607497093503
0.05125991249175532;0.9691001568445025;23;30;6;0.8784408064671066;0.09630801908446807
0.0635325556791918;0.7415178698018007;23;30;7;0.8679028225550152;0.9025435994794301
0.07437189051134863;0.22664593079171202;23;31;6;0.8749268997605669;0.09796291332169327
0.08736118787642477;0.6427084622821231;23;31;6;0.8801012332894182;0.1300401676729992
0.013904492296216375;0.6691134077980635;23;32;5;0.8686916917875293;0.6830328792976532
0.003602648097289385;0.16671898678501884;23;31;6;0.8625543730465347;0.44429861866197595
0.02160849490352157;0.08829533741418705;23;31;6;0.8705197709505801;0.15074416101568733
0.03701647031580957;0.9266591519429506;23;30;6;0.8815787606794193;0.07554973739357262
0.02671462611688258;0.424264730929906;23;31;6;0.8767610385325015;0.7814577891140543
0.04543712710075454;0.9894859149933483;23;31;6;0.8694021223169622;0.07833746570223366
0.9662472279017503;0.8667322377385799;23;30;6;0.8751421670695808;0.4236806426347237
0.961678572420458;0.513496439496244;23;30;6;0.8633881418775855;0.9619356354820885
0.9768178174172922;0.860493456388316;23;31;6;0.8712365825089958;0.25111132436412387
0.9893592059213436;0.12427798188346706;23;30;6;0.8698113351711987;0.5639364669978211
0.9847905504400513;0.7710421836411312;23;30;6;0.8806040409600143;0.9434101352276324
0.9977798478051274;0.18710474493386464;23;31;6;0.8786881611309691;0.32955958838578325
0.9931216254527913;0.003413342512244566;23;30;6;0.8774756850511347;0.10614373629135021
0.9168879098353899;0.28569457337153426;23;29;6;0.8705138653754072;0.36817626740456855
0.9291605530228263;0.058112286328832474;23;29;6;0.8772580409281622;0.012989863405644342
0.924502315769329;0.8744208839072124;23;30;6;0.8778706096368746;0.3445375070232135
0.9371332860455852;0.9686610135816476;23;31;6;0.8749931105170963;0.4690979966792125
0.9558557870294572;0.5338821976450898;23;30;6;0.8694586187368866;0.17159837659913624
0.9483309628677231;0.7756114763875348;23;31;6;0.8750961992329186;0.4299616642122033
0.23615578135198478;0.02946624411405041;23;31;5;0.8623547300033569;0.08140426665296341
0.25416162815821697;0.9510425798420573;23;31;6;0.8758842409096782;0.5782726595555654
0.243770202187085;0.6181925546497286;23;31;6;0.8733488308426993;0.9160945767830904
0.25926777427273917;0.28701200316009867;23;30;6;0.8785051401530858;0.7449942263366207
0.27799027525661124;0.8522331723223797;23;30;6;0.8813914173346206;0.026286763968102034
0.2675988343843181;0.519383162031212;23;30;6;0.8787458191967219;0.17262697522411596
0.19423172057631466;0.3762436968252756;23;32;6;0.8794351984035282;0.4141453848105241
0.20650436376375103;0.1486614097825738;23;31;6;0.8703465934771364;0.20963121214553426
0.19897953960201697;0.3903907034261799;23;31;6;0.8737184282740096;0.8523844124847344
0.21734371349706905;0.633789455871324;23;31;6;0.8697396936349505;0.13994762946708028
0.230332995960984;0.04985200226289621;23;30;6;0.871959805966257;0.5037017587832777
0.22567477360864785;0.8661606147424372;23;31;6;0.8752890579648901;0.8051500759515883
0.1617137011786829;0.9208595585590251;23;30;6;0.8824156232136916;0.024452325240452932
0.15705547882634674;0.737168156137405;23;31;6;0.8775057261970729;0.8838131927888306
0.1696864342014418;0.8314082858118403;23;30;5;0.8675761224556322;0.03188630375045909
0.16547610580896932;0.7999949042866416;23;30;6;0.8754264620430325;0.38009608249234705
0.1780175092141818;0.06377941488063132;23;30;6;0.8765417148376039;0.7489095645332503
0.10178379359678047;0.3460606606410822;23;31;6;0.8810018697884048;0.4055478799595764
0.09685681102666821;0.6710024605827706;23;30;6;0.8852316451129884;0.507634919263752
0.1093981995307195;0.9347869711767604;23;29;6;0.8743084142431375;0.31297468193666433
0.12776237342577168;0.17818573852306552;23;31;6;0.8806298633137746;0.6014337166410598
0.11781884141450327;0.9976137193259967;23;30;6;0.8777286506548627;0.9505393131049976
0.13322683172795258;0.8359775636570828;23;31;6;0.8763783033844922;0.3074384790472844
0.42678486873217125;0.23899096905546824;23;30;6;0.8715262981182702;0.8893195714410526
0.4161246825432632;0.4147741313252866;23;30;6;0.8845430647083244;0.6024872813645835
0.4343992895672715;0.8277172795911464;23;31;6;0.8767367885588606;0.7616804446259745
0.44989684675176445;0.4965367281015166;23;31;6;0.8731770449565103;0.20619016655221045
0.43995331474049615;0.31596470890444783;23;30;6;0.8734109814766546;0.5755843383570687
0.45822790686334325;0.7289078720714688;23;30;6;0.8792919901652257;0.6831786541481362
0.3791276043377052;0.43660978409482354;23;31;6;0.8790038055969907;0.2562340139818067
0.37420062176759294;0.7615515840365118;23;30;6;0.8802865861126109;0.4089773343479234
0.38960861208104214;0.5999154283675978;23;30;6;0.8807335637464201;0.09544266645012423
0.4022395823572984;0.6941555431408718;23;31;6;0.8741264678217306;0.05875674099755568
0.3980292539648259;0.6627421765168342;23;30;6;0.8774787299018885;0.6800964376311269
0.4105706424688773;0.926526687110824;23;30;6;0.8763815076301389;0.8242399525690499
0.40600198698758494;0.5732909037696494;23;30;6;0.8783830115103626;0.4569564895691691
0.3294099442813636;0.533749717911802;23;31;6;0.87671645935685;0.6260931699406673
0.3419513476865762;0.7975342285057918;23;31;6;0.8759850942199812;0.2865799073127159
0.33738269220528383;0.44429846006577844;23;31;6;0.8727595225167478;0.19696290777256786
0.35037198957036;0.8603609915561895;23;31;5;0.8818085332008946;0.975611000895618
