0.15796045494301325;0.024867567750952224;0;9;6;0.8729385261838037;0.052251848825923375
0.9971655280534008;0.9811545432477259;0;9;6;0.8730008362055175;0.6424747245038996
0.17785106852115773;0.010107248992075046;0;8;6;0.8728072221649512;0.2699095014006945
0.34608483205939067;0.6057310334205575;0;9;6;0.8689318300364705;0.07354724020403458
0.14273877198867313;0.09560623237356636;0;9;6;0.8857029217507968;0.2503879082816768
0.32127436482467187;0.19362443781509342;0;7;6;0.8780985078273361;0.7538385887399527
0.47436886846490944;0.44225122025266506;0;9;6;0.8852996463070555;0.8399801470974493
0.7396191846616464;0.4212938391076766;0;9;6;0.882099417536207;0.23414515146307002
0.45081254604106025;0.6565230831571806;0;8;6;0.8810642099505023;0.6351183407139463
0.6006821058819187;0.008748100239357792;0;7;6;0.8766378300752518;0.5018213193240405
0.4860179888025188;0.02557534680195861;0;8;6;0.8695963029719519;0.5527459498554211
0.783610755111569;0.42318655331279853;0;7;6;0.8731460242680622;0.9700229322406351
0.04644239326109412;0.9799278742282964;0;7;6;0.8868832920110906;0.4646946288251461
0.21996143665593693;0.5724322903333887;0;7;6;0.8788482825652293;0.7874633183712728
0.9241674496056852;0.03212443820104316;0;8;6;0.8752610383175118;0.26538687741719025
0.17221815494603487;0.5636911440404448;0;9;6;0.8766301476904355;0.3878984564759711
0.3453788712520577;0.8343731434284002;0;7;6;0.8827528283619557;0.22100843442197393
0.4085337077321779;0.3055737619982539;0;8;7;0.8689669942502454;0.22361341982829475
0.9530629592883373;0.4042323528802474;0;8;6;0.8737923115156329;0.6597920667417907
0.12532787277347157;0.37035831047536005;0;9;5;0.8821833063283837;0.5367969044519731
0.28254310813281547;0.8199428404565239;0;8;6;0.8720518235972206;0.5545879133437835
0.4226483144079768;0.6525070616013621;0;8;6;0.8756489394506951;0.922505577662637
0.22181054395899846;0.39513916267316895;0;7;6;0.8733528605045386;0.29723144176790717
0.37490503269807474;0.6437659153084182;0;7;6;0.8697959388803044;0.808565273476737
0.49960224865978675;0.6379662921221704;0;8;7;0.8709251166677372;0.891213157619401
0.7698691441000023;0.12252273011593906;0;7;6;0.8670650186980917;0.247037342295228
0.4753292720582979;0.20859335139473434;0;7;6;0.8710214147252399;0.13246282188919423
0.6316487045967532;0.3536218395830555;0;8;7;0.8752014667683123;0.48237463940181546
0.8998552192762543;0.7376993814532864;0;7;6;0.868612351795289;0.7477216960866179
0.05581632472588971;0.5609054678256318;0;8;6;0.8706687756795959;0.9390202782097746
0.7616347946741664;0.9687984760192415;0;8;6;0.8739519934889214;0.7963172154418303
0.6458061294572629;0.18970288315230832;0;7;6;0.8661358872332541;0.13494178926126998
0.8193251728521057;0.7822072694550781;0;8;6;0.8797567569315567;0.2825789635128645
0.06701756600479658;0.991951573478504;0;8;6;0.8682414729641322;0.07869184835214815
0.23981995522199961;0.9408111561493223;0;8;6;0.8743760924049965;0.18203301756603218
0.9322012189441752;0.7803636119560998;0;9;6;0.8831176257239409;0.5159993839342968
0.2785226515562209;0.3217276107320104;0;8;6;0.8738963681005683;0.8947563979864683
0.44747305437093243;0.5609962285947668;0;7;6;0.8743268783130448;0.6697280739923458
0.1520373795083395;0.34251079317955824;0;7;6;0.8749832360579927;0.8160683001495209
0.4161231624687344;0.5256305726050358;0;9;5;0.8736948590111031;0.22205805374271437
0.5892838787747572;0.7963125570918298;0;8;6;0.8703858795449664;0.7246129015777794
0.7247308477964212;0.4451854056173703;0;8;6;0.884753551915558;0.188382600219956
0.7669272183454753;0.21387039338982183;0;8;7;0.8680703523888246;0.32500126119382244
0.9392817136028145;0.010451955164218818;0;7;6;0.8812757592407012;0.8113886612542487
0.11441322889734673;0.5511572315952665;0;9;6;0.8759735116551621;0.12278052533498873
0.011125937283333442;0.0358461344211618;0;7;6;0.8770872951908855;0.49902924976542107
0.7053884182218134;0.31496627799290866;0;8;6;0.8739495609974909;0.16991100736769293
0.884640665235452;0.056629316868709645;0;7;6;0.8676549442553461;0.040016799639730705
0.060667983350872756;0.9018906499937611;0;8;6;0.8688604118328521;0.8518064052079174
0.30226884579594804;0.6406538847270189;0;8;6;0.8713352784772054;0.28090815172186534
0.768056107014128;0.7688367894483429;0;7;6;0.8769738623479526;0.6602026415061055
0.9554602505949354;0.0819597788366887;0;7;6;0.8697575731350595;0.9723111448633242
0.1403561343563261;0.14232585120507546;0;7;6;0.8752203427468694;0.42188063026260236
0.33098520683535126;0.3518505761464934;0;7;6;0.869808412951674;0.03990938068251981
0.028651765315297895;0.1882836636298808;0;8;6;0.871130982049787;0.35649695774882595
0.20754568524011652;0.608124300689706;0;7;6;0.8701384795086243;0.9748840352575633
0.3442468139738113;0.8833755779229037;0;7;6;0.8754983396980808;0.05385909654214571
0.5915808800376824;0.7712974652291925;0;8;6;0.8654571686530523;0.42267257858304896
0.2970410228971392;0.8573680567056653;0;7;6;0.8687727664205125;0.9294377548105864
0.45336044053443325;0.0023965597951477458;0;7;6;0.8804236773976254;0.5687868627071588
0.7211190463529096;0.23419609567011845;0;7;6;0.8810211610818462;0.6309634584088847
0.8939214355701125;0.18305566343977553;0;7;6;0.8755194759900697;0.9640807557414325
0.5821819675731817;0.8216503568017997;0;7;6;0.8765990381218122;0.8608830608007852
0.84743229867108;0.8006929756568113;0;8;6;0.8758475662536662;0.1969993598996468
0.006797496563343164;0.18121200594079723;0;8;7;0.8819271398862037;0.8127885809156012
0.18031653995818597;0.7737164071447282;0;8;6;0.8698083216723215;0.9576840285540005
0.08401659677383799;0.033942406152473126;0;8;6;0.8778058179782563;0.22589767214703949
0.7661855980692917;0.2015560451254903;0;8;6;0.8741094069363591;0.6039380469227325
0.39898813748368567;0.5399407340374914;0;8;6;0.8816245382412392;0.3846429563497281
0.19564207741296813;0.029815932990500338;0;7;6;0.8706970825048995;0.7617874985022102
0.3651299708609095;0.2518181908301236;0;7;6;0.8725276290297115;0.855364314150397
0.5407989618875104;0.7752570923368768;0;8;6;0.8800233297788272;0.23000059648346227
0.719692881812329;0.195097729396702;0;8;6;0.8779342949135382;0.1196363746675786
0.6016246871914624;0.6546120171465011;0;7;6;0.8798030395936857;0.4481382678325011
0.30959310477149726;0.9934395107417718;0;8;6;0.8628434924057526;0.5396547027199736
0.5515522943053924;0.05402516219216669;0;7;6;0.8699389474358628;0.8757710018188353
0.7308045413190309;0.7956882159691289;0;6;6;0.878973788464517;0.7249160424837221
0.9031590365763703;0.592269792644687;0;7;6;0.8795791860569554;0.9420683441408285
0.616233585369766;0.26706670955799916;0;7;6;0.8765968013516034;0.6392870086609115
0.7922609034851869;0.11232801288072825;0;8;6;0.8685801797401287;0.6337868461863964
0.040311608825536416;0.6438947187201299;0;8;7;0.874648086274145;0.23587014546195717
0.17629608338159142;0.27550117742021474;0;7;6;0.8735290816943644;0.5790633598615279
0.674410745190658;0.8697411367082456;0;7;6;0.8766984871620022;0.39667576572187657
0.8433611331042085;0.10900975457100215;0;7;7;0.8619526232554187;0.47277275503356475
0.015267704599361664;0.7533132954489777;0;7;6;0.8782308256827509;0.745823799424511
0.28051803569725997;0.7323559143039894;0;7;6;0.864118208548565;0.09519812630390256
0.968778552799168;0.3709506225671747;0;8;6;0.8693953771041372;0.7133164733971862
0.14158095691753225;0.3198101903368318;0;8;6;0.8624857066253214;0.6054605412030417
0.3213706945644006;0.044206869189499565;0;7;6;0.8686946296223289;0.5788192145986039
0.5859043714846591;0.3796046546102372;0;8;6;0.873505193394351;0.9975295053390975
0.294231131054675;0.04025457982380609;0;7;6;0.8788907918302419;0.2732679879950317
0.4505505486919691;0.18528306801212735;0;7;6;0.8741250671059606;0.15170611915933252
0.3485174167899866;0.29635044424916335;0;8;6;0.8783890280513552;0.25307650428586836
0.5208718822450035;0.09293199112239914;0;6;6;0.8738705766387018;0.5683203547690998
0.46596210346218725;0.6477425551901984;0;7;6;0.8740368985464507;0.13868827633778236
0.6411831856277633;0.018903435800530444;0;8;6;0.8637924849352019;0.6404404675809328
0.8064607655843934;0.20949231211495478;0;6;6;0.8796043960378945;0.7004671007497392
0.07834010312197603;0.6422496104346789;0;7;6;0.8790076304849171;0.267388111691083
0.7703630397553317;0.15997966442548062;0;7;6;0.872055369754998;0.6121937979903433
0.9435237560613546;0.43066164891227465;0;7;6;0.8681869685448199;0.04103034874328404
0.19085782212522562;0.3185835213174023;0;8;6;0.8718787359016638;0.817614496648851
0.36688515514180764;0.1638448395412926;0;7;6;0.8665425192463586;0.9461165693807075
0.00999666766866647;0.2528152500614699;0;8;6;0.8766589567792936;0.33114427768490473
0.1860240006852485;0.09807656828536016;0;8;7;0.8711204292152696;0.6467464701581173
0.3588263899024514;0.04693616585733951;0;8;6;0.8776077681863755;0.4827230350123568
0.6065187830551424;0.25668045497960423;0;8;6;0.8725440187623805;0.902597888791515
0.3123372530034191;0.6645734631732141;0;7;6;0.8677333073765429;0.9962642862119069
0.46829835845305445;0.48777954954555947;0;7;6;0.8732788004974871;0.5298142782182802
0.7356986371827109;0.397756653802232;0;7;6;0.8777312035136362;0.8558078817614635
0.9088593534887337;0.6684386531901874;0;8;6;0.872917437160773;0.26475380403509874
0.5982844336293064;0.1029562008829068;0;8;6;0.8827069788832647;0.36263052984796307
0.4987595764479019;0.4667804643375796;0;7;6;0.8783197615051032;0.2726908626878458
0.6547206669963761;0.28998655070992496;0;9;6;0.8776479122348301;0.39417029356603916
0.8697158772070254;0.3834354783062096;0;7;6;0.8816324880279913;0.9218975150825729
0.5823892807268903;0.24726224943740116;0;7;6;0.8787823580048147;0.33084342245504694
0.6579959537411793;0.15179178932312176;0;8;6;0.8713541893801089;0.4357074817964155
0.9219921251270468;0.504455964569315;0;7;6;0.8673677315384783;0.8395472877578509
0.07795323057668213;0.32766202113933796;0;8;6;0.8763782615675808;0.5790447607844937
0.783055046347319;0.09191022570099616;0;7;6;0.8790630020182931;0.9289565931982762
0.9792381738018914;0.7896823799557154;0;7;6;0.8731048201446424;0.31058019415868454
0.7199002098671988;0.6207096071311423;0;8;5;0.8770487333252653;0.6336966384648047
0.43297475866059465;0.29550652404445443;0;8;6;0.8770696872489296;0.42613668554484574
0.5892941911990499;0.4405350122327757;0;7;5;0.872754456502055;0.7832150150315424
0.7775941525019071;0.05821404341396419;0;7;6;0.8752170815630155;0.8264899313038251
0.6583613948423759;0.7218054917342291;0;8;6;0.8697738752548747;0.6126592841318405
0.7122929328467977;0.2801745822894346;0;7;6;0.8654357325548808;0.6979050396684485
0.8849161585195907;0.5681229417005231;0;8;7;0.8778496446445859;0.127275501696689
0.01722779531640306;0.15104964395111464;0;7;6;0.873287687685201;0.6495418144666496
0.18859687617832643;0.812619574654546;0;6;6;0.8773703311164763;0.369693308363077
0.9021193487339083;0.6396944975631182;0;8;6;0.8735434240836748;0.7063042799104575
0.07474257440670129;0.927642871875368;0;7;6;0.8825439555229415;0.7622101664589964
0.3450094698469168;0.41219930986913667;0;8;6;0.8780636798360992;0.5668332749542688
0.4981039734871543;0.6608260774055471;0;7;6;0.8726657631657903;0.9592962405491563
0.20392242853426978;0.06871910050031804;0;8;5;0.8743683383630838;0.03970459528785708
0.08522716150796839;0.7150441589951274;0;8;6;0.8752438765806362;0.4598481943836302
0.264479408521607;0.4567072127720897;0;7;6;0.8841866242981355;0.31804093443657444
0.4405067266370277;0.3019685160948187;0;7;6;0.862172469935491;0.3332769050203128
0.682107589082103;0.040731765729237646;0;8;6;0.8745097864701475;0.742043663749538
0.39446549859902025;0.07188384920827573;0;8;6;0.878490984491672;0.29990550513932823
0.639291275041152;0.7070488194946055;0;6;5;0.8755055770979042;0.6969371113143469
0.8178268678771509;0.8050670547384549;0;7;6;0.8794819928497939;0.05455291653311212
0.975042133038817;0.2546515847196187;0;8;6;0.8675677239420145;0.46761958542701487
0.5163464407955973;0.45690842514737895;0;8;6;0.871473989486432;0.9428521268500142
0.6895071571016202;0.7275904245353342;0;8;6;0.8741193988133935;0.08972984364041903
0.8463640802733053;0.8553525377993609;0;8;6;0.8797229460298833;0.494465452422743
0.042099283965691625;0.40084668605882023;0;8;6;0.8723672471597407;0.3035676197259416
0.9232248533949803;0.38626053619506096;0;7;6;0.8721980450933526;0.5887121437599144
0.632089103598226;0.029644086484335475;0;9;6;0.872866994553041;0.7522519956746382
0.7884085212355201;0.17467257467265673;0;8;6;0.8721631328956374;0.07779769035679662
0.05948163772441917;0.13332945027998377;0;8;6;0.8670333058475456;0.6358033720646766
0.21257614136465663;0.3819562178163942;0;8;6;0.8685383510437039;0.9613490965491575
0.9246652906637978;0.9217414887575794;0;7;6;0.8791109527654254;0.390450813260783
0.17835963275189937;0.7720112280895669;0;8;6;0.8786979599871377;0.9257496225265449
0.35098287332585365;0.059959602401816636;0;9;6;0.876550975184557;0.33594967470988846
0.5295184661618524;0.1579778227445049;0;8;7;0.8758594389133261;0.67206597380875
0.30789781396828775;0.23490985853049295;0;8;6;0.8821047859644416;0.021440315589302705
0.4864334068042866;0.3329280639720199;0;7;7;0.8771013576741835;0.9027450634641625
0.6595941231103094;0.6036100782611363;0;7;6;0.8674644269904831;0.711979249778263
0.5407196925395981;0.5890239283973772;0;6;6;0.8718508109766303;0.026237700767239747
0.7172845012882487;0.41701887169697294;0;7;6;0.8805533778787483;0.8426855435889237
0.40590336038013786;0.37743598177613413;0;8;6;0.8834635237901657;0.24025465529833334
0.905408878404626;0.997882322465417;0;7;6;0.8760931132796258;0.37288892991279254
0.8125130276629059;0.8154212802859635;0;7;6;0.8768491046629443;0.9470192561117615
0.9630992565825653;0.8112911308024148;0;8;6;0.8758155180862333;0.34512584355323983
0.08681465240795294;0.2945755193921865;0;8;6;0.8785803545786209;0.6141457379972849
0.3441818322552972;0.19352501517366716;0;6;6;0.8781852996322872;0.07952789363798973
0.055733490921208495;0.750576661039147;0;7;7;0.8800160426129082;0.337124565074007
0.2093654851946758;0.9819370536512629;0;8;6;0.87368346933059;0.7666742055478186
0.4803490050102087;0.11013832507930565;0;7;6;0.8739892730679854;0.07967851172592577
0.6535097362173928;0.3808203095660998;0;8;6;0.8719862524701669;0.015000785118321036
0.36111982670860765;0.3978254013453947;0;7;6;0.8748981738242789;0.02468270072651224
0.5371471597251897;0.24308671956928496;0;7;6;0.8817111396569326;0.22047182672225285
0.7106662031200324;0.8355911356743773;0;7;6;0.8779427892526954;0.06773565017083527
0.5914334454605013;0.499182569093481;0;8;6;0.8803880645081553;0.14657435119455753
0.7712231831073696;0.2235792479461488;0;8;6;0.8834120822626778;0.600221369182217
0.2899530034777865;0.1510239395024051;0;8;6;0.8809289952110144;0.1522251168558474
0.46275540759615075;0.09988353707438447;0;7;6;0.8769200064392143;0.31243897303549095
0.6416493275209694;0.5197241741342097;0;7;6;0.8807371402718277;0.8481389275747836
0.8839668292425232;0.9021322423017415;0;7;6;0.8691844792410062;0.20575474769471014
0.5265408660373134;0.00836904264737448;0;7;6;0.8790434157359054;0.5906928742267024
0.7917912120363729;0.9874116615023861;0;7;6;0.8771771446925972;0.7311207332206717
0.9477523025848471;0.8106177329735703;0;8;6;0.86850702875317;0.32621310470863696
0.12342130851260924;0.3340566344803235;0;7;6;0.8836463249330649;0.7602418039903748
0.9206127241739603;0.8066654436078768;0;8;6;0.8709392143336862;0.3123351334362102
0.017539724862581818;0.35962867385512176;0;7;6;0.880221361528745;0.7541574021962969
0.28494001849339945;0.2696057930129555;0;8;6;0.8772792038193954;0.5449493030066366
0.44215526875390443;0.7191903229941193;0;9;5;0.8724606969926778;0.1525830629986532
0.15299027324217596;0.6325971503264862;0;7;6;0.875910115779889;0.5188882703189784
0.03089091377324682;0.721609264909655;0;7;6;0.8698397715232716;0.953275296689536
0.20440995716808963;0.31411368101474735;0;8;6;0.8798196156349498;0.5007104037830353
0.45255025918180536;0.6761359910334334;0;7;6;0.8709009701713792;0.7073388646109328
0.6285775772972262;0.5213973092573236;0;7;6;0.8747067143779068;0.9922146433282906
0.34012925086429857;0.07844897002396456;0;7;6;0.8779512794946015;0.5513848880748352
0.5820884403981937;0.1390346214743593;0;8;6;0.8752073576078279;0.9252149344580557
0.7606240481353537;0.23705285671820875;0;8;6;0.8710594490990999;0.38343059302584637
0.9337847644413766;0.5077348412050028;0;6;6;0.8755624438588636;0.5528240614641298
0.6455155866516978;0.7256977103302122;0;7;7;0.8746033654359504;0.9495869223225335
0.8186763178588818;0.9963796948170064;0;7;6;0.8839415837054571;0.5095634030189229
0.06672702319923152;0.5279464006564081;0;8;6;0.8825000826699645;0.9040546394612818
0.22734635100120304;0.5348438894503735;0;7;6;0.8789261213161864;0.5179626432609318
0.12782149381979846;0.8986681529050464;0;9;6;0.8737710583003966;0.592232718605684
0.8332816217780941;0.9847387592826804;0;6;5;0.8744719116592914;0.6921195883741579
0.9904072902663941;0.6038676850845599;0;7;6;0.8746560471595581;0.16547449193878283
0.2578075689960505;0.5138447893412325;0;7;6;0.8736060006894981;0.9700080186618504
0.4137686893468471;0.33705087571357784;0;8;6;0.8789197415617944;0.3276238387817768
0.1258578386459882;0.8768361615559244;0;7;6;0.8837165840474226;0.42997962340256746
0.3706836299892813;0.5120011318422542;0;7;6;0.8782823981170469;0.7593773193883785
0.5442026584829628;0.10450554794734634;0;8;6;0.8842084659271618;0.596249716865829
0.7230965933089427;0.5243461850071716;0;8;5;0.8856804328523039;0.9166892803346264
0.4134964857137826;0.7931037280698319;0;7;6;0.8801468352834267;0.0942819258162284
0.5895238187303645;0.6383650462937221;0;9;6;0.877712349897287;0.4998237556472359
0.4641995154620564;0.8309754551261413;0;8;6;0.8707505118875053;0.946218244345384
0.6442579984255398;0.04673893161550069;0;7;6;0.8760186528976286;0.023939175720258055
0.7973525020657772;0.29536568425074994;0;9;6;0.8726123225335228;0.3010213700581057
0.5999188240594266;0.5953107292341974;0;9;6;0.882443912638189;0.43512819185462526
0.7730795403654495;0.8659927286221526;0;8;6;0.8803028370380743;0.45547030855288584
0.9407757834681303;0.4788829028760907;0;7;6;0.8834185236405326;0.6051250155781613
0.11429484176413418;0.07138730408002181;0;8;6;0.8811982348338689;0.4297247698681753
0.8976907390117256;0.6538331441036057;0;8;5;0.8674081683401303;0.5697475232846696
0.07120978240656839;0.24633756020869801;0;7;6;0.86826109110579;0.9369485632282057
0.31890217555925926;0.45608186423212393;0;8;6;0.8762547588316738;0.789945590295584
0.4917045647764622;0.404941432001781;0;7;6;0.8652968865026878;0.6356508492466699
0.22672654345194787;0.5413612685316074;0;7;6;0.870691688614856;0.9968499253536341
0.37659611819396754;0.8935863005149457;0;8;6;0.8751961895619518;0.8214496796436482
0.5526234363093883;0.7388476038376748;0;7;6;0.8757658333506224;0.2912213272212355
0.43428649637190675;0.7069950939507823;0;8;6;0.874228794290354;0.35241250852754535
0.6131804162967255;0.12683573101060752;0;7;6;0.8733600732490564;0.9023453031116352
0.31899888624500217;0.5347287392042174;0;8;6;0.8707909286445302;0.29937690928665384
0.5638246775882951;0.16989372439170836;0;7;6;0.8779148792391983;0.684942123125242
0.742360270424294;0.2679119298332353;0;9;6;0.8669805819080497;0.163578756990869
0.9155209867303168;0.5385939441223518;0;8;6;0.8739042348634443;0.6102384265488631
0.699543956383343;0.9342290134009256;0;8;6;0.871239678051636;0.9070717204955626
0.8723463456005459;0.8830885811705826;0;8;6;0.8820634641819758;0.3094782032005572
0.1200387387532369;0.09283288519400845;0;8;6;0.8776831484818471;0.6467590504369222
0.29696187459070733;0.2426502303095801;0;7;6;0.8708602201760229;0.05149465921924612
0.981818314151149;0.3239319797599637;0;9;6;0.8795617694743315;0.7892005266041119
0.8835475868794528;0.3141347017246161;0;8;6;0.8702613207596404;0.004160032642426925
0.03950869232908827;0.1373407731958003;0;8;5;0.8798415873144267;0.28070476614936724
0.2123110815462912;0.08620037076777975;0;9;5;0.8665499770839082;0.8440853243872231
0.4800696873647675;0.3179998768404282;0;8;6;0.8766502604582215;0.22911303269142025
0.16868854645665665;0.27841698691958927;0;7;6;0.8781457544055474;0.3079985122037977
0.3719485892119382;0.5821818266342812;0;7;6;0.871823443589676;0.7977468055761266
0.5196682163221997;0.003472373215958724;0;8;6;0.8802667787981547;0.14685240204006444
0.561714349729332;0.33207581350921656;0;7;6;0.8771978948863548;3.869197406725089E-4
0.7453560886798529;0.766063442268785;0;8;6;0.8781807610996433;0.06305028218418973
0.9143064914945646;0.005332060131541416;0;7;6;0.8726545347961152;0.01199247490270372
0.6302476420973582;0.25470829588078847;0;8;6;0.8629125432132027;0.3794622452616936
0.8105748703774565;0.9618385998091618;0;7;6;0.877905989555079;0.8829129108188083
0.1510735026973402;0.5235883418327569;0;8;6;0.8773153520163303;0.2168792622859118
0.7936475692944529;0.6298251421783899;0;9;6;0.8758456101764686;0.3435115879649602
0.05764375558148149;0.9824893174245831;0;7;6;0.8747855568748985;0.7528158373274153
0.22659414349503193;0.22175792038617836;0;7;6;0.8777511778285286;0.5405080802829152
0.4031589522436825;0.04975286368577414;0;8;6;0.8744339545508142;0.131092832605319
0.13585181974299998;0.5943269915542099;0;7;6;0.8877929171274513;0.9067811776899974
0.30435431369668675;0.6813176034217062;0;8;6;0.8771542728962433;0.30578358285352547
0.48844394660707136;0.26758323817653473;0;8;5;0.878454494582893;0.7122212304065827
0.6706523772023129;0.41428122986987737;0;8;6;0.8663316695450568;0.0559091172546724
0.3724396972036881;0.45167206489685685;0;6;6;0.8767523870719034;0.40152105440493857
0.6172654885469812;0.08683705008434783;0;8;6;0.8801134299428223;0.8075107930969709
0.8413083981456878;0.05630195508485869;0;8;6;0.8702482312111186;0.32565277988873387
0.7685683567431192;0.7263517340350731;0;8;6;0.874201583051857;0.6629336569274212
0.9814136044208491;0.8888661762296968;0;8;6;0.8792781698727256;0.7637550961583922
0.9115401648276784;0.13349527401584627;0;6;6;0.872410616845922;0.6409390825118233
0.6337520096824978;0.5147637725126688;0;7;7;0.8747558142290375;0.009215073919496719
0.9378806362022584;0.9115384114619518;0;7;6;0.8820238955404304;0.32221939499876506
0.8491951138530107;0.7604907359065359;0;7;6;0.8747788411286017;0.4628264026359832
0.06490697824129976;0.4975844969370946;0;8;6;0.8693156558153967;0.02898399581219324
0.9796255483346799;0.9038497652933193;0;7;6;0.8723109456738893;0.3663544397219244
0.18951461243080692;0.6613292695715626;0;7;6;0.8664440416197947;0.03840074546169969
0.003457744988681788;0.42913598571946565;0;8;6;0.8717337304262326;0.3640360368172243
0.921042931792621;0.4099805580104642;0;7;6;0.8802430863330469;0.6115995944697683
0.13344027060932606;0.4202169793086665;0;8;6;0.873998602487397;0.008720782416991923
0.045292238893308245;0.25190292882895626;0;8;6;0.8721675894273868;0.4185625224126769
0.3498687742740937;0.8009555886746604;0;8;6;0.875967803170302;0.23106879705966443
0.5425582126126721;0.11095919483845507;0;8;6;0.8758969786446016;0.18911261146959013
0.48020961208239665;0.11385898407983719;0;7;6;0.8694540671360034;0.3337900376828128
0.0328907602057249;0.7839775105732143;0;9;6;0.870447354096116;0.36326943554133573
0.8790796023878475;0.891705924503691;0;7;7;0.8772004528035178;0.7201686014836225
0.16358992510284764;0.4187033524978504;0;8;6;0.8771009107471921;0.548262015087308
0.07830849519622773;0.8249686059529139;0;8;6;0.8728833465958881;0.6608186068724855
0.29957439965890265;0.05030979629677401;0;8;6;0.8707056511569004;0.15638968563581523
0.5090155548940049;0.6555112945797572;0;8;7;0.8722850122831233;0.6799961605320815
0.4300048192394106;0.19366882568355737;0;8;6;0.8707521810001815;0.7973548447900073
0.24385837002508048;0.13101992275101504;0;8;6;0.8751405196338735;0.9066979629393022
0.15983108492933018;0.16366363471605805;0;7;6;0.8669510345569331;0.7151730727382272
0.375095010654272;0.7484793897513566;0;6;6;0.8751811323267226;0.0898093550712924
0.6567387315598742;0.700897498909581;0;7;6;0.8772448468822596;0.4886325817892493
0.5726218646919189;0.9030855917941786;0;7;6;0.8739398351250054;0.059179666902341777
0.7883337141790467;0.6401793528247373;0;8;6;0.8667351461122186;0.6474281791350397
0.7038585202222716;0.5205450438933591;0;8;6;0.8740210490358322;0.008627255242003917
0.5178016527801464;0.288351745140101;0;8;6;0.8731966497297524;0.08038902606385567
0.7138951984625138;0.15566831011669724;0;8;6;0.8747440405501126;0.9774600764398235
0.6595193160538361;0.06911685641321696;0;8;6;0.8744261909269735;0.11296095286368057
0.8694979768233293;0.6570519797719057;0;6;6;0.8784878248992438;0.5021990044615114
0.7842165469167094;0.06331723322696914;0;8;6;0.8804698468113034;0.03879474692053142
0.06989141776921293;0.38623750065066265;0;7;6;0.8697848100905062;0.42462869117457336
0.8150360920003767;0.364140549834965;0;9;6;0.8744865307268576;0.7255395326108153
0.7362941016623974;0.39366487857545673;0;7;6;0.8739013302707695;0.6935648688804283
0.926120517549508;0.7531848236514628;0;6;6;0.8744978363097068;0.16315735291360578
0.226576306310026;0.10127969125009129;0;7;6;0.8723410957860009;0.7356752221140465
0.141294876403406;0.507544959606316;0;7;6;0.8753431315072868;0.7054506246214097
0.356917144118329;0.4141831164575903;0;7;6;0.8714652958709173;0.258708532007071
0.6385608650239312;0.36660122561581476;0;7;6;0.8701940154761648;0.3261704075654065
0.48107686944681116;0.425649868195637;0;7;6;0.871897961181556;0.3082541276302181
0.295826252855692;0.6675570219570984;0;7;6;0.8766223561710259;0.33889808852740566
0.2293568908039879;0.46949906365488836;0;7;5;0.8690029162877821;0.5163230406280942
0.4192693240065345;0.035378955162032155;0;8;6;0.8760042072533103;0.04279610243259713
0.7280561877797925;0.615844981631774;0;8;6;0.8736105107035459;0.5454441113977972
0.5705722071038337;0.6748936391127575;0;7;5;0.8702548529050769;0.09287920359013524
0.8751487424846193;0.22394629895846174;0;8;6;0.881040778337941;0.2143586195671675
0.6002271891488365;0.17979411629121933;0;7;6;0.8724819197952142;0.5886797739421379
0.5077792472681412;0.14961108010702595;0;8;7;0.8776099240364299;0.07556145060390762
0.7959624077423839;0.7252882496495173;0;7;6;0.8757266946040155;0.18691818592642284
0.7181162202252931;0.05936862018285172;0;7;6;0.8748058067507049;0.7865792128956804
0.9759313089336623;0.11059612195959245;0;7;6;0.8734358400354292;0.18755240214655666
0.886349968862365;0.6549924046113341;0;7;6;0.8703525230387892;0.6060256765376641
0.15742308535126404;0.6136492653174999;0;7;6;0.8801945861393871;0.7145158100507814
0.07070836199052566;0.7326248668051765;0;8;6;0.8745453039354647;0.36362572195744325
0.8608228474500064;0.5992409904727573;0;7;6;0.883214717179468;0.48044691558213926
0.7749143600391128;0.1923170146728309;0;7;6;0.8712229335244838;0.08306411123183854
0.758252224914794;0.7275747267329266;0;7;6;0.8821645298055794;0.970962191176371
0.24844128333344873;0.9806383072824528;0;7;6;0.8759437031286842;0.4882119545051755
0.13924163945739076;0.6552573640779096;0;7;6;0.8792119886777333;0.9933646588330235
0.4250060920820993;0.8086332356808874;0;7;6;0.8790583199369232;0.14789959974207834
0.3313040202916956;0.1520717409867144;0;8;6;0.8721477423200473;0.07972821382080209
0.880569620710061;0.9364614333263148;0;6;6;0.8713686509882269;0.9793614165172186
0.7938548824481615;0.05543701991283023;0;7;6;0.8757037350980834;0.5634352896286171
0.05166995625536941;0.10666453659073227;0;8;6;0.8766785407027956;0.7139390805907707
0.9787507513083908;0.11580310718237818;0;8;6;0.8708083553994312;0.28726317083989494
0.23656584001676007;0.16703060895911903;0;8;6;0.8739735390969596;0.7748615165804656
0.1553155749582027;0.9437980355808128;0;7;7;0.8822188838111651;0.6509348472974252
0.4481569428836204;0.7031666075449243;0;7;6;0.8775691324938459;0.2388607217124763
0.33895729900756244;0.3777856792415424;0;7;6;0.8695197863044642;0.32056602454559646
0.15146713811131896;0.8583027136197362;0;9;6;0.8737622951061609;0.9763945395653089
0.06188579804002159;0.40269899627147776;0;8;5;0.8812592831811016;0.44813697123024443
0.33304849630112565;0.19181146115692782;0;7;6;0.8661213752343021;0.10091973579731017
0.2552023087840348;0.5258918316902621;0;8;6;0.8811077736258849;0.9389991037497997
0.5284253878058532;0.41548317779808897;0;8;6;0.8695464432277679;0.5052462935993758
0.43884406263571696;0.9598794604498305;0;6;6;0.8712405945450241;0.9952633322883196
0.6973757757194036;0.6547518105620066;0;8;6;0.8808670005291931;0.16493750329304768
0.6114672734073489;0.24782783476208026;0;7;6;0.8713036028842325;0.8199597972640765
0.3981776962265242;0.5571310145180205;0;7;6;0.8777055155137863;0.6545569611652297
0.31200046349901567;0.6588402410814026;0;9;6;0.8846245950438052;0.3531157729104569
0.5705321765827023;0.3537125762924175;0;7;6;0.8726688053007612;0.42729625158184303
0.4796967066016965;0.2717304153353407;0;8;6;0.8751654555387334;0.0687917575545659
0.7541739304343845;0.787700219953147;0;8;6;0.8811845155605355;0.20997907400972482
0.6871670926506117;0.6069086216740702;0;8;6;0.8794171567854555;0.6977102006532256
0.9775001858554514;0.113520306420545;0;7;6;0.8778316818655904;0.037674921697809616
0.8907854475935519;0.23249589300706042;0;7;6;0.8680957347819485;0.20098883157946823
0.677495855511566;0.5417990727630007;0;7;6;0.8730946635312363;0.9353801882939112
0.5913186227840576;0.6435082993263828;0;7;5;0.8788399969020277;0.09385669737766256
0.8494024568090417;0.18610262854213744;0;8;6;0.8767206847571052;0.7379500449420072
0.7569545149283464;0.15591957745678287;0;7;6;0.8718491971600522;0.5841928094274843
0.04128565919777538;0.02200578219121263;0;7;6;0.8701494555055652;0.2891118971969423
0.9321755970939224;0.5270804580671149;0;7;6;0.8735493504979225;0.3979603428977182
0.21355057268290967;0.9881317546874865;0;8;6;0.8777246285129497;0.9934110414745033
0.12110264570337559;0.9579487036021319;0;6;7;0.8846412266412481;0.40396943564782806
0.002948418865911795;0.21110304492079313;0;7;6;0.8670101991570998;0.31864084630653877
0.8974216127490965;0.9344018581657433;0;7;6;0.8703094259185449;0.9410555242065697
0.17189882168062331;0.4503716627835497;0;8;6;0.8831948889608732;0.10893808956952067
0.0859903193685686;0.04344770188478453;0;7;6;0.8799085857966195;0.7609146032855805
0.34380539317577663;0.09467520366152526;0;7;6;0.8699347681286644;0.8708380451539772
0.2583447997247468;0.8400292636591815;0;8;6;0.8770444791461827;0.25689433718199306
0.5160702917597497;0.06080117615779923;0;8;6;0.8750082740776375;0.42191030073554614
0.42648896658961355;0.6051974439083796;0;7;6;0.8638473118091053;0.978393122118264
0.24025295050423967;0.712092936796553;0;7;6;0.873505730098678;0.16141491757688808
0.2228741612022811;0.6037058303235359;0;8;6;0.8743687153914697;0.12468655488562264
0.13696567379138758;0.19678185452360952;0;8;6;0.8797706593212827;0.9639419709414343
0.7137798737985755;0.5004142294061749;0;7;6;0.8826954946139713;0.5954939449028889
0.9045021074077358;0.16449020137386228;0;7;7;0.8714437698306349;0.5158632806575588
0.08473975391562916;0.04116488622179015;0;7;6;0.8766108597851962;0.45100639050554414
0.949203188220599;0.5618364633192878;0;8;6;0.862755261624863;0.6034809506538847
0.752575731262932;0.3358819310151323;0;8;6;0.8760021395545255;0.2521429536995218
0.6663984836342624;0.43759114267735333;0;7;6;0.880353381624994;0.17856101687825776
0.9432048186431184;0.545406641055389;0;8;6;0.8679737861149222;0.810471303027371
0.853623478571821;0.08980292370713072;0;7;6;0.8779958117750067;0.9754872516797629
0.05115031770830669;0.24440914065111385;0;8;6;0.875381202341249;0.563413126094814
0.33261486016833774;0.5359160414507698;0;8;6;0.8706224583360442;0.6694845666595581
0.24016691828764247;0.5057329903654152;0;9;6;0.8787395645765161;0.14309404895288036
0.7914147729568524;0.8885618499902442;0;8;6;0.8771093058385061;0.3922268793743887
0.6825734561696143;0.8850033235028381;0;8;6;0.87221766852806;0.952651268931803
0.9943164886233139;0.8705042878889603;0;7;6;0.8728900731378523;0.4398017058113489
0.8255452791553347;0.2921468634836112;0;7;6;0.8742987277789158;0.6349169809129994
0.11345966451064016;0.376457235389411;0;8;6;0.871171823408893;0.934437728025848
0.02101173753110608;0.34627418430405654;0;7;6;0.8759758819799187;0.5908072981355592
0.297818057638801;0.45408969758325346;0;8;6;0.8821210438046816;0.7224094096682697
0.18530390309232025;0.4018514295475153;0;8;6;0.8795382207109038;0.104570516163069
0.0038156911314874975;0.5228939141354318;0;8;6;0.8783450256269729;0.9828294837829598
0.9142343659613513;0.0672901967871734;0;8;5;0.8740590131800388;0.13338002343144617
0.1949822542437426;0.7151522641525553;0;7;6;0.8700233048934652;0.4778273975430477
0.08533471640782109;0.23749331495275194;0;8;6;0.883102631735175;0.8193185731718853
0.3626785271487457;0.3280424384064933;0;7;6;0.8755176520380579;0.3554664216710416
0.2668264928254227;0.7405464434094983;0;6;6;0.8650954847868209;0.24739565156247534
0.5470368904745841;0.40567490060033573;0;7;6;0.872300672807842;0.13918139227951087
0.4608596577470757;0.5073841122625566;0;7;6;0.8723288689660924;0.1943706395515713
0.34297419112738803;0.2519052512179095;0;7;6;0.8757192756721326;0.7013185586814488
0.25464699586696027;0.4226799774784694;0;8;6;0.8760547383453987;0.835285074814325
0.5124620696741682;0.47390750905753265;0;8;6;0.8815705411297143;0.8421003886131184
0.40738317241837785;0.3494843282977429;0;7;6;0.8755488957361568;0.316709436988613
0.6724543399718662;0.6676157536953472;0;7;6;0.8656777634296323;0.8612779273715532
0.5862770923431965;0.7693249653575681;0;8;6;0.8730818282890529;0.0010319354714325435
0.5700628660799025;0.45686069831408505;0;7;6;0.8738289913281531;0.5335573040579316
0.8515274085399336;0.7483675842125797;0;7;6;0.8774538320844695;0.14450557472037096
0.7424173613372419;0.2534422600884819;0;8;6;0.8750952021447922;0.5839987323042896
0.555733421489682;0.2080597469813953;0;7;6;0.8767511704060783;0.5903661372420581
0.4536107078154944;0.4886715041379859;0;7;6;0.8729335007475363;0.5528315535021092
0.7120528540281372;0.35308823516971655;0;8;6;0.8706021033884603;0.34729630697285274
0.6258756213006288;0.45479744683193746;0;8;6;0.8792465571467573;0.8014807857914197
0.9720178903682646;0.3352502521504407;0;7;6;0.8833617877283263;0.4161018942131016
0.8795699484875692;0.3050672010650861;0;7;6;0.8691486117155797;0.5363271951815866
0.16103450584876144;0.5965741018647419;0;8;6;0.8789117719071511;0.10051400427044843
0.058463883313549125;0.7249078381249113;0;8;6;0.8747484903715872;0.31045697576876863
0.8492950229506696;0.23516879522676604;0;7;6;0.8791201493506497;0.9829476110116386
0.7756591638260513;0.6006625174829768;0;7;6;0.8781868042661342;0.01914559708205099
0.03293676190119055;0.6691564239863345;0;8;6;0.8730209064733413;0.6033986337378594
0.9446095666407628;0.8399311502468945;0;8;6;0.8887365912801392;0.11778178035610487
0.20233507357692704;0.06070306274551218;0;8;6;0.8786324680850846;0.941169827073946
0.11687446522473599;0.8060571078420071;0;8;6;0.8804030194719286;0.8541863434954317
0.10316852858318115;0.746349742917322;0;7;6;0.8796786515642809;0.9832801952087252
0.36456685837742686;0.015801411865433046;0;7;6;0.8690640784539454;0.5632333067986951
0.2824207755968198;0.48801278179312313;0;7;6;0.8760662095581786;0.006130571726402634
0.07253529085862287;0.354628920361865;0;8;6;0.867875425804212;0.8223635766336649
0.964948089079932;0.9774488374832773;0;6;6;0.882662202781518;0.4748775809829545
0.24569600716464568;0.625310904848659;0;8;6;0.8775407337268502;0.9015606047462069
0.23521498452014755;0.46200526057588476;0;8;6;0.8781966675703368;0.9293379489328354
0.4942842031382252;0.13961123576376633;0;8;7;0.8715358689677574;0.15952631154251218
0.38956361807009343;0.33701048662227473;0;8;6;0.867677558987683;0.16634162534130548
0.6703115212536459;0.9848725539876566;0;7;6;0.868934770716437;0.9848284323807678
0.5680992258072535;0.435028706964963;0;6;6;0.8684902578900648;0.36698953887556707
0.5522433117316182;0.4443868417374557;0;8;6;0.8743576946731154;0.22558304325602796
0.34934517542308674;0.08654004668572479;0;7;6;0.8751094368434288;0.11593549051894514
0.26307834602221203;0.3577936690698227;0;7;6;0.8741018864978224;0.17721625359746007
0.5250141664496876;0.609978948192478;0;7;6;0.8742150515299902;0.8099327905975793
0.417426979572158;0.23279888021505146;0;6;6;0.8721319910379287;0.9570324742159438
0.7738711226410432;0.6156461065465992;0;7;6;0.8857145112587015;0.1632130261828164
0.6660151904468986;0.7470992111301588;0;7;6;0.8661051872641151;0.7460327544833453
0.9504359164885325;0.4436410349450338;0;7;6;0.8736952162008278;0.9761743386043668
0.8420424936611582;0.5923605293540489;0;8;6;0.8713841973239951;0.5962599053282297
0.6390547606792605;0.4040581301230338;0;7;6;0.878937507213429;0.9307601680706328
0.6224822222283078;0.7697714463624137;0;8;6;0.8798009603473032;0.0991802091656524
0.5320946462071657;0.840067291400597;0;8;6;0.8730941099649681;0.44340202219020297
0.8172320562287618;0.1802539486497462;0;8;6;0.8731115784346479;0.6796351519200013
0.7081219792237476;0.6853286096244873;0;8;6;0.8595618790452385;0.3006165214647528
0.9671016160696203;0.5324789806330845;0;7;6;0.8765533469013842;0.4576597370943858
0.8652476477120478;0.3044575354263668;0;8;6;0.8711601509999563;0.150664493864066
0.14599553599443904;0.9523196176929097;0;8;6;0.8756571864135331;0.9942198200845551
0.129781309731145;0.6398553357482656;0;7;6;0.8707909665314085;0.6218302109701521
0.6656211889880669;0.1843203510420086;0;8;6;0.8772624201157213;0.8709630413916605
0.5797126866760122;0.7773963901432435;0;8;6;0.871431445629725;0.5443494943565802
0.8445151089128855;0.6041609881018338;0;8;6;0.8766887284260678;0.6294588896323281
0.7365695949465361;0.9051585034072702;0;8;6;0.8766606300203653;0.2705064867440261
0.018034152307728313;0.19666540420692613;0;8;6;0.8755414978846022;0.02326073857283717
0.007194802574410297;0.711537358118176;0;8;6;0.8818207516713041;0.7409899601629614
0.9021159053186198;0.5871141773583861;0;8;6;0.8754052348829692;0.8942707562611466
0.15778103149406975;0.707407193733466;0;8;6;0.8836529731385707;0.5261810424102599
0.07160378386540012;0.8091164351980094;0;9;6;0.8706149914256543;0.6794618385084452
0.8661077761629244;0.36805711894703497;0;7;6;0.8774652969778941;0.04724355331477503
0.7799305285342547;0.4697663455104172;0;8;6;0.8789395185630309;0.20392844185558812
0.13637465670197868;0.8526135569408038;0;7;6;0.8783996857459687;0.8553674798395793
0.02878746982444913;0.4754334889633771;0;7;6;0.872054960363591;8.54706459415655E-4
0.28660254363165716;0.5266610056412792;0;7;6;0.8771295581252915;0.2766827708875549
0.18439024818526462;0.9768171586185855;0;8;6;0.8705967046538142;0.6321918276052871
0.4692588979890846;0.8256369884287207;0;8;6;0.8717042177786223;0.8651104317635016
0.45214886890490213;0.20861667959239516;0;7;6;0.8786372126863834;0.5199535621901206
0.3638216587433132;0.37939140585295505;0;8;5;0.8781801598736144;0.6775342535518221
0.46863539004041876;0.6365434169218773;0;7;6;0.8753317224276451;0.587594601292866
0.731377446417739;0.362829133658091;0;8;6;0.867761353528643;0.4665345338192235
0.7214339144064708;0.1822571293621834;0;8;6;0.8784361114528008;0.8023785231447013
0.6013053390248898;0.5412925209884447;0;7;6;0.8678813914470896;0.2811978999126683
0.4017217133867811;0.9103030805702312;0;7;6;0.8733945125914174;0.8488783832163629
0.37332441080709444;0.6558767047487342;0;7;6;0.8864153001892645;0.08735101254780198
0.6357081400955948;0.06033998986664957;0;7;6;0.8770747815167483;0.7234716419905489
0.5384228123181535;0.18555435780342888;0;8;6;0.877927005734409;0.6677944851386546
0.5317042241062642;0.9013840741594321;0;7;6;0.8728855600102159;0.2955840395686615
0.7781424724480854;0.4847499196728784;0;7;6;0.8753608669315517;0.4647207348413209
0.6768259798225815;0.23946211444302734;0;8;6;0.8706364135083623;0.09743727184144013
0.014995515867458287;0.20936616270639297;0;7;6;0.8708224136978431;0.19051941504110814
0.9108124363337177;0.3894990237394458;0;7;6;0.867068355741086;0.592610769788008
0.7120350019419701;0.23261000603362936;0;8;6;0.8783852558820627;0.6595351547131136
0.7056747408189007;0.27026213910676966;0;8;6;0.8666032006984673;0.1312776012792103
0.58482951125968;0.9856527420022404;0;8;6;0.8784617242219809;0.7673982307219572
0.8479299096269813;0.033760875455591144;0;8;6;0.877351411774399;0.9144083325681169
0.8417487822459995;0.7323242019861387;0;8;6;0.8674400124024286;9.942204287082257E-4
0.08478295304635419;0.7583771184891057;0;8;6;0.874151552428469;0.3793929222932211
0.989647572900671;0.8145259569263846;0;7;6;0.8772562620400717;0.999478489017084
0.9800623530770614;0.9557763544464529;0;6;6;0.8736177399932691;0.16458401944168088
0.22650060141888262;0.5391421999598992;0;7;6;0.8750661880791535;0.8014212881609064
0.1223175367863032;0.719275060992952;0;7;6;0.8691924425471999;0.7688675943932628
0.015719298958635997;0.10120228183463742;0;7;6;0.8697628132203404;0.3329648217099197
0.8943365936673466;0.8338592447532415;0;8;6;0.8804173727435609;0.5779769055111605
0.16397640180096618;0.5052264385908593;0;7;6;0.8823702471893524;0.21114133647114341
0.15116628288146117;0.7500751154590167;0;8;6;0.8697946582330895;0.3678262250119565
0.031037707499880218;0.10911050708527792;0;8;6;0.8705309422714226;0.9402545124401922
0.2962880385977785;0.08815314084145076;0;8;6;0.8708101072008817;0.8959541959548457
0.2895694503858892;0.803982857197454;0;7;6;0.8695593121812056;0.5333289553073011
0.5526698189508682;0.8520909906508046;0;7;6;0.8791000113889125;0.6941345904683817
0.4513533412265254;0.6068031854209536;0;6;6;0.8693111595352665;0.632061864168259
0.42134358164831054;0.40417593437234;0;8;6;0.8699263107936689;0.8067993631027983
0.6155630539290725;0.08011609727793723;0;8;6;0.8704222477028787;0.4212412930789091
0.771255414062093;0.41195537111242986;0;8;6;0.8695669319915229;0.06928336753381048
