0.9991446626607253;0.1914079081205653;16;23;6;0.8767766201594326;0.3174557512997297
0.5162081335315821;0.5811526083449174;16;24;6;0.8715177565450478;0.8765399787308382
0.5245391936431609;0.8135237523148695;16;24;6;0.8835937739740197;0.3703194369512297
0.4441847463066533;0.8948472058282447;16;24;6;0.8747633409344556;0.8682196417918887
0.4559198988608598;0.6845312937098373;16;23;6;0.8733470632136986;0.15054431270279633
0.46801336360272505;0.7960377983085671;16;23;5;0.8785324806868183;0.9425400302797426
0.47571736621003025;0.21521972792469068;16;23;6;0.8843208851930796;0.29576635846278676
0.3957212310611813;0.6183655981552029;16;23;6;0.8815349886725604;0.1627416468462648
0.4078147256053689;0.7298721027539326;16;24;7;0.8761034801480283;0.4420986789132345
0.41542913153930794;0.3185984132896107;16;23;6;0.8804079306191037;0.898253971621472
0.4275226111823345;0.4301049178883404;16;23;6;0.8737474787122114;0.4254472669615449
0.18153583615830693;0.6231127510194616;16;24;6;0.8823054145599425;0.02215565990480739
0.19237517099046375;0.10824079710821177;16;23;6;0.8752437845858553;0.5517248300085424
0.10951243403221689;0.936807348502789;16;24;6;0.8657757647982675;0.03753152540385252
0.12088927439876473;0.40466901966724467;16;23;6;0.8705173436055899;0.45668973990653217
0.3529049170202303;0.2846826668217318;16;23;6;0.8792822943707652;0.8070530307369472
0.3606089345286967;0.7038645815366942;16;23;6;0.8752358351426003;0.059547135416372465
0.37234408708290334;0.4935486694182869;16;24;6;0.8689020941288481;0.5400685509550728
0.29270627902287416;0.21851697126709724;16;24;6;0.87985664135595;0.11527743777843158
0.3015748148665217;0.43362172541159383;16;23;6;0.8778221071078424;0.5732243361284461
0.31295164033190837;0.9014834114772107;16;23;6;0.8685893309119782;0.12097853148398441
0.5733646004342217;0.03592343445319479;16;23;6;0.8745494422880539;0.6064268997904747
0.5825914633666891;0.5728506053148283;16;23;6;0.8813177127991147;0.16586948411272562
0.5943266159208956;0.36253469319642107;16;23;6;0.8714290309893795;0.6266829842721381
0.6057034562874435;0.8303963643608767;16;23;6;0.8763791565671534;0.9244041902341599
0.5223928104681718;0.5066849097601939;16;23;6;0.8792052126980863;0.7718507565850824
0.5341279779235395;0.2963689976417865;16;23;6;0.8763767618977435;0.19351723090717876
0.5455048033889262;0.7642306539050809;16;23;6;0.8787461300634316;0.97727145524359
0.5572399559431327;0.5539147417866737;16;24;6;0.8642619355125307;0.28754551987315946
0.4776021478831036;0.278883043635484;16;25;6;0.8815274692928956;0.8043473743409392
0.49220390224670807;0.6431464503530117;16;23;6;0.879198075940101;0.38224369942928593
0.5035807277120947;0.1110081364186285;16;23;6;0.8863481980850784;0.612922759282376
0.5153158802663014;0.9006922243002212;16;23;6;0.8766494192655012;0.8490234890552585
0.42869073867776797;0.8501234150660208;16;24;6;0.8741559905574021;0.6545459648281884
0.4432924930413725;0.21438680688238732;16;23;6;0.8713514432774347;0.9550984940767716
0.45538597268439895;0.3258933263822782;16;23;6;0.8803838219529715;0.485695866958311
0.4671211252386055;0.11557741426387091;16;23;6;0.8765876701202476;0.7909533821467245
0.7536918138131588;0.7430537085792458;16;24;6;0.8791933361410411;0.3680434563840652
0.7654269663673653;0.5327377964608384;16;23;6;0.8785586708730715;0.8897722934219572
0.7746538442009938;0.06966499712479435;16;24;7;0.8723556085133701;0.4794037561633493
0.7863889967552004;0.8593490850063871;16;23;6;0.8773875007570127;0.6295408123424611
0.6578397794898357;0.15555772848341187;16;23;6;0.8759235896595652;0.8893338140517163
0.6884765965723242;0.17137420878701526;16;24;7;0.8805456036652474;0.5159623848009887
0.7002117491265307;0.961058296668608;16;23;6;0.8760615034269987;0.7435956793002709
0.6205739559676628;0.6860265836162571;16;22;6;0.8789854749693011;0.1490051240755237
0.6323091085218694;0.47571067149784985;16;23;6;0.8718585116240847;0.8945045609387384
0.6436859488884172;0.9435723426623055;16;23;6;0.8754035457677971;0.5130708019918858
0.6353548738756772;0.7112011986923533;16;23;6;0.8811765395692112;0.7348813260013284
0.4708871241279833;0.6188084177396337;16;22;6;0.8729186217159092;0.13348258589132567
0.4826222766821898;0.4084924907200651;16;23;6;0.8751095590755809;0.3323602805244238
0.49758235813461416;0.09457831415472984;16;23;6;0.8759567765120664;0.8546265932943844
0.5093175106888207;0.8842624020363224;16;23;6;0.8723379373645803;0.37635541543111517
0.42896304845115185;0.9655858704508589;16;24;6;0.8759070068398845;0.6656674347716883
0.43729412346389185;0.19795701442081104;16;23;6;0.8792962746539554;0.5059474891485355
0.4486709489292785;0.6658186855852667;16;24;6;0.8745407486976012;0.7524824630772609
0.46040610148348515;0.4555027734668593;16;23;6;0.8698713493107766;0.26641770083448146
0.380768293423456;0.18047107531566975;16;24;6;0.8775313690981539;0.6996754724915334
0.3925034459776626;0.9701551631972624;16;23;6;0.8778684491716106;0.9902844548276871
0.4038802714430493;0.4380168194605568;16;23;6;0.8716153512547096;0.5606559408531386
0.4127488221878579;0.6531216034073758;16;24;6;0.8822049465684545;0.029621367382042352
0.33311102902899004;0.37808987545386374;16;24;6;0.8706756626573858;0.3048691229922409
0.34368161854453194;0.37185112390592234;16;23;6;0.8771240854545613;0.8534723426800125
0.3525501692893406;0.58695589295158;16;24;6;0.8770777915291214;0.3513725475206715
0.364643648932367;0.6984623826491485;16;23;5;0.8709420788250689;0.9297167665688819
0.6515726645957401;0.6477611085828215;16;25;6;0.8742991210917226;0.2726880290416541
0.6629494900611268;0.11562279464843839;16;24;6;0.8761352569815057;0.7790088608649357
0.6746846575164946;0.9053068825300311;16;24;6;0.8698071473711917;0.3337932079336893
0.689644738968919;0.5913927059646958;16;24;6;0.8791886411552523;0.07445522909783553
0.6096485889189088;0.9945385761952079;16;23;7;0.8767094293084031;0.6277166860391046
0.614754735033431;0.3305079846120881;16;22;6;0.872163208331767;0.6522262980439655
0.6293564893970355;0.6947714062307769;16;23;5;0.8652666322433972;0.2347808454846484
0.6407333297635833;0.1626330624940715;16;24;7;0.8768722967463384;0.860692762056281
0.5607371797135732;0.5657789476257448;16;23;6;0.8725179269688709;0.3544722053755113
0.5728306742577608;0.6772854373233134;16;24;6;0.8814531952403639;0.35648542670155625
0.5845658268119673;0.466969525204906;16;24;6;0.8767859515593424;0.0022844072957255435
0.5172006619393746;0.9643555400110145;16;23;7;0.8744814734351517;0.5612790678557903
0.5285774874047614;0.4322171962743091;16;23;6;0.8710797326796763;0.4361375074898223
0.543179256669527;0.796480617892998;16;23;6;0.8739688427817645;0.5577532837277147
0.5552727363125535;0.9079871075905664;16;25;6;0.8842452534186529;0.07455513819549442
0.8422017519759266;0.8572858335242395;16;24;6;0.8727453355118499;0.6152751917315509
0.8501744849986855;0.7678345607770546;16;23;6;0.8785528600467799;0.13413742696004494
0.8129982283475565;0.12875903499034536;16;24;7;0.872219928890861;0.354830151518317
0.825091707990583;0.24026552468791385;16;24;6;0.863095716345698;0.3589330609535786
0.745095572841734;0.6434114098195872;16;23;6;0.8715913901684651;0.0015966795205738515
0.7564723983071207;0.11127306608288168;16;24;6;0.8734201700200273;0.6483846240657668
0.7653409639530905;0.32637785002970054;16;23;6;0.8736721359433622;0.025833204958861433
0.7774344286949557;0.43788435462843034;16;24;6;0.8665204364920132;0.4872737924248699
0.6962737454086033;0.04510737052824709;16;24;6;0.8731817815648579;0.07556154348434863
0.705142296153412;0.2602121395739049;16;24;6;0.8784267210430364;0.6128775194789385
0.7172357757964384;0.37171865907379575;16;23;6;0.8728141978092128;0.625383233612978
0.7289709432518061;0.16140274695538837;16;23;6;0.8744990961218871;0.24556194656581487
0.015541616925198176;0.7888790412707632;16;24;6;0.8663665336229842;0.9242336942885055
0.027276769479404828;0.578563129152356;16;23;6;0.8778597150677394;0.5543559392526107
0.04223685093182916;0.2646489525870206;16;23;6;0.8734945331290019;0.6207000451620981
0.053972018387196896;0.054333040468613314;16;24;6;0.876356829011944;0.9217900203404276
0.9902796763726857;0.600398796823054;16;23;6;0.8637721062707588;0.5556746997371415
0.9819486162611069;0.3680276528531018;16;24;6;0.8720737544236614;0.0653100422308458
0.9933254566276547;0.8358893240175574;16;23;6;0.8726263758436504;0.5149726440567756
0.005060609181861242;0.625573396997989;16;24;6;0.8830261043817511;0.9718445909426529
0.9254228011218322;0.3505416988467993;16;24;6;0.8780031854944784;0.28466974847751125
0.9371579536760387;0.14022578672839203;16;23;6;0.874435239474708;0.8163420877243492
0.9485347791414255;0.6080874578928477;16;24;6;0.8712151477558103;0.3041090097793424
0.9574033447873953;0.8231922269385054;16;23;6;0.8808327660729786;0.8820053348676892
0.877765521826205;0.5481605138861546;16;23;6;0.8811643140099145;0.4716368125102425
0.8895006892815728;0.3378446017677472;16;22;6;0.8798438147445347;0.6760685472177265
0.9204062516806761;0.8450278797080423;16;23;6;0.8790458672138843;0.9952111625921045
0.739634678996322;0.609715212631394;16;23;6;0.8745689994080232;0.6173606745334508
0.7510115193628699;0.0775768986970109;16;24;6;0.8794986786207054;0.35309572802864597
0.7627466719170765;0.8672609865786035;16;23;6;0.8809509580050477;0.8655976872329094
0.7748401515601029;0.9787674911773333;16;24;6;0.8732882248326641;0.46732264451848915
0.7665090765473629;0.7463963472073811;16;25;6;0.8781383381882202;0.7311039928910961
0.6861546292108552;0.8277198007207562;16;23;6;0.8746995776972603;0.28929241750131607
0.6978897817650618;0.617403888602349;16;23;6;0.8778501754981656;0.818635645571986
0.7292432381240288;0.2768651874390652;16;24;5;0.8754139003596992;0.7512383856873115
0.6488887907875212;0.3581886558536015;16;23;6;0.8751068719714798;0.5131347768149992
0.6606239433417277;0.1478727437351942;16;23;6;0.8803154136261767;0.0014497618320484795
0.6727174229847541;0.2593792483339239;16;23;6;0.8723414774394488;0.4617257862593923
0.684452590440122;0.04906333621551662;16;24;6;0.8711885113879184;0.8633613413397011
0.6040981133012918;0.13038678972889173;16;23;6;0.8698492256090484;0.1245876365030748
0.6129666789472618;0.3454915587745494;16;24;6;0.8734149876281534;0.7911694839406692
0.625060143689127;0.4569980633732791;16;23;6;0.8680806093320051;0.3360102989981544
0.6367953111444947;0.2466821512548718;16;23;6;0.8669123333101122;0.0020510764445887952
0.923365999719048;0.8741584604714079;16;24;6;0.872230720336206;0.39106714631329886
0.9351011522732545;0.6638425483530005;16;23;6;0.8785115739651932;0.6903655009486901
0.9430738852960134;0.5743912905069769;16;23;6;0.8741686537339687;0.2988090613473203
0.9548090527513812;0.3640753634874083;16;23;7;0.8709459734473887;0.5465981800869153
0.8751712297901909;0.08904365043505758;16;22;6;0.8764407365999904;0.6107923085623221
0.8897729990549567;0.45330705715258524;16;23;6;0.8757689531843;0.2556954714344416
0.9011498245203433;0.9211687432182021;16;23;6;0.8822487807834409;0.050285466146240854
0.912884991975711;0.7108528310997947;16;23;6;0.8684296788563248;0.34286523256974266
0.833247183915682;0.43582110314628275;16;24;6;0.8710551131269632;0.44154819433245185
0.840861589849621;0.02454742858312209;16;24;6;0.8788435039209408;0.7421007086798738
0.8529550694926474;0.13605393318185177;16;24;6;0.8723420201320956;0.4100262528982205
0.864690222046854;0.9257380210634444;16;23;6;0.8724016664521848;0.18490836203305405
0.7843357747103463;0.007061474576819604;16;24;6;0.8781039976533856;0.6954395222488081
0.7960709272645529;0.7967455624584122;16;23;6;0.871898811892167;0.7619513215392091
0.8052978050981814;0.33367274822120696;16;24;6;0.8730302954272203;0.3691407371269698
0.8170329576523879;0.12335683610279968;16;23;6;0.8691193666450163;0.9575180699586535
0.10279741027709655;0.2767327226069386;16;23;6;0.8679217155433531;0.1693850470556666
0.11202428811072507;0.8136598934685721;16;24;6;0.8817585989935837;0.49300673613913215
0.12375944066493161;0.6033439813501648;16;23;5;0.8737165202765182;0.770088945378141
0.13513626613031826;0.07120565251462052;16;24;6;0.8749551694226553;0.3597204230206943
0.0551401458826305;0.4743515376462938;16;24;5;0.8739099101081692;0.14580375853327365
0.06723361062449573;0.5858580422450236;16;24;6;0.8812844811247578;0.1146833582197484
0.08183537988926137;0.95012143406139;16;24;6;0.8828207795219921;0.6804861887639075
0.09321220535464803;0.4179831201270069;16;22;6;0.8794705461110415;0.269669757545436
0.006945375953773425;0.6892367425111047;16;23;6;0.8729614051411675;0.8292019087387307
0.018322201419160078;0.15709839877439913;16;24;6;0.875072752795065;0.3361034452271283
0.03292397068392583;0.5213618054919268;16;23;6;0.8659613347662053;0.8942022880651433
0.04501745032695226;0.6328683100906566;16;24;6;0.8737973523163376;0.16940328008784789
0.9650213151781033;0.03601419522232985;16;24;6;0.8686001040539812;0.735922779710808
0.97639814064349;0.5038758663867855;16;25;6;0.8930069985009056;0.15009972329516807
0.9881333080988577;0.293559939367217;16;23;6;0.8816874592197562;0.40174081353609326
0.997360171031325;0.830487140031173;16;23;6;0.8778009888696153;0.6909165024181286
0.28428918669469816;0.7797858510636848;16;23;6;0.86980668052824;0.3043766122579149
0.2956660121600848;0.24764753712930165;16;24;6;0.878704304394238;0.10729768198245404
0.30740117961545255;0.037331625010894376;16;24;6;0.8782879740622084;0.1352113715287815
0.3194946592584791;0.14883812960962406;16;24;6;0.8757925469804225;0.7002079810242571
0.2353777774893625;0.35102622249422166;16;24;6;0.8827499085564356;0.33543637210288446
0.24747127203355024;0.46253272709295135;16;23;6;0.8705078625155108;0.529924559897939
0.2592064245877568;0.25221681497454407;16;23;6;0.8783310804613447;0.9030847305921749
0.14991719893949385;0.0963802675907166;16;23;6;0.873798065727531;0.24717376271379543
0.1612940244048805;0.5642419387551723;16;24;6;0.8705319714405073;0.9715320056447652
0.17302917695908715;0.3539260415379262;16;24;6;0.8777612324743869;0.3816460554138339
0.18798925841151148;0.040011864972590905;16;24;6;0.8671867660234365;0.7952038322994865
0.007217700628318502;0.8046991829947815;16;24;6;0.869697022356554;0.3496298373782589
0.018594526093705155;0.27256085415923714;16;24;6;0.8753542841010723;0.6816254047580143
0.026925586205283958;0.5049320130303505;16;24;6;0.8726408653244571;0.22100174661215732
0.03830241167067061;0.972793669293645;16;24;6;0.874647982972245;0.3714971149789277
0.952125164042001;0.07450289585702707;16;23;6;0.8787091689740552;0.9493934400672744
0.9667269333067666;0.43876630257455473;16;25;7;0.873626640427902;0.5089255912605691
0.9781037587721534;0.9066279737390104;16;24;6;0.8794793354539685;0.8105530868744507
0.9147697587476232;0.7745161468105881;16;23;6;0.8803278536047527;0.11796053479346114
0.20295291922186598;0.3501933163530796;16;23;6;0.8818691586663885;0.7369746996087945
0.21065690692800998;0.7693752459692031;16;23;6;0.8861994058486045;0.008144526783436468
0.22239205948221652;0.5590593338507958;16;24;6;0.8708179582567763;0.578068103947863
0.13863350480191994;0.08306985835369163;16;24;6;0.8856168165274481;0.2823601342130474
0.15036867225728767;0.8727539462352844;16;24;6;0.8763120484571992;0.6750490120386777
0.1624621519003141;0.9842604359328528;16;24;7;0.8756882678091682;0.19149253941763744
0.17419730445452064;0.7739445238144455;16;24;6;0.875302598042911;0.7542496046079887
0.0938428422168518;0.8552679922289819;16;23;6;0.8821151684109355;0.17158763821009493
0.10271140786282162;0.07037274637347835;16;24;6;0.8759081162064508;0.40226671296434624
0.11480487260468697;0.18187926587336922;16;23;7;0.8742581381608405;0.7228311665305076
0.1265400251588935;0.971563353754962;16;24;6;0.866977957647599;0.2390059485928525
0.04618557782238586;0.052886807268337055;16;23;6;0.8696222254438637;0.9299539039597485
0.05451663793396466;0.28525795123828923;16;24;6;0.8823840009123413;0.38736334147885565
0.06589346339935132;0.7531196224027449;16;24;6;0.8692631324079672;0.6996977719679782
0.07762861595355786;0.5428037102843376;16;24;6;0.8698083249293546;0.9144313508743893
0.3649159587057509;0.8139248529351477;16;23;7;0.8828318804753406;0.5560200179772473
0.3795177279705165;0.17818825965267537;16;24;6;0.8830464446896833;0.06601368755977155
0.3908945534359032;0.646049930817131;16;23;5;0.8709881109375788;0.8283544081905538
0.40262970599010983;0.43573400379756244;16;23;6;0.8672767281058313;0.11748727888787824
0.27452839758576997;0.8842206979733309;16;24;6;0.8782883162381234;0.8064680146241952
0.2859052230511566;0.3520823691377867;16;23;6;0.8767132837312575;0.04583647657884515
0.29477377379596525;0.5671871381834444;16;24;6;0.8762641563738444;0.577856068598182
0.3068672683401529;0.678693642782174;16;24;6;0.8733733265016583;0.13322465498649805
0.24854981775677876;0.052095620091347605;16;24;6;0.8700815092217411;0.6207334189548639
0.2577766806892462;0.5890227909529812;16;23;6;0.8780566240490354;0.14246224109159467
0.26951184814461393;0.3787068788345739;16;23;6;0.8803416384125659;0.6965299339827083
0.556082521818006;0.00618320295227115;16;23;5;0.8771857418015977;0.7805996414159944
0.5678176743722125;0.7958672908338638;16;24;6;0.874215419889868;0.2651522218027572
0.5757904222961326;0.706416018086679;16;23;6;0.8777186518802959;0.843048546891104
0.5875255897515004;0.4961001059682716;16;24;6;0.8737130096555873;0.41297212405553063
0.5078877667903101;0.22106839291592084;16;23;6;0.8834660915833938;0.43801922669362137
0.5196229342456778;0.010752480797513453;16;24;7;0.8698429874466798;0.9548210662602399
0.5309997597110645;0.4786141519619691;16;24;6;0.8782526665107128;0.5732081586701384
0.5456015140746691;0.8428775586794968;16;24;5;0.8748144434531574;0.12691752447243232
0.4659637209158012;0.567845845627146;16;24;6;0.8789438055923352;0.44641845203446906
0.47769885856884653;0.35752993350873863;16;23;6;0.8763278813351161;0.16137065358740033
0.4890756989353944;0.8253916195743555;16;23;6;0.8750459349203618;0.7403419599422068
0.49749632591801696;0.888218367723592;16;24;6;0.8766082790810947;0.05119631848855577
0.4175002056703292;0.29136422305294285;16;23;6;0.8758242249705436;0.4011977177733821
0.42887703113571585;0.7592259091185598;16;23;6;0.8763861872338987;0.08736220954688634
0.4406121836899224;0.5489099970001524;16;23;6;0.8756997944670191;0.9044371098728439
0.4498390615235509;0.08583718276294716;16;24;6;0.875670950656764;0.292152256442029
0.0442536516158043;0.41985112814207204;16;25;6;0.8789518510680988;0.4787467355588645
0.05509300134912232;0.9049791891319834;16;24;6;0.8715102888830457;0.8281210773394172
0.06396153719276976;0.12008394327647987;16;25;6;0.875612566390186;0.5912680190188832
0.0753383775593176;0.5879456293420967;16;24;6;0.8722880986592109;0.9638439354923951
0.9953422424104686;0.9910915144737701;16;23;6;0.8668007669436384;0.5233760866856898
0.007435722053495075;0.10259800417133857;16;25;6;0.8752775608599366;0.8495060355885722
0.019170874607701616;0.8922820920529313;16;23;6;0.8735918294868634;0.07606436372255587
0.03054770007308838;0.36014377811854814;16;24;6;0.8796220833468068;0.6351486060548257
0.9534181667336373;0.33786896718499526;16;24;6;0.8699648798355828;0.23687357824156663
0.9585243128481595;0.6738383756018754;16;24;6;0.8759219953939835;0.5513579414612861
0.9702594654023661;0.46352246348346815;16;23;6;0.8667404099991459;0.7312444046950587
0.9852195468547904;0.14960828691813277;16;24;6;0.8673251861471809;0.2602293205780698
0.9052234266071026;0.552754157148645;16;23;6;0.8730896252726896;0.8736894304178561
0.9166002520724893;0.020615843214261798;16;23;6;0.873449294567509;0.11319423773220505
0.9283354046266958;0.8102999310958545;16;24;6;0.8809602883544658;0.7033632060079882
0.9404288842697223;0.921806420793423;16;23;6;0.8732322232216261;0.4531625381347193
0.2244912981236975;0.2965258278911611;16;24;6;0.8755517459195533;0.023892351248990584
0.23586812358908427;0.7643874990556168;16;23;6;0.8686180391380897;0.3773331513016036
0.24715538218342714;0.4017935809419494;16;24;6;0.8730423135448607;0.6238681103291678
0.2560239180270746;0.6168983350864459;16;23;6;0.8692753971365312;0.3151744076860449
0.17566947069056693;0.698221788599821;16;23;6;0.8782203417257621;0.5060793692963842
0.18740462324477347;0.4879058764814137;16;24;6;0.8712527259814751;0.8039016271941073
0.1994981028877999;0.5994123959813046;16;24;6;0.8774358816901482;0.45713585017780556
0.21123325544200644;0.3890964689617361;16;23;6;0.8748196078058365;0.7043874633830096
0.1308787932043376;0.4704199373762724;16;24;6;0.8714051099413596;0.3318222700821267
0.14548054756794204;0.8346833440938001;16;23;6;0.8736387535857908;0.9991171923394307
0.1735195081576476;0.7672873031981601;16;23;6;0.880553538747543;0.3897457043055079
0.09352338790995984;0.17043318832983345;16;24;5;0.8743782501884292;0.9303761909705206
0.08555063998603962;0.25988446107701824;16;24;6;0.8712258466834553;0.4886541973529457
0.09728579254024627;0.049568534057449765;16;23;6;0.8649246151268608;0.748178453745586
0.10866263290679412;0.5174302052219054;16;25;5;0.8726995615125758;0.04797151063181848
0.12039778546100066;0.30711429310349814;16;23;6;0.8632186762969092;0.6493381557297395
0.4076851282131937;0.5782354357543081;16;23;6;0.8712520409745299;0.15977971927212742
0.41655366405684113;0.7933402197011271;16;24;5;0.8841387023354831;0.39457954064664624
0.4503258431665037;0.875102816477357;16;23;7;0.8632801358121828;0.9752881791961836
0.37032969311649344;0.2782486867078692;16;24;6;0.8857682994572692;0.27673649636449416
0.3817065334830414;0.7461103578723248;16;23;6;0.8675336512440873;0.8721907593980482
0.39057508422785003;0.9612151269179826;16;23;6;0.8694376611962796;0.1620831024577234
0.40266857877203766;0.07272163151671229;16;24;6;0.8696043995277593;0.47835911602270365
0.3226724287220275;0.4758675017472245;16;23;6;0.8828066667119138;0.9666741010397529
0.33404926908857535;0.9437291878128413;16;24;6;0.88075088730102;0.7937892589638829
0.3457844216427819;0.7334132756944339;16;23;5;0.871628736782033;0.24918507930976974
0.35420506352656567;0.7962400238436704;16;23;6;0.8754651105938215;0.8604952266166367
0.273850616190058;0.8775634773570455;16;24;6;0.8777921762934863;0.37935746184513075
0.28558576874426456;0.6672475652386383;16;22;6;0.8694233794547603;0.8961593163129105
0.3005458501966889;0.3533333886733029;16;23;6;0.8646969454516756;0.13781407125901757
0.31228100275089554;0.1430174765548956;16;24;6;0.8714917715175677;0.6525555449660829
0.5925809970734232;0.6386015230238561;16;24;6;0.8780375029480916;0.21289393210922236
0.6071827514370276;0.0028649297413837482;16;24;6;0.8749345678623843;0.7225292895040878
0.6185595769024143;0.4707266009058395;16;24;7;0.8767836242831689;0.9245776097860353
0.6302947294566208;0.2604106887874321;16;23;6;0.8706118671686688;0.4588478353279787
0.5506569362977529;0.9853789906362425;16;24;6;0.8693683451251022;0.040506565046611875
0.5623920888519595;0.7750630785178352;16;24;7;0.876512100310897;0.6452772876859995
0.5737689143173461;0.24292474968229083;16;23;6;0.8657226061984442;0.896517247554555
0.5826374650621547;0.4580295187279485;16;23;6;0.8636002000739557;0.16741834431374325
0.5029996570021257;0.18299780567559776;16;23;6;0.8788132961270791;0.6899533874991576
0.5147348095563323;0.9726818935571904;16;22;6;0.8700852566688188;0.3395147876247745
0.5227075574802524;0.8832306208100056;16;24;6;0.8785810410423097;0.10776787541876254
0.534442710034459;0.6729147086915983;16;24;6;0.8761393622319036;0.4037985127735474
0.45408824779679013;0.7542381622049734;16;22;6;0.8715351587818627;0.3219318835810233
0.4658234003509967;0.543922250086566;16;23;6;0.8732940613085342;0.766799917694918
0.4779168948951843;0.6554287546852958;16;24;6;0.8819972852304654;0.06784708958969765
0.49251863435762755;0.019692161402823483;16;24;6;0.8853875246558288;0.5481893564851492
0.3113887494856147;0.4625570776090382;16;23;6;0.8774996385605591;0.3922318154922828
0.3231239169409825;0.2522411654906309;16;22;6;0.8716670828267048;0.9448662000281169
0.33521739658400895;0.3637476849905218;16;24;6;0.8799955835885319;0.790157960608667
0.3469525491382155;0.1534317728721145;16;24;7;0.8723152215037404;0.5808099516025388
0.2629252640424652;0.18607546993599633;16;24;6;0.8760800542898044;0.04995454167585245
0.2750187287843304;0.297581974534726;16;24;6;0.8686567875591997;0.5976619436415744
0.28675388133853696;0.08726606241631873;16;25;6;0.880514287411359;0.09338364049284009
0.2981307068039236;0.5551277335807744;16;22;7;0.875697507269081;0.37696245621461744
0.21526798474683795;0.3836942849753515;16;24;6;0.8824521095983704;0.015863685052487364
0.22736146438986438;0.4952007895740813;16;24;6;0.87659460625647;0.3657790819230389
0.23909661694407092;0.2848848774556739;16;25;6;0.8789770465237067;0.7304718322448357
0.2504734424094577;0.7527465635212908;16;25;6;0.8827461914440807;0.2942610605169357
0.1704773221617698;0.15589241885064176;16;24;6;0.8752473618298346;0.04755763131526847
0.18543740361419425;0.8419782422853065;16;23;7;0.8808812332765995;0.22404355166202095
0.19018520773873537;0.8561252488862108;16;23;5;0.8696672389706019;0.5139711881456938
0.202278702282923;0.9676317534849405;16;23;5;0.8710846559631673;0.11157539881100598
0.49207430485453285;0.49150978335338735;16;24;6;0.8672816855559277;0.35139176962668084
0.5034511303199195;0.9593714694190042;16;23;6;0.8725680144102788;0.9292880947150276
0.515186282874126;0.7490555573005969;16;23;6;0.8792907816081613;0.19190489495013097
0.5272797774183138;0.8605620469981654;16;23;6;0.8770047034433794;0.7898674178031019
0.4472836273683035;0.2637079321298388;16;24;5;0.8719159767362609;0.3551327875163536
0.4552563752922236;0.1742566593826539;16;23;6;0.8757827796874212;0.6426960044986995
0.46699154274759147;0.9639407472642466;16;24;6;0.8750937189636782;0.9677509870362833
0.4783683682129781;0.43180243332986346;16;25;6;0.8777941626613494;0.4183522247689737
0.398372218162968;0.8349482886592144;16;24;6;0.879721746406029;0.04050173671031998
0.4075991108977577;0.37187548932317027;16;24;6;0.86915073878345;0.2830055457909828
0.41933426345196423;0.161559577204763;16;24;6;0.8753651467690402;0.519106260662704
0.4307111038185121;0.6294212483692186;16;23;6;0.8778020528348266;0.10157122633118199
0.3507149537685019;0.03256711859973083;16;24;6;0.8807860024913179;0.7017732934892772
0.36280844831268955;0.14407360829729932;16;24;6;0.8725627998315376;0.2561993134692109
0.3934452653951781;0.1598900886009027;16;24;5;0.8798968553649492;0.7140883739154104
0.68037426615739;0.10918881453457585;16;23;6;0.8739538681097189;0.3654413945839655
0.6924677607015777;0.22069531913330553;16;24;6;0.8722460431979361;0.8864535625430565
0.6841366856888377;0.9883241751633534;16;24;6;0.8789105804919211;0.3445796393386422
0.6955135260553855;0.456185846327809;16;22;6;0.8756040544931402;0.6155274996853245
0.7072486637084309;0.24586993420940173;16;24;6;0.8735786440276951;0.10715699537279666
0.627610870549563;0.9708382211570509;16;23;6;0.8727335642372723;0.49854497970122447
0.6393460231037695;0.7605223090386436;16;24;6;0.87518334302715;0.06506446442302338
0.6507228485691562;0.22838398020309925;16;23;6;0.8703949405848813;0.3570639369297457
0.6595913993139648;0.4434887492487569;16;24;6;0.8795277286231483;0.6357586031672828
0.6016322758194107;0.13871314327506756;16;24;6;0.8687200567533415;0.16599766386116355
0.6133674283736172;0.9283972311566602;16;24;6;0.8728586663951852;0.7911929262551565
0.6225943062072458;0.4653244020182937;16;24;6;0.8792130571845819;0.7972487676915991
0.8727053923083097;0.09737000398123341;16;23;6;0.8732754151364615;0.3442395452820036
0.8844405448625163;0.887054091862826;16;24;6;0.8719877911261626;0.9647765853236604
0.895817370327903;0.35491577792844287;16;23;6;0.8783290243013421;0.5103340396576241
0.8125067394097925;0.031204308426598826;16;24;6;0.8745152810380695;0.212476092488728
0.824241891963999;0.8208883963081915;16;23;7;0.8666620670282423;0.5948516708530961
0.8322146249867579;0.7314371235610067;16;24;6;0.8807270244793828;0.11254932814176433
0.8439497924421256;0.5211212114425994;16;23;6;0.8815676261748552;0.3917814850125314
0.7635953302044568;0.6024446649559745;16;23;6;0.8831413999390166;0.9659153905694305
0.79485921969238;0.4314503745145677;16;24;6;0.8780007419640788;0.015149452493574134
0.5354352384422515;0.056117625456534204;16;24;6;0.8732464612669323;0.6465258273673877
0.5367789650253261;0.5129516881457981;16;24;7;0.8818186326426136;0.9551406565097736
0.5481557904907128;0.9808133593102537;16;24;6;0.8805426442478312;0.45178670163840173
0.5598909430449194;0.7704974471918464;16;23;6;0.878552403236421;0.6946956162965398
0.4831197516954494;0.07004506787659182;16;24;6;0.8711866727461237;0.3052891094257669
0.49485488934849475;0.8597291557581844;16;23;6;0.8756194050286299;0.20236015980173472
0.5062317297150426;0.3275908269226401;16;24;7;0.8766788751901352;0.4004316184849881
0.517966867368088;0.1172749148042328;16;24;6;0.8791169906968925;0.7245012164294784
0.43832907420922007;0.8422432017518819;16;23;6;0.8677347579188324;0.24909664037560708
0.44603306191536407;0.2614251313680056;16;23;6;0.8854148054670845;0.8676628814287545
0.4577682293707318;0.051109219249598214;16;24;5;0.8739535932182547;0.11545200016834944
0.46986170901375834;0.1626157089471667;16;23;6;0.8720733684835149;0.5589657353703432
0.7539241079665724;0.5373351160449048;16;23;6;0.8719862588905736;0.13686206045868987
0.765300933431959;0.005196787209360454;16;24;6;0.8756697335142326;0.7189686990383479
0.7770360859861656;0.7948808750909532;16;23;6;0.8754513333427307;0.9968571442272016
0.7891295805303532;0.9063873796896829;16;24;6;0.8760053000138905;0.365359062766779
0.7091334602826654;0.30953326482135624;16;23;6;0.8750233231790039;0.894612723966405
0.7205102857480521;0.7773949210846507;16;23;6;0.8742211424716152;0.5780322907147981
0.7517741752359755;0.6064006306432439;16;24;6;0.876241141101479;0.944968134897327
0.6714196980971453;0.687724084156619;16;23;6;0.8721422638796262;0.20830157440890906
0.6831548655525131;0.47740817203821173;16;24;7;0.8826770179201019;0.9230746124174304
0.6751821325297541;0.5668594447853966;16;25;6;0.8799609178525385;0.45824064078026217
0.6869172850839608;0.35654353266698924;16;24;6;0.8713798211157449;0.021983105464868147
0.6982941105493474;0.8244052038314449;16;23;6;0.8699277136685017;0.5361871034398649
0.6182979754004985;0.22755107406195707;16;23;6;0.8807075172678429;0.8226325358722012
0.6303914550435249;0.33905759356184795;16;25;6;0.868191299693337;0.3506320522609577
0.6392600057883335;0.5541623477063444;16;23;6;0.872197795024642;0.6838817495504214
0.6506368312537202;0.022024033771961382;16;24;6;0.8755193882560434;0.33926592016587787
0.9599611856602079;0.5852236853174088;16;23;6;0.8781443134700422;0.31332976267442236
0.9713380111255947;0.05308535648186441;16;24;6;0.8808657077316411;0.8426730056462534
0.9802065767715645;0.2681901255275221;16;24;6;0.8750507039254073;0.40919249036805216
0.9005687538103743;0.9931584124751712;16;24;6;0.885783396762458;0.05911221758248897
0.912303921265742;0.782842500356764;16;23;6;0.8722418125764341;0.03157505835484031
0.9236807467311287;0.2507041715212196;16;24;6;0.8800897461021514;0.8272400492342603
0.9354158992853352;0.04038825940281232;16;22;6;0.8838034422969421;0.4586164092069126
0.8521052534660635;0.7166767899009682;16;23;6;0.8753998680292954;0.7554065189240482
0.8634820789314501;0.184538475966585;16;25;6;0.8755263336769564;0.12596881822433992
0.8752172314856567;0.9742225638481777;16;22;6;0.8824504635554786;0.3436585956135151
0.890177312938081;0.6603083872828424;16;23;6;0.8772987957888814;0.7279696497400725
0.8101811926903932;0.06345425751335454;16;24;6;0.8727379010075683;0.274691667112701
0.82155801815578;0.5313159286778102;16;23;6;0.8753488452468443;0.5892656419069479
0.8332931707099865;0.3210000165594029;16;24;6;0.8783015090735333;0.27205813624990605
0.8453866652541742;0.4325065211581326;16;23;6;0.8858686484180781;0.9700830218186726
0.1294490642069882;0.8072259133547095;16;24;6;0.8808938553261031;0.18938525620637603
0.14082588967237486;0.27508759942032635;16;24;6;0.8695838580435234;0.7116515689763366
0.1525610422265814;0.06477168730191907;16;24;6;0.8739154072888312;0.8237745246287262
0.16465453677076902;0.17627817699948756;16;24;6;0.8840618143014239;0.8973747093833327
0.08053765500165255;0.37846628478524635;16;24;6;0.8741371396916713;0.7376547488590186
0.09263113464467898;0.48997278938397604;16;24;6;0.865395133752851;0.01509528518684744
0.10436630210004683;0.27965687726556876;16;24;6;0.873615105496469;0.6164619153836073
0.11574312756543348;0.7475185484300244;16;22;6;0.8704361291373854;0.8986074376512663
0.03574697751542333;0.15066443356169779;16;23;6;0.8775871673740986;0.1003517489949235
0.050707073869008856;0.8367502420952012;16;23;6;0.8681344259377893;0.7087952944923925
0.06244224132437659;0.6264343299767939;16;23;6;0.8705620963872962;0.9796963912515808
0.07381906678976324;0.09429601604241078;16;24;6;0.8707944585163176;0.36781661359591866
0.9938229316409143;0.49744188627292296;16;24;6;0.8833591319157571;0.9027138966421355
0.001795664663673202;0.40799061352573807;16;24;6;0.8812690426226704;0.7177284609108624
0.013530832119040936;0.1976747014073308;16;24;6;0.8737646077360062;0.042381902327740084
0.02562429686090617;0.30918120600606047;16;23;5;0.8741324836075052;0.7725283991177412
0.8448527390777133;0.07386853892941225;16;22;6;0.8760537238233176;0.23119196654655672
0.8562295645431;0.5417302249950291;16;24;6;0.8777169140687365;0.5414660311761261
0.8650981152879086;0.7568349791395256;16;24;6;0.8665105656085467;0.8335978887386032
0.877191594930935;0.8683414837382554;16;25;6;0.8813721213710464;0.1095155349389475
0.7971954746832473;0.27148736886992864;16;23;6;0.8769124578161653;0.7179590953375777
0.8085723001486339;0.7393490251332232;16;23;6;0.8732456973179344;0.5279570952639873
0.8203074527028404;0.5290331130148158;16;24;6;0.885382261848557;0.8169108024169017
0.8287281094877854;0.5918598760652134;16;24;6;0.8821996519924196;0.11746330186316256
0.7483736323489554;0.6731833295785886;16;24;6;0.8810263219751366;0.7426585791583166
0.7601087849031619;0.46286741746018123;16;24;6;0.8788443075330545;0.3084614246036369
0.7750688663555864;0.14895324089484596;16;24;6;0.8851924387843869;0.4163597791353171
0.7868040338109541;0.9386373287764387;16;23;6;0.8773627726047459;0.687260860993344
0.7064495715732853;0.019960782289813794;16;24;6;0.8695030266455718;0.2466138486422288
0.718184739028653;0.8096448701714064;16;24;6;0.8838169271168328;0.025347959080715077
0.7302782186716794;0.9211513747701362;16;25;5;0.8797438307908544;0.07502991496472233
0.7378926246056184;0.5098776853058142;16;24;6;0.8771673506847834;0.41374407055636697
0.02517995245665028;0.7809988279566243;16;23;6;0.8804447021309766;0.02792083457379302
0.03691511991201801;0.5706829158382171;16;23;6;0.8666635093391495;0.2728433366028289
0.04829194537740478;0.03854460190383391;16;24;6;0.8799505299600067;0.70073768699224
0.057160511023374605;0.2536493560483304;16;23;6;0.8694165001452039;0.36677847933983565
0.9775226880621843;0.9786176578971408;16;23;6;0.8766950366401334;0.008725458630352345
0.9892578555175521;0.7683017457787334;16;24;6;0.8837415001828381;0.24558564586442433
6.34680982938729E-4;0.2361634169431891;16;23;6;0.8739098008497224;0.8243777737736596
0.01236983353714527;0.02584750482478182;16;23;6;0.8668737587424293;0.09326525335962754
0.9355986272865141;0.325395110608366;16;24;6;0.8726413981539645;0.6284312817224593
0.9473337798407206;0.11507919848995862;16;23;6;0.8823714547993419;0.2732448628223739
0.9524399110540817;0.4510486069068388;16;23;6;0.876526692046377;0.5294546085445915
0.9670416803188473;0.8153120136243664;16;23;6;0.8695260082134528;0.7479400346536238
0.8866872329823396;0.8966354820389029;16;23;6;0.8734936476261588;0.43458809475700366
0.898422370635385;0.6863195699204955;16;24;6;0.8732985407596707;0.09229782699302047
0.9105158502784115;0.7978260745192252;16;23;6;0.8670723037814072;0.6216410550636903
0.9222510028326181;0.5875101624008179;16;24;6;0.8738446875546053;0.9331692645041293
0.20882169140717133;0.21498647161735396;16;24;6;0.8851666994444827;0.2915017388016956
0.21769025705314116;0.43009124066301163;16;23;6;0.8693637974633928;0.9066638874122152
0.22978373669616758;0.5415977303605801;16;23;6;0.8799340835777888;0.1096623286655809
0.2403543262117095;0.5353589788126387;16;24;6;0.8820562670951128;0.4885556880774514
0.15749158925346263;0.36392554510837705;16;23;6;0.8789362722486386;0.1717172177806976
0.16958506889648906;0.47543203480594565;16;23;6;0.8729427238136904;0.750778105907709
0.1813202214506956;0.26511612268753826;16;23;6;0.8714410852713776;0.775018972595955
0.19269706181724355;0.7329777938519939;16;24;6;0.8751362843373395;0.34494254976038163
0.11270092666839449;0.1361236640825061;16;23;6;0.8731163986778214;0.9039372103204464
0.12766100812081893;0.822209502418332;16;23;6;0.8730691125182131;0.21909146413031166
0.13939617557618666;0.6118935902999246;16;24;6;0.8712724269063632;0.5642012040713458
0.15077300104157332;0.07975526146438028;16;23;6;0.8784375808040563;0.835102300830534
0.06737277345009662;0.9255881877832519;16;23;6;0.8839660762623327;0.6765433388881156
0.07874959891548328;0.3934498589477077;16;24;6;0.8733115707787865;0.22353410157735898
0.09048476637085101;0.1831339468293003;16;25;6;0.8647877012515501;0.2326357083676095
0.10257823111271624;0.29464045142802997;16;22;6;0.8682870886635251;0.5933868756135489
0.3895072467760894;0.24393916246054193;16;23;6;0.8754281928375166;0.9172305464261352
0.40088408714263735;0.7118008485261588;16;24;6;0.8777934812754208;0.7541029290024245
0.4321479617293994;0.5408065431835908;16;23;6;0.8740852189734253;0.3981102741524942
0.35179349949173055;0.6221300115981271;16;23;6;0.8829700273638048;0.5245634362871328
0.3635286669470983;0.4118140994797198;16;24;6;0.8817914081540269;0.7718150494923367
0.3727555298795656;0.9487412852425144;16;24;6;0.8816635954164465;0.11285833116131061
0.38449069733493335;0.7384253731241072;16;24;6;0.867296144392951;0.7289163123950411
0.3041362350972645;0.8197488266374823;16;24;6;0.8750076212463279;0.2688733440131391
0.31587140255263224;0.609432914519075;16;23;6;0.8734039761139465;0.6187851615257604
0.3279648672944975;0.7209394191178047;16;24;6;0.8727053444728244;0.8770552731075311
0.31963380718291867;0.4885682751478525;16;25;6;0.8785136179232544;0.5457870830780449
0.33101063264830544;0.9564299463123082;16;22;6;0.8781275728762084;0.5486961221261396
0.26776621439598025;0.6547737235631701;16;23;6;0.876349012017473;0.17935584282231332
0.2823679687595847;0.019037115379536562;16;24;6;0.8603079555500263;0.9257510825064167
0.29374479422497135;0.4868988014451534;16;25;6;0.8755264454646544;0.5212053455399708
0.11297323644177837;0.2515861343685053;16;23;6;0.8848624780899995;0.7921064422991589
0.1250667160848048;0.3630926240660738;16;23;6;0.872088287410195;0.1455587125152682
0.13680188354017264;0.1527767119476664;16;23;6;0.872704939424806;0.4125182112974377
0.1481787090055593;0.6206383980132832;16;24;6;0.884695316384766;0.7253433688322961
0.06531597204731243;0.4492049494078605;16;24;6;0.8722056926666716;0.32742665320669573
0.07615530687946925;0.9343330103977718;16;25;6;0.8792897232722143;0.8120224178230225
0.08789047433483699;0.7240170982793644;16;23;6;0.879665590669913;0.4267366724736784
0.09711733726730432;0.260944269140998;16;24;6;0.8798884988141353;0.6746153580843172
0.01712120211845536;0.6640901542726714;16;23;6;0.8692957820534302;0.26165255859201764
0.028498042485003205;0.13195181053596583;16;24;6;0.8823525238657218;0.4887055591745203
0.04023318013804855;0.9216358984175586;16;23;6;0.8700611785648694;0.03641296114024217
0.052326674682236174;0.033142403016288235;16;23;6;0.8711165059482611;0.44616511936372216
0.9751971413427851;0.01086760698389655;16;23;6;0.8725029311478975;0.09518902885610925
0.9865739668081718;0.478729263247191;16;24;6;0.8693154655248223;0.4411049898458269
0.992038440011514;0.13652110328236944;16;23;6;0.8788510555901528;0.9628338119825577
0.0034152654769006308;0.6043827744468251;16;23;7;0.8770593225208486;0.7391492145715097
0.2932108829496717;0.12826081921643306;16;23;6;0.8679412611704361;0.3988979110253048
0.3053043625926981;0.23976732381516286;16;23;6;0.8737382182205383;0.916595568313973
0.31703951514690465;0.02945141169675547;16;25;6;0.8781043025779773;0.2659270919098148
0.3284163406122913;0.4973130679600499;16;23;6;0.8753423569126306;0.4886334336413072
0.24842022036460354;0.9004589530917233;16;24;6;0.8733269249817979;0.01036224087687676
0.25764708329707087;0.43738613885451805;16;24;7;0.882956476183189;0.5873627631443349
0.26821768771377397;0.43114737240541545;16;23;6;0.8672408452384234;0.9633895207468076
0.2799528402679806;0.22083146028700806;16;23;6;0.8738561227765569;0.21968884824123014
0.19744844529971473;0.37122042839872227;16;24;6;0.8735568007189838;0.8196221849838716
0.20918359785392138;0.160904516280315;16;23;5;0.8635190451098842;0.3744065171514639
0.22056042331930803;0.6287662023459318;16;23;6;0.8703656137019118;0.1842253386323024
0.23229557587351457;0.41845029022752445;16;23;6;0.8794965256101708;0.15690176834071368
0.1526577678134855;0.1434185771751737;16;23;6;0.8775832481153486;0.4048700357235575
0.16027218864858572;0.732144902612013;16;23;6;0.8738178726293111;0.031677770017239815
0.17236565339045096;0.8436513923095815;16;23;6;0.8720766263456575;0.278212729044804
0.1841008208458187;0.6333354801911741;16;24;6;0.8708868099174305;0.626827598463006
0.47067149451921075;0.2608118043088714;16;24;6;0.8739330827406332;0.9964473313549151
0.4852732637839765;0.6250751961252379;16;24;6;0.8678152396031142;0.2372490867636835
0.49736674342700293;0.7365817007239676;16;24;6;0.8836850289835732;0.597599108736092
0.5091018959812095;0.5262657886055603;16;23;6;0.8764592100172371;0.9053181350575894
0.42874743374354063;0.6075892570200966;16;23;6;0.8828526912726761;0.523346900378668
0.43707849385511943;0.8399603860888876;16;23;6;0.8723663166556527;0.9002227121156964
0.4484553193205061;0.3078220721545044;16;24;6;0.866049158375538;0.6373014772928051
0.4601904867758738;0.09750616003609713;16;24;6;0.8800016355225723;0.7184265011103068
0.38055269361700594;0.8224744469837463;16;23;6;0.8718800927993394;0.26819428383674304
0.3894212294606534;0.03757921602940406;16;24;6;0.8698362992127252;0.5965169985560944
0.40079805492604004;0.5054408871938597;16;24;6;0.8872301840718918;0.15470542316631453
0.4125332223814079;0.2951249750754523;16;23;6;0.8778674609214938;0.19308868009480495
0.3521553910373194;0.5680480711622493;16;23;6;0.8750993629037587;0.8091466464273743
0.36353221650270606;0.03590972742554377;16;24;6;0.8631996503976759;0.5401338957980284
0.3752673839580738;0.8255938153071364;16;24;6;0.8718169900742481;0.14732331138578902
0.6625547118091056;0.09671497285910768;16;23;6;0.8775531450742495;0.2029212137909323
