0.2619906617626713;0.034408731381197266;0;8;6;0.873492781632224;0.024919668330512512
0.053538470478592615;0.18831450701616492;0;6;6;0.8748551909879994;0.7987878325146175
0.24560083641173625;0.6851288839249696;0;8;7;0.872463003026547;0.4887504032884201
0.42995922953989707;0.7627613461188121;0;9;6;0.8811995816246769;0.5928118060378741
0.14921489081311357;0.7389949365015767;0;8;6;0.8705982435323135;0.31627779570356307
0.31117794519815967;0.20272645818248358;0;8;6;0.8731439206501713;0.08847959548694662
0.5018070325783461;0.4122511831239014;0;8;6;0.8647262958627895;0.6852775702024141
0.6975422362707323;0.9577453164821995;0;8;6;0.8669877879485306;0.9290708175179443
0.4098105640154446;0.15844181068311458;0;7;6;0.8731491051309208;0.512431600908472
0.5941689422424442;0.23607425797579573;0;7;6;0.871169436717754;0.6999324849773446
0.7790648111026736;0.2964403601465049;0;8;6;0.8773188977802028;0.2707518649626598
0.7201238674717948;0.4807487510476739;0;7;6;0.8699919812075947;0.7968273757527232
0.9044822456987944;0.5583812132415163;0;9;6;0.881834567952587;0.40106060775888097
0.0951113330789809;0.7679059232817731;0;7;6;0.8782847779171156;0.6050444336053402
0.2570743725628658;0.2316374598638412;0;7;6;0.8746067369319734;0.1635911853043801
0.980540377129716;0.23928441687064328;0;7;6;0.8704453294261749;0.7211061697688467
0.845003826335847;0.7599559790669798;0;8;6;0.8756925931581926;0.06734514952222537
0.1907520790434899;0.07762989449501045;0;7;6;0.8793071461527763;0.5356835036456943
0.37564794790371925;0.1379959817645584;0;7;6;0.8826235017996923;0.8536147923939137
0.5662770352839057;0.34752070670597635;0;7;6;0.8735151939848445;0.33798462987833655
0.7499187593332656;0.7815083354655448;0;8;6;0.8746064236635309;0.5596627539308633
0.7901443606961326;0.28017004619490393;0;8;6;0.8806006553999645;0.9584859955499814
0.980773448076319;0.48969477113632176;0;7;6;0.8620684911230599;0.4442891413896838
0.14273648756020396;0.9534263077183899;0;8;6;0.8798230968350259;0.8071902562673813
0.8335052942838512;0.844777903199212;0;7;7;0.8730738524373982;0.98764948865722
0.0012015522876932527;0.4576680774531501;0;7;6;0.8643432520105516;0.8047244187855
0.2611665737266593;0.439830079532713;0;9;6;0.8763077726438593;0.9889143268383965
0.4500936223361125;0.87069832506773;0;7;6;0.8763247614110503;0.7701567119974608
0.15062678262545703;0.2817107164858912;0;7;6;0.8750736013379645;0.17614645068949308
0.31957718544016855;0.5209793343486476;0;7;6;0.8780849704294189;0.31406603496288443
0.5138790956784365;0.7791838157395589;0;7;6;0.8713071214230268;0.7200557885560779
0.682112829414347;0.37480760016804127;0;7;6;0.876271184953223;0.18713641851074714
0.39930813972917156;0.25056230932842904;0;8;7;0.8792635610183047;0.6567289174450857
0.2959312663429533;0.9047956079750401;0;7;6;0.8804953527986495;0.7742239470627105
0.4640754332078201;0.6699637882242383;0;7;6;0.8704498468280311;0.26047498686227655
0.6489713169692107;0.7303298754937863;0;8;5;0.8769819542608187;0.7372339828695293
0.24666153004879776;0.1542135477872788;0;7;6;0.8693871449354006;0.13605722448864743
0.8922813470985571;0.49594087532741526;0;8;6;0.8759075987757481;0.6148730069975231
0.06078384105224377;0.5829314871949116;0;7;6;0.8718406375888008;0.7263661025808985
0.254817020875058;0.3497691411468088;0;8;6;0.8756879817175274;0.17759441271902376
0.5154986964916639;0.9755759766606458;0;7;6;0.8736540873037644;0.663935049191956
0.09921779206985015;0.47248112923974683;0;7;6;0.8736547717235454;0.06096667026813585
0.2539247676097772;0.6693087422009515;0;9;6;0.8733959016076159;0.4900683869797614
0.43828314583677674;0.746941219295955;0;8;6;0.8695289739974464;0.9921669182595795
0.6190582829778999;0.6063495143184272;0;7;6;0.8725636546021837;0.9847388047835883
0.31757784099518527;0.2581909145296737;0;8;6;0.8780362789556643;0.38947441356591217
0.501936234123346;0.33582336182235495;0;8;6;0.8713426909247566;0.27570611420856184
0.6701699678592566;0.9314471611519985;0;8;6;0.876522700249258;0.5887104352878302
0.38682778754085123;0.8244682154343584;0;9;6;0.8672943474764409;0.44435922625018454
0.5550615212767619;0.42009201476400204;0;7;5;0.8835728297342489;0.3030894569363586
0.7456906086569483;0.6296167248042588;0;8;6;0.8731807316146303;0.6960898982633147
0.9498464691342795;0.23793762121295448;0;8;6;0.8790416800819448;0.03462490521171058
0.6657876346382344;0.48731385696220153;0;7;6;0.8837947149176858;0.10061066913121686
0.8347380225517849;0.726582474824958;0;7;6;0.8783632242665497;0.9705385766395288
0.012918867656893873;0.1268739361986556;0;8;6;0.8820430332268294;0.9899848607145785
0.1972772607850546;0.20450638349133676;0;8;6;0.8751279260209102;0.3468840415580263
0.3479530565757579;0.030831853088233552;0;7;6;0.8758764559211625;0.23195116426085027
0.5156493145795998;0.6437220273421715;0;9;6;0.8713628083783256;0.3340382184661871
0.23687575994016452;0.8899788798668674;0;9;6;0.8791074333331317;0.7310698246412057
0.40457203284516763;0.5028690541208054;0;8;6;0.8724213915723659;0.10543736165765605
0.664537069185295;0.48503104129920716;0;8;6;0.8696106867545312;0.6130087589338771
0.5241666820502877;0.7851956653646627;0;6;6;0.8831995055575015;0.9536937135140311
0.7090625509105171;0.8455617526342106;0;8;6;0.8763189294180189;0.05397766211177213
0.8767588089143591;0.4584519119869874;0;7;7;0.8826170686089622;1.3927033632421537E-4
0.06165467777458844;0.5188179992565354;0;8;7;0.8873667098890241;0.2455132456831539
0.7621878529650942;0.9298303906746965;0;8;6;0.8678849796224851;0.08310229733824415
0.9340048575892036;0.7436783422745492;0;7;6;0.8787081924637349;0.8488114211404812
0.11477996492800435;0.6030866521981826;0;8;7;0.8773748726948579;0.23804945783715092
0.29241976984427576;0.39654883074802827;0;9;5;0.8706565975346569;0.11935419081084953
0.009615050356777899;0.27230352500725485;0;7;6;0.8732701136905093;0.4870927064864543
0.18483616232467637;0.6434644056175869;0;8;6;0.8802614535290543;0.8617289739183583
0.36991117982815447;0.36474170124570326;0;8;7;0.8713742529098414;0.9327312872790207
0.5605402672083409;0.5742664261871212;0;9;6;0.8865585264143103;0.5040846083419579
0.052384219864220705;0.03661410782641539;0;7;6;0.8743856350261511;0.8400217587975707
0.23728008872445017;0.09698020999712453;0;7;6;0.8831263103546511;0.23535131130069487
0.4055138522626831;0.6926039944256069;0;8;6;0.8718272107843952;0.05108251484590032
0.5898722155885215;0.7702364566194494;0;8;6;0.867787315529679;0.17905855220686206
0.31423402297626024;0.08243944051793295;0;7;6;0.8722959993678121;0.5164289961165933
0.482378189841127;0.8476076356682922;0;8;6;0.8786869037589682;0.09817374315066252
0.6730072772213135;0.057132360609710164;0;7;7;0.8734194126896944;0.4123426272685955
0.8453617575774915;0.853713907482946;0;7;6;0.8664516013385993;0.6544338209122311
0.5215288099375344;0.3808020962462404;0;8;6;0.8686069923357561;0.14149111156280314
0.7129641034652432;0.06442724390005539;0;8;6;0.8756997309222845;0.5260708961048143
0.8783312502929171;0.08547172439376405;0;8;6;0.8717229843936296;0.9956633950391529
0.0689603376731035;0.2949964493351819;0;7;6;0.8793826839497542;0.48746848981426594
0.7702101521400878;0.34965368908877825;0;7;5;0.8773297735840605;0.5989615704964801
0.030085606708010193;0.501360086989057;0;8;6;0.8817724122455622;0.9522774953528903
0.21910222218850706;0.7626839367033582;0;7;6;0.8792373735228467;0.3582672191437615
0.394771213215108;0.28612283821011153;0;8;6;0.8806401297816158;0.12616197984892974
0.11537061597256026;0.7191904763809787;0;8;6;0.8750563876468052;0.5119959390041329
0.2843210038861106;0.9584590793425739;0;7;6;0.8721437859526584;0.3654947674335678
0.45246517075097736;0.7236272744929333;0;7;6;0.8763644444810488;0.2551305605188453
0.6430942283288414;0.9331519994343512;0;8;6;0.8857907561808179;0.628423116268836
0.3477481501396147;0.5451221681984268;0;7;6;0.8799049462128383;0.6407924850431764
0.8339956254824118;0.2581391648594459;0;8;6;0.8772368681312119;0.5298908023963852
0.024624712862598153;0.4676638898008638;0;8;6;0.8792864871499303;0.6569710369364585
0.7295473650888251;0.5710008860039534;0;8;6;0.8792466596467381;0.7436929041118959
0.8977811137258969;0.16662467043243578;0;8;6;0.8716008365843411;0.5986607152666222
0.06664191986724233;0.575437684115908;0;8;6;0.8725681434519744;0.9765219115967441
0.2549418811700994;0.1931167152970965;0;7;6;0.8765949487343724;0.4020756806464909
0.14869842087564444;0.2727706951077725;0;9;6;0.8743397982988679;0.792478265480664
0.8523669431921629;0.7497292178997215;0;8;6;0.8653121331312051;0.17123527953283557
0.04353350630441799;0.9419875679168449;0;7;6;0.8767862241511416;0.7332721409899393
0.21248390911912962;0.18125620068076254;0;7;6;0.8785471711134133;0.051740920371388555
0.397379777979359;0.2416222730491493;0;8;6;0.8757010101550011;0.23830316853350053
0.8422945756807476;0.8736495083053701;0;8;6;0.8811229256733404;0.7982796492298899
0.10297626619851474;0.4994563587203683;0;7;6;0.8693519122402512;0.17157221988104177
0.29127622750137194;0.1171353750003955;0;8;6;0.8750929429212211;0.6377605965704302
0.4597787214550586;0.20412597196673077;0;7;6;0.8837635034483511;0.12499705076541212
0.16102853592204291;0.25878321172032714;0;7;6;0.8791114708941545;0.25619803192575297
0.33212888636851257;0.4289863149847445;0;7;6;0.8752708996527975;0.7036639225324306
0.5239225218862025;0.43443387935569655;0;7;6;0.8854542494285178;0.2097124594834895
0.7810209415157706;0.8420165775004856;0;7;6;0.8794423495782407;0.5268375122818642
0.4319260682244621;0.1806245069149096;0;8;6;0.8734689649934125;0.7339138819707863
0.895061565547666;0.6360957594310415;0;7;6;0.8757375370862872;0.11320837175502652
0.9815075435917894;0.025753345405512107;0;8;6;0.8748658257737123;0.944885056246911
0.6820407187822951;0.43676575172483445;0;8;6;0.8782180617099573;0.28225550015664225
0.8726697912613203;0.6462904766662524;0;7;6;0.8830291113100731;0.7556104037212672
0.1333514817790874;0.2720972972789282;0;8;6;0.8713393654086562;0.02632174970605794
0.2613631935100611;0.9931550287261978;0;8;6;0.8753413241815697;0.4470028245338997
0.34485656733051173;0.6018733345324344;0;8;6;0.8735565336261706;0.9373746109537332
0.5369189481648166;0.09868771144123922;0;8;6;0.8837985157088476;0.3284042681933411
0.23521259395135907;0.7483100281796163;0;8;5;0.8811959135159345;0.395644176923717
0.42584166643038435;0.957834738219873;0;7;6;0.8738140186959409;0.2840258251981249
0.5940754150674561;0.5534585375495167;0;8;6;0.8804125664061162;0.6584829439867802
0.7608758553492484;0.8617926551094509;0;7;6;0.8759264021832397;0.7365154239618188
0.47350251018278045;0.38431156602750294;0;7;6;0.8609048621554566;0.6588483999891379
0.8964159855010474;0.9652167506612609;0;6;6;0.8793323813060966;0.8730912667509744
0.15709766111765333;0.5910235712739367;0;7;6;0.8821065174998026;0.3619437573024148
0.8607661834341719;0.0679821089670467;0;8;6;0.8806305496203002;0.762916946553291
0.05193274654642688;0.26024045898417014;0;7;6;0.862197765744613;0.08514813056502668
0.22419764513040008;0.22636640167812172;0;8;6;0.8757307510172333;0.24089439810024027
0.3931480479451116;0.46563503444203935;0;7;6;0.8732600422908213;0.7462262808736594
0.28332133166361895;0.3270648619825064;0;7;6;0.8733912130920144;0.18876518891022476
0.7486606691196128;0.3029697607085703;0;8;7;0.8742744742834744;0.5792573555166028
0.9176110868354856;0.5422383785713267;0;8;6;0.8790526632169146;0.06506050135630526
0.0887114372819553;0.7124414818357441;0;7;6;0.8728686829121685;0.227872228929893
0.25757224342330065;0.12125451042037749;0;9;6;0.8761756466381101;0.8458974148930415
0.9781716312795917;0.5543221485912447;0;8;6;0.8782601502668524;0.21336718525203135
0.23885330689619766;0.18012896920392052;0;7;6;0.881787756664335;0.6294796045985807
0.4294823942763841;0.38965369414533835;0;7;6;0.8757242354055045;0.9437380704887187
0.5979848733289096;0.4766443060128348;0;6;6;0.8604652981594426;0.5623475255737522
0.2956514467100173;0.3130773785950609;0;8;6;0.8753513246763576;0.642619534952754
0.4875346639999122;0.14898054714529718;0;9;6;0.8766172650971609;0.015912075801583492
0.658545432674177;0.4887280611315915;0;8;6;0.8771901783062696;0.9021437764442332
0.8598346913421103;0.5224696238031911;0;7;6;0.8710273654414605;0.9235608595077922
0.5632344534408527;0.5080613489584483;0;7;5;0.8802765816048951;0.05243272949196498
0.7481303223010821;0.5684274213268351;0;8;6;0.8782674047288069;0.9017569188001006
0.9169911582447499;0.9772404350103073;0;7;6;0.8743223401409363;7.514291629743264E-4
0.10762023072377513;0.18676515995172527;0;8;6;0.8779066115177416;0.5217635971220653
0.8970180769067773;0.4097364650861931;0;7;6;0.8732163885562377;0.6609373113051651
0.08890129419667203;0.24563963363642938;0;8;6;0.8778951290782211;0.504528311895666
0.2679743776659007;0.32639146415366194;0;7;6;0.8736075676858621;0.9055014862453811
0.43683519870840726;0.7352044927382954;0;7;6;0.877189875121668;0.6503774300610912
0.15743457166353714;0.1682721309091625;0;8;7;0.8694913512593616;0.982910473172915
0.32638498937940996;0.4075407487719189;0;8;6;0.8730931795018516;0.7692118301106711
0.49488746843193543;0.4945313457382542;0;7;6;0.8775705503529736;0.7077590473024453
0.6889206333535884;0.26136901459131257;0;6;6;0.8691082214468085;0.8691021730967557
0.4749143870939627;0.9270273609129788;0;7;6;0.8709503921359861;0.19805196022154192
0.6667976192850188;0.762930529463215;0;8;6;0.8742526129709958;0.08258162209345832
0.8378083730581224;0.10267804344950937;0;7;6;0.8769254829436679;0.8511573626062545
0.9892008379276266;0.5726483315795189;0;8;6;0.8680623297204524;0.23000395843063104
0.6717281514107388;0.062084387269673025;0;8;6;0.8732927284020461;0.10244012575835981
0.8656717494613481;0.998466437042286;0;8;6;0.8774152700231038;0.45647270479240987
0.9983416984458191;0.9032155560100146;0;7;6;0.8774899277470075;0.5907194364053973
0.18270009157397982;0.980848018203857;0;7;6;0.8830805291691034;0.0693560702710243
0.6248378692381755;0.8687515537045883;0;7;6;0.8741783219270916;0.4636106713100112
0.8883861466641794;0.06913769315319906;0;7;6;0.8775317986217931;0.8127162528727878
0.0794631429053907;0.4309404389910383;0;8;6;0.875711859986124;0.22999325015916294
0.2484135457201022;0.6702090568537947;0;8;6;0.8688421197787852;0.8294322804981386
0.8969895314503032;0.41697130740915034;0;8;6;0.8741408907957341;0.16734021504109953
0.15641707715720077;0.4163996844130078;0;6;6;0.869993239666402;0.19377384754581461
0.32904031773115494;0.7043480438240963;0;7;6;0.8725068582605918;0.799350806135047
0.5139361865913844;0.7647141310936443;0;8;6;0.877331405820769;0.6600518358097305
0.21446934688072883;0.17572653741296662;0;7;6;0.8657024723395914;0.6557943628837498
0.38628633660367717;0.989574474111658;0;7;6;0.8784460866531832;0.0693985075097211
0.5773633328448885;0.351377205048336;0;8;6;0.8696507714920078;0.35024313628017767
0.8380450084614943;0.9771840554633342;0;8;6;0.8691632253111359;0.1673180366061352
0.5357115818426021;0.8136171280455604;0;7;6;0.8735120966611838;0.38281504817884127
0.6555714119075682;0.9632149089802852;0;6;6;0.8871565805770727;0.7201854920885725
0.918671780472547;0.0113230424336358;0;8;6;0.8714479029074792;0.117754588896821
0.0869055291096189;0.6069468268621182;0;7;6;0.8701950282230696;0.934560773708486
0.8158359770774888;0.2723856239040988;0;8;5;0.8709727474329513;0.27614153110952855
0.0064650495565139465;0.48191033394435545;0;7;6;0.8766843668876254;0.28810973970917697
0.1188896372319509;0.7036930127019707;0;6;6;0.8730981516578662;0.6037119321823895
0.28703380409681767;0.4688611929511688;0;7;6;0.8751185363094508;0.48035842790259076
0.008349831229587323;0.5455736645563101;0;7;7;0.876297325750846;0.9916958091670284
0.2683148675697147;0.5277356517347118;0;8;6;0.8671746724711079;0.0032161238068131315
0.43968394843163805;0.1893055824381431;0;8;6;0.8682557113582173;0.7914494218523118
0.6086343661475109;0.42857421520206085;0;8;6;0.8733538990308015;0.13356766988658408
0.33210034091203866;0.4362211573077017;0;8;6;0.8705120902060577;0.41727890046643856
0.4980945452439861;0.2704548670564002;0;8;6;0.879376376463134;0.46126204832097784
0.6887236326241726;0.47997957709665695;0;7;6;0.8721512963591886;0.277620324271618
0.5817635330532389;0.9159887383742201;0;9;6;0.8743490157714578;0.8558749615476234
0.7507139209667893;0.15525735623697656;0;8;6;0.8757378456434424;0.24144017538621165
0.47158205413969523;0.07969180694569655;0;8;6;0.8810641991968173;0.5979810142396785
0.6623902901631304;0.9501277253445217;0;8;6;0.8761147548085619;0.6769560606230998
0.831340692977842;0.18939634320727816;0;8;6;0.8798529547965194;0.532640540856627
0.022507256090097072;0.3816546932244016;0;7;6;0.8730249139578129;0.4392789589700373
0.8745577564451484;0.10598496182402117;0;7;6;0.8701771167314816;0.926787708037242
0.07074086899855958;0.8037571160787406;0;7;7;0.8728933359417067;0.26442689726358803
0.7879361793133841;0.6795118103379673;0;8;6;0.873202886616021;0.6375870530566627
0.9556324224160648;0.29240196969074406;0;7;6;0.8674648142926153;0.9209399416465361
0.14706773084493485;0.9760271173445592;0;7;6;0.8795494670154039;0.7997363998996567
0.3124348925737699;0.9970715978382677;0;6;6;0.8764411694497224;0.14740868800831497
0.6891279614084582;0.6869808923257529;0;7;7;0.8720407230594265;0.9429369376808606
0.4013962891531704;0.8876773716255068;0;8;6;0.8689344051022442;0.7884987223587098
0.5698987831068572;0.9746679834930031;0;7;5;0.8691280640460349;0.21760043907033522
0.7547946519670865;0.03503407076255105;0;6;6;0.8799917261769327;0.5537167381691969
0.849302959707335;0.16569600307028232;0;8;6;0.8714106631568349;0.8387716953321259
0.5492986293634496;0.5939747694127379;0;8;6;0.8806691618116178;0.4376732350378716
0.8136531427392982;0.26846136137606813;0;7;6;0.879376223002493;0.6342218333959628
0.9972948816898193;0.7024489901356366;0;7;6;0.8793780923253675;0.7995136562785076
0.1662452696033696;0.9417176228995542;0;8;6;0.8861361267810337;0.35022045585771866
0.8868446723608219;0.3747852461692601;0;8;7;0.881581955469319;0.40066188410407666
0.05570547850216723;0.7835982598527323;0;8;6;0.885505392743043;0.7254013428363905
0.2360327067822655;0.49072854887994444;0;7;6;0.8764663679383546;0.6222036627969044
0.4266617792612907;0.7002532887225236;0;8;6;0.8643258020990338;0.9524075947325602
0.1243283526423985;0.5366863464035886;0;8;6;0.8759796680690581;0.15491529403902893
0.31155333267879604;0.18889814233452717;0;8;5;0.8698556464830373;0.4963169027968227
0.4964492164401866;0.24926421470291393;0;8;6;0.8716891392495609;0.9906302722925138
0.7604454027272153;0.6019283899491071;0;7;5;0.8761814195275379;0.3698351952057102
0.3930759224118985;0.5275931710976713;0;8;6;0.8702824902982574;0.6028786894612885
0.5837049948909236;0.7371178960390893;0;8;6;0.870680871253413;0.0670031358343548
0.8473428689902937;0.7679596396669842;0;7;6;0.8806570913856792;0.5442100407026325
0.01629327180500517;0.007228257529740656;0;7;6;0.8776474212180048;0.8136778291065411
0.4555644476598031;0.32055247419453703;0;7;6;0.8781855130380924;0.7170195588333733
0.6473580831774929;0.3260000385654891;0;8;6;0.8770260717526063;0.8366645509839175
0.8155918318145647;0.9216238378951327;0;7;6;0.8653655358424275;0.17063088754985978
0.07914012414172966;0.12200999224490461;0;7;6;0.8723888550200026;0.5322778725178487
0.7963354046542318;0.9977646865041313;0;8;6;0.8699138706802778;0.2319116655295358
0.9648378986079186;0.08475528347046646;0;8;6;0.8788544216441352;0.7729004792833684
0.13593824905438823;0.2549584016360451;0;8;6;0.871749721803898;0.0070304100677415216
0.3053365458289634;0.6465050403952228;0;7;6;0.871824064146716;0.5661146524000112
0.032385791481690074;0.8723761347710728;0;7;6;0.8774353251370356;0.06526898715037865
0.9254256919107565;0.30838529604863596;0;6;6;0.8784910237018757;0.6017787271951238
0.09106156915388408;0.8207965741790362;0;7;6;0.8763183963332558;0.9008551150025553
0.26628265131946016;0.1919574547893681;0;7;6;0.8645769161310675;0.46612046981464583
0.45520969992891325;0.6228257003243852;0;7;6;0.8756029516323119;0.9343692421659098
0.15574286021825778;0.033838106643707566;0;7;6;0.8724908376438288;0.1013052659153727
0.4164245358348637;0.6596449421575445;0;8;6;0.8756222405719866;0.7812311584489331
0.5191743368156472;0.19222241425594366;0;8;6;0.8688004171342787;0.3336863943415185
0.5743600047297774;0.37696993351880637;0;6;6;0.8804309306815555;0.8385739178095205
0.6638517481277086;0.0021180764901028715;0;9;6;0.885694757425297;0.4333115266654348
0.8487476318890993;0.06248414885848963;0;7;5;0.8767299169543922;0.7645476216828394
0.02056462161204753;0.8763321004583422;0;8;6;0.8684439607517479;0.017356854320359383
0.7377599319268721;0.7520867798164077;0;6;6;0.8664138949292298;0.48685975658133174
0.9297327160878107;0.4184455674470895;0;7;6;0.8740021176197064;0.7415038088925151
0.2827763162696758;0.8680754778128208;0;7;6;0.8730505729995188;0.7536940141224455
0.48603637392611854;0.17184031752751272;0;7;7;0.8771639177639459;0.12886778708874058
0.6479994283111647;0.6355718392084196;0;8;6;0.8732712528339339;0.9460322840880644
0.3525637534485717;0.41708641869437224;0;7;6;0.8722017298838657;0.06854386314684524
0.5444469707384666;0.2529896021457697;0;7;7;0.8678907102847806;0.11934361848202324
0.7318511292204353;0.5661125915341156;0;7;6;0.8769557183530261;0.9846132887368378
0.9167469980806646;0.6264786639025024;0;8;6;0.8704065193788106;0.3821823855450863
0.3926569399533617;0.5961447812783025;0;8;6;0.8762181870271845;0.6468127731510876
0.5546199943384078;0.059876332761531814;0;7;6;0.8766690894524286;0.16978516776986174
0.7452490668174331;0.26940105770294964;0;7;6;0.8656022492252833;0.5238177319027506
0.9301449505788236;0.3297671300713364;0;8;6;0.8677361084697944;0.3122266141347291
0.6431299176000145;0.1741084577065255;0;8;6;0.8786946791890192;0.721889190586004
0.8142302680464842;0.34431156097094284;0;8;6;0.8773591544955728;0.5432283416077883
0.9957220444640859;0.8473647043288504;0;8;6;0.8631481341769232;0.2922214377846747
0.8916285467025502;0.8579531695411873;0;8;6;0.8806358207491237;0.6994692666903597
0.08306385513142012;0.5415783320961636;0;8;6;0.8657873104146133;0.20898291749861608
0.7877177620410322;0.1535485008602392;0;8;7;0.8749543984597672;0.8536280284244276
0.9496808164260783;0.6172800225411461;0;8;6;0.8729925039454253;0.243908936474314
0.14147445194376818;0.6227276018132594;0;8;6;0.8761180124754135;0.5670657475440963
0.3252057726664942;0.887170834752112;0;7;6;0.8626014251685916;0.27821985519556813
0.026366005361273426;0.11137247032642406;0;6;6;0.8763548866496594;0.57930986017622
0.5589270334166232;0.16993658925882404;0;8;7;0.8699750588056867;0.8914183635334386
0.72707120028149;0.9351047844091834;0;7;7;0.8691487021852708;0.0872970564002229
0.44381858683412845;0.6585814577719887;0;7;6;0.870993810258631;0.9147634124996349
0.6287144705955191;0.7189475301403755;0;8;5;0.8810423229970562;0.938509606739362
0.8206872547564577;0.3853063177710573;0;8;6;0.8725761205901661;0.25984498793020916
0.993041750013797;0.18188787954545427;0;8;6;0.8768474659879887;0.1189335308040419
0.6938436556197564;0.08426708350146817;0;8;5;0.8687285270062883;0.17954443309473345
0.5897501429570595;0.09485556361496639;0;8;6;0.8698596196922583;0.5248875951260623
0.7816333751481156;0.9307587321652027;0;7;6;0.8709874470335264;0.8622580390357936
0.9497775420129824;0.6959269273155619;0;8;6;0.8811985040579161;0.7392628767459759
0.1158613132159736;0.36061622634238344;0;9;6;0.8772199507604709;0.14525260053684697
0.8514207974258502;0.4797696879479153;0;8;6;0.870856130726815;0.24481989495694834
0.01911705542969222;0.09265984730069221;0;7;6;0.8699706168651539;0.6662176537647523
0.187261222294559;0.8578280424510515;0;7;6;0.8679158581039034;0.47128865621988836
0.3762778228738948;0.11915189216535282;0;7;6;0.8803050859693604;0.4949452686874105
0.168542285767456;0.9167025012345945;0;7;6;0.8688735265946606;0.6123507165328304
0.33991138153054057;0.5782724319380259;0;9;6;0.874974640637808;0.2572538794049499
0.5317945988204354;0.414175585587101;0;7;6;0.8736100810790027;0.7476256658247835
0.700028332556346;0.009799384916744591;0;8;6;0.8769620083733907;0.15236125970594616
0.14619727506860425;0.26820507868294496;0;8;6;0.8787722352679329;0.4416265303601865
0.3310931588299949;0.3285711659524929;0;7;6;0.8688363910993573;0.08415419941465807
0.5905207045368924;0.32799955785751156;0;7;6;0.873929727212806;0.46506116109858775
0.7594710924504428;0.567268175720268;0;9;6;0.877248534659298;0.8144355028791405
0.48804322823065394;0.9108845411439503;0;8;6;0.8616455929644393;0.834150532270805
0.6786723007096792;0.12040925118420698;0;8;6;0.8803323953436798;0.8752326827266186
0.8509372141948135;0.08653520877931975;0;7;6;0.8782524020309764;0.24368785257986314
0.019887602108363933;0.3258038415432374;0;7;6;0.8784735380878559;0.04159235796208505
0.7178229208060866;0.6536037266633163;0;7;6;0.8747561956482564;0.4463279667444089
0.9089894839183417;0.8458620617792786;0;8;6;0.8672791733643415;0.3933489415278094
0.10508302960070903;0.7131786118547137;0;8;6;0.872195964829705;0.1938513183039755
0.27277927270338975;0.32606878610865175;0;8;6;0.8748960924236212;0.4125803876884373
