0.3547084346494882;0.6290084451358328;25;33;6;0.8772104050422082;0.028766556115371267
0.37450591689981994;0.1596968793506861;25;32;6;0.8758586231101788;0.2825147907045049
0.3862410694540265;0.9493809672322787;25;33;5;0.869443349893642;0.8340741939738794
0.32541532924891314;0.07002602752149323;25;33;6;0.8778242700207649;0.11241053312259675
0.3371504967042809;0.859710115403086;25;32;6;0.875545203409541;0.6710468814950028
0.3422566279176419;0.1956795387211273;25;33;6;0.870468117940992;0.8747513747948595
0.26512709457819084;0.17340472778757443;25;33;6;0.876025002314855;0.7150314291717067
0.2765039349447387;0.6412663989520301;25;33;6;0.8743847327034945;0.9745557004655082
0.28205797501912455;0.12951384316649273;25;33;6;0.8774929053710842;0.5967051975056933
0.2966597293827291;0.4937772349828592;25;33;6;0.8761339878049326;0.038839410713120026
0.11552984451071624;0.9366421660902351;25;32;6;0.8687706596097878;0.42601706664907535
0.09044708240377486;0.40907311509993316;25;31;6;0.8783931463085288;0.9896699495614764
0.1021822349579814;0.19875720298152588;25;31;6;0.8736710974783025;0.5663121447401147
0.04135649475286807;0.3194022781719015;25;33;6;0.8791152368113756;0.8255248376314291
0.05309164730707461;0.1090863660534942;25;33;5;0.8716889921477159;0.3665136662864229
0.061512304092019576;0.1719131142027306;25;32;6;0.8751195457645407;0.5670933996902544
0.9811578418543507;0.2532365677161058;25;32;6;0.8842120662908173;0.09849700852163856
0.9928930093097185;0.042920670498859614;25;32;6;0.8696802176247652;0.3815383336101861
8.657423324773816E-4;0.9534693828505136;25;33;6;0.8763392437789804;0.008973140309303185
0.012600894886683922;0.7431534856332674;25;33;6;0.8688302512894692;0.5293146706873814
0.29988823763887706;0.014274613382916357;25;33;5;0.8766597621422119;0.08893638875171983
0.3318687664032789;0.4869251414746224;25;32;7;0.8703848619739589;0.6671910558300477
0.2522309583432498;0.21189344332343274;25;33;7;0.884443398931631;0.9262673884605019
0.26396612579861756;0.001577531205025462;25;33;6;0.8748808492778749;0.29467974012903553
0.2719388588213765;0.9121262584578407;25;33;6;0.876838809201604;0.8114816094979764
0.283674011375583;0.7018103463394333;25;32;6;0.8786348412961464;0.18450540503019097
0.22544614256441387;0.9056679278278912;25;34;6;0.8840110683308546;0.9527584928241791
0.2346730203980425;0.44259511359068593;25;32;6;0.8686172065961262;0.37997902212182255
0.24640817295224904;0.23227920147227854;25;32;6;0.8725776614410135;0.7337000227533855
0.16551623498251156;0.33086904481110935;25;33;6;0.8744808047821353;0.3112380207529124
0.1743847857273202;0.5459737989556058;25;32;6;0.8746050232691467;0.5698664743246642
0.18576161119270684;0.013835485021222782;25;32;6;0.8735216951620716;0.1607520818769259
0.19695927311368355;0.8207859478271099;25;33;6;0.87494520220842;0.47228029131736504
0.4835299616882368;0.448262257043646;25;34;6;0.8707146297101914;0.7921823641529326
0.49239852733420664;0.6633670260893036;25;33;6;0.8751852628878819;0.3572685554206132
0.5036857710273883;0.3007730930744751;25;31;7;0.8713104787474393;0.6893536896714122
0.5150625964927751;0.7686347642389307;25;32;6;0.8811349300101078;0.18477734875872187
0.4321998595345281;0.5972013305346691;25;32;6;0.86465384511376;0.8207223642126666
0.4659720237430295;0.678963927310899;25;33;6;0.8770796578209311;0.2723090014396118
0.4777071911983972;0.4686480151924918;25;33;6;0.8845608618147041;0.8726006652710732
0.39394863651810064;0.9926585396953875;25;32;6;0.8656759906775732;0.1395173607696929
0.4300498970016088;0.666266830231847;25;33;7;0.8717336736967372;0.4144496074757824
0.3504121038427409;0.3912351171794961;25;32;6;0.8719106495718787;0.9203225304380391
0.35802650977667994;0.9799614277151742;25;33;6;0.8805732023066122;0.5321701832792971
0.3701199894197065;0.09146793231390393;25;32;7;0.8735548648257301;0.6057703531327424
0.3818551568750742;0.8811520201954967;25;33;6;0.8763996772272793;0.1588526614307627
0.6647529927892236;0.45994857296253944;25;33;6;0.8727753125388911;0.4800088790771999
0.6768464873334112;0.5714550775612691;25;32;6;0.8811528215614318;0.10959361850691396
0.6885816398876178;0.36113916544286184;25;31;7;0.8832738885370477;0.8055545737593583
0.6965543729103767;0.27168790759683814;25;32;6;0.8775951777123827;0.1564985543537284
0.6165582526626889;0.6748337778273503;25;34;6;0.8746056864170793;0.7112829014224819
0.6474638001606311;0.18201707066880646;25;33;7;0.8740031515121761;0.9793173963722722
0.6591989676159989;0.9717011585503992;25;32;6;0.8741058878240093;0.6137395216987325
0.57884450537833;0.05302461206377429;25;31;6;0.8785491558927224;0.5687225510357462
0.5872651621632751;0.11585136021301068;25;32;6;0.8697146625766462;0.23037743080438955
0.5990002998163204;0.9055354480946034;25;33;6;0.8750278553104864;0.7990468631579466
0.6103771401828683;0.37339711925905905;25;32;6;0.8744582983905999;0.03644454102524841
0.5269769125913916;0.21923006047909188;25;32;6;0.8815236414167937;0.3968841447698619
0.5383537380567782;0.6870917316435475;25;32;7;0.8774117101186718;0.18341182468669714
0.5834167253163913;0.030356038251934114;25;32;6;0.8732513182178703;0.42340735904678195
0.5922852611600388;0.24546082219875298;25;33;6;0.8754655498428772;0.11184705459426114
0.6031246108933569;0.7305888533863419;25;33;6;0.8757443408441362;0.10401778094357794
0.5198139799752463;0.4068773987856591;25;33;6;0.8733833221952091;0.4419257154865389
0.5315491325294529;0.1965614866672517;25;33;6;0.8829033629097464;0.2486091898413646
0.5429259579948396;0.6644231578317074;25;33;6;0.878852359572244;0.8474675453175464
0.5512570181064184;0.8967943167028207;25;33;6;0.8773446591248494;0.13162666985726446
0.4709025707699107;0.9781177702161958;25;33;6;0.873227439890028;0.4866914119730632
0.48263772332411725;0.7678018580977886;25;31;6;0.8768442786419655;0.7232828538905203
0.5135432857232206;0.2749851360380836;25;33;6;0.8650476862249735;0.3052103289257684
0.43354715057437165;0.6781310211697569;25;33;7;0.8732187350111569;0.9556675318722738
0.4456406302173981;0.7896375257684866;25;34;6;0.8747904394629235;0.8124257145915768
0.4533446179235422;0.20881944048344903;25;32;6;0.873192652877177;0.3096092354522736
0.46507977047774873;0.9985035283650416;25;32;6;0.8707018320155416;0.8992407279959881
0.7523671132299418;0.26962467101585175;25;32;6;0.8765504637509087;0.6820955701535807
0.759981534065042;0.8583509815515299;25;33;6;0.8663169231590366;0.9981924201741509
0.7720749988069072;0.9698574861502596;25;32;6;0.8792106408455567;0.5529767672429043
0.783810166262275;0.7595415740318523;25;33;5;0.8739896305303324;0.8798661736069763
0.7000516115819784;0.28355208363358686;25;32;6;0.8840677143986652;0.4302610436400085
0.7117867641361849;0.07323618641634078;25;33;6;0.8814936214540372;0.5036820499490439
0.7231636045027328;0.5410978575807964;25;33;6;0.8725801805895046;0.09913631298259795
0.6627857731586443;0.8140209387664322;25;32;6;0.8672938090362609;0.4420607969667151
0.6976329186336053;0.8612508005952344;25;32;6;0.8739895876967892;0.1471590482805829
0.6179951254747375;0.5862190726417223;25;32;6;0.8776321837373364;0.753363064374089
0.6268636613183849;0.8013238565885413;25;32;6;0.8696993700127097;0.7466087868910265
0.6377030110517029;0.28645190267729137;25;32;6;0.868699519079597;0.3696541016532613
0.6453174318868031;0.8751782281141307;25;33;6;0.8810433812582457;0.7301365235825857
0.9326047746389962;0.14629935586377962;25;33;6;0.8863577368527087;0.29665602320554574
0.9603749750109256;0.5875365024302869;25;32;6;0.8731610206663816;0.3350392652328751
0.9520439148993468;0.3551653733614959;25;34;6;0.8805893378952077;0.13939361351037138
0.964137379641212;0.4666718779602256;25;32;6;0.881826347374999;0.7913737065843613
0.8966826478975756;0.13360227368588873;25;33;6;0.8671296813422243;0.05340625259874088
0.9080594733629622;0.6014639299491832;25;33;6;0.8882106878361401;0.43346417504927615
0.916480115246746;0.6642906929995808;25;33;6;0.8780674152435374;0.9671073132846234
0.8364839949990582;0.06743656323009295;25;32;6;0.8721165800658995;0.2708847565302632
0.8478608204644449;0.5352982343945486;25;32;6;0.8643278033102912;0.49197862636206613
0.8791247099523682;0.3643039439531418;25;33;6;0.8771165082299426;0.8964026716430641
0.7987702477146993;0.4456273974665169;25;32;6;0.8788421616238129;0.7455476974067897
0.8099679096356761;0.25257786027240414;25;32;6;0.882398322332986;0.9704971329990142
0.8213447351010628;0.7204395314368598;25;32;6;0.8700484963796606;0.8149839364104036
0.8302133007470326;0.9355443004825175;25;35;7;0.878974620027824;0.7667570565683036
