0.6288230887501917;0.45562252431783923;19;27;6;0.8728663462294859;0.07408815473247454
0.5686244507528355;0.38945682876320464;19;28;6;0.8823227420229286;0.2186795487290999
0.5077987105477222;0.5101019039535803;19;27;6;0.8746658765705504;0.9111040264831618
0.5161297855604622;0.7424730479235325;19;26;6;0.874161780478832;0.9915551994065736
0.5275066110258488;0.21033471908798818;19;27;6;0.8815027432877653;0.6640458495506047
0.5330606511002347;0.6985821484012896;19;26;6;0.8698998780522952;0.7444970224740165
0.45593111776078366;0.6763073374677367;19;26;6;0.8711861255295098;0.41331481995764385
0.4673079432261703;0.1441690235333536;19;27;6;0.8747698992872396;0.32692273441455244
0.49570524580585695;0.39859539935485067;19;26;6;0.8749536625020903;0.8727453696083622
0.782275919479249;0.02607170857138663;19;26;5;0.874742863216343;0.10924722975361434
0.7906069795908278;0.2584428525413388;19;27;6;0.8754663556400591;0.7496677544598774
0.6516663363543311;0.22180148572719605;19;26;6;0.8751221525688688;0.8999028001054161
0.6634014889085377;0.011485573608788657;19;27;6;0.881999203659801;0.5431899266210772
0.6747783143739243;0.4793472298720832;19;26;7;0.8754209373249536;0.4418377447244003
0.9583032375946697;0.8713330267952769;19;26;6;0.8762891367094807;0.08297493850946436
0.9696800779612177;0.33919469795973256;19;26;6;0.8810400387479814;0.18062570738810235
0.981415215614263;0.12887878584132528;19;25;6;0.87621221227653;0.8485477020508413
0.921037414072497;0.40180188192812216;19;26;6;0.8747394550075425;0.9940349435718387
0.9324142395378836;0.8696635381914166;19;27;6;0.8798580306652519;0.26389633758740383
0.9407452996494624;0.10203469706252999;19;26;6;0.8784374220387187;0.8358767310557759
0.9521221251148491;0.5698963682269856;19;26;6;0.8708720562688784;0.9937261677340924
0.9002545472290718;0.7361018166423033;19;27;5;0.8709035163577221;0.6755332774839572
0.8365622052145606;0.2821675580955828;19;27;6;0.8760689556813368;0.8626758195628488
0.8482973577687671;0.07185164597717542;19;27;6;0.8679390765960916;0.16506315358393409
0.856270090791526;0.9824003732299906;19;27;5;0.8712380895917514;0.3951151559327506
0.6754985330083331;0.7470877061533424;19;25;6;0.8712246982802494;0.9562561996678046
0.6868753584737197;0.21494939221895926;19;26;6;0.8676734215975616;0.1803062679823716
0.6952960152586648;0.27777614036819565;19;26;6;0.8747061245390838;0.5222417731143038
0.7070311678128713;0.06746022824978837;19;27;6;0.871895997854624;0.12485898366516435
0.6266767204763637;0.14878369666432467;19;26;5;0.8806761317402044;0.04187099056470067
0.6579406099642869;0.9777893764205955;19;27;6;0.8870696191710117;0.6624940479217933
0.6693174354296736;0.44565106248621233;19;28;6;0.8673172705007173;0.8393347159994355
0.5893213002808246;0.8487969476178857;19;26;5;0.8688387614150652;0.45404540619332256
0.5972940333035835;0.7593456748707008;19;26;6;0.873655685218867;0.6216592113384974
0.6090291858577901;0.5490297627522935;19;26;6;0.8720260418293619;0.07597650086231678
0.6174498277415739;0.6118564960003687;19;26;6;0.865555208910199;0.24099244951470866
0.5370953804050662;0.6931799793160663;19;27;6;0.8765957286177185;0.8540010860367012
0.5488305329592728;0.48286405229649776;19;27;6;0.8774606265157999;0.0722283540591061
0.5596698677914297;0.9679920983852479;19;26;6;0.877943441413338;0.636325581375763
0.5685384185362383;0.18309688233206678;19;26;6;0.8734739058152408;0.5293183223701601
0.8558257612884314;0.4542180100817157;19;27;6;0.8730937897039823;0.04737432164880939
0.8290409455095954;0.14799249458617414;19;26;6;0.8813987340255951;0.6919155780741789
0.838267823343224;0.6849196803489688;19;28;6;0.8833537017258695;0.800047369597315
0.8487488459877222;0.8482253246217432;19;28;6;0.8773189786594121;0.4210287540432277
0.7691110230265319;0.5731935966682311;19;27;6;0.8740038960718004;0.3394740543968823
0.7779795886725017;0.78829838061505;19;26;6;0.8766836255599668;0.02817891590304633
0.7888189384058197;0.27342642670380013;19;26;6;0.8738045802701412;0.17832437977638005
0.8005540760588651;0.06311051458539285;19;27;6;0.8750241951566263;0.8105034112421081
0.739459605438298;0.6923887772379157;19;26;6;0.8673775505647736;0.9671882997829212
0.7515530999824857;0.8038952669354842;19;27;5;0.8699348707355157;0.6117295860106131
0.7632882525366923;0.5935793548170769;19;26;6;0.8685163038086586;0.6559435042345094
0.04645483376745663;0.6637427350231336;19;26;6;0.8786037301520189;0.8133450469529623
0.05819000122282436;0.45342682290472636;19;28;5;0.8719218525781636;0.4354013977641733
0.06956682668821101;0.921288494069182;19;26;6;0.8724540632506192;0.6459246631792731
0.07789788679978982;0.15365963803913418;19;27;6;0.8733609013481368;0.11139643039450531
0.997543424562121;0.2349830915525093;19;28;6;0.8733162432816065;0.49198826412034025
0.0059640813470659415;0.2978098397017457;19;27;6;0.8772470115677655;0.6542271927355392
0.017699233901272482;0.0874939275833384;19;27;6;0.8799578929528739;0.9760069183306422
0.9498861601676549;0.4326019214930257;19;27;6;0.8712695092022258;0.6050506026703576
0.9616213276230227;0.2222860093746184;19;28;6;0.8650638964958801;0.7574355959476544
0.9700419695068064;0.2851127575238548;19;26;6;0.8796908805363266;0.3985727599303961
0.9814187949721932;0.7529744286883104;19;28;6;0.8736203066564427;0.7350368137892512
0.9238179985664589;0.7700212394317582;19;25;5;0.8737994209669389;0.874074182612652
0.9351948240318455;0.2378829105962138;19;26;6;0.8723168645501659;0.7582455173957485
0.9440633747766541;0.4529876796418715;19;26;6;0.8812521390240086;0.905882691647343
0.23009657271797757;0.09773036378270195;19;26;6;0.8738935240964212;0.5306264807235421
0.2418317252721841;0.8874144516642947;19;27;6;0.8795521693501305;0.44441355872486055
0.2510586180069738;0.4243416374270894;19;26;6;0.8751210162026365;0.04568704269264656
0.26162920752251584;0.4181028709779867;19;27;6;0.8767784953590347;0.2567477987409761
0.18163307237366677;0.8212487412084989;19;27;6;0.8789483265453725;0.8970787416750343
0.1908599502072954;0.35817592697129363;19;27;6;0.870843921494158;0.05367404844364243
0.20134097285179353;0.5214815712440679;19;26;6;0.869653536886085;0.14563484263653215
0.21343445249481996;0.6329880758427976;19;26;6;0.8805746712890904;0.29864689341810247
0.1305717155365731;0.46155462723737484;19;26;6;0.8785851458609956;0.9727500005606621
0.16434386484391317;0.543317238914766;19;27;6;0.8793201874478659;0.1257620513422325
0.1760790322992809;0.33300132679635863;19;26;6;0.8785683626766397;0.7691387596300985
0.09572457006161206;0.41432478030973374;19;26;6;0.8713285415431035;0.6692198860887011
0.10414522684655703;0.47715152845897024;19;28;6;0.8742915176370168;0.2531145956556896
0.11588037940076368;0.26683561634056285;19;27;5;0.8759733941286697;0.44195917650531447
0.9754204104935513;0.7365446362267342;19;27;6;0.8764474948575334;0.39681020173258774
0.8954242902458636;0.13969049155608504;19;26;6;0.8746740253228396;0.4881006945869951
0.8689977866546864;0.15528740767884164;19;26;6;0.8711945021862741;0.1942739271673226
0.877866337399495;0.37039216182333823;19;27;6;0.8840104568459941;0.08968536111009273
0.8887056722316519;0.8555202228132495;19;26;6;0.8738989030163267;0.6691905787401988
0.8087095519839641;0.25866609304376165;19;27;6;0.865281954104396;0.8258754672810119
0.8200863774493508;0.7265277791093785;19;27;6;0.8805755571672998;0.50884712516838
0.8284174375609296;0.9588989081781695;19;27;6;0.8707925002788738;0.6529906252051418
0.8397942779274774;0.4267605942437863;19;26;6;0.8762403366857151;0.027311779580112217
0.12672327868968936;0.37605932017745947;19;27;5;0.8836216100502629;0.19644847485277162
0.13514393547463444;0.43888606832669586;19;28;6;0.8699992867865857;0.8455583867594336
0.1465207609400211;0.9067477394911515;19;26;6;0.8802171723807957;0.07104173362695765
0.08605336272488884;0.349215216497503;19;27;7;0.8795278278074256;0.6538614768286477
0.09743018819027549;0.8170769025631198;19;27;7;0.8768848310793554;0.5570779504132631
0.10916534074448203;0.6067609904447125;19;26;6;0.8729532372200987;0.1944527097657185
0.11713807376724095;0.5173097176975276;19;26;6;0.8781261496722482;0.3469272848152203
0.037141953519553184;0.9204555879280398;19;27;6;0.8756578076448192;0.9767772051047803
0.04923543316257961;0.031962092526769514;19;27;6;0.8725829208908817;0.13346209364559336
0.056939435769884805;0.45114402214289306;19;28;6;0.8788380997706992;0.1299327450607488
0.06867458832409146;0.2408281100244858;19;27;6;0.876384200553296;0.8163980771629498
0.004982261210741412;0.7868938514777652;19;28;6;0.8809063837054188;0.969678873261135
0.9966512010991626;0.5545227075078131;19;27;6;0.8700895156989218;0.6127868362323862
0.024690146787706868;0.4871266666121731;19;26;6;0.8656227833762056;0.8030647254372907
0.31161916245108;0.4364253925458462;19;26;6;0.8786350169413764;0.40344239168302687
0.32657922900234315;0.12251121598051085;19;26;6;0.8800743037937725;0.42364063826087517
0.33141662980025044;0.9671138118595383;19;27;6;0.8768647342098986;0.05976125280246092
0.3431517823544571;0.756797899741131;19;27;6;0.8703153759952311;0.16457854855633547
0.266380591004987;0.05634552042587626;19;26;6;0.8714255432952808;0.7817079167974343
0.27112839512952824;0.07049251212561947;19;27;6;0.8739161683588589;0.027615818320724905
0.28322187477255467;0.18199901672434915;19;27;7;0.8727351739654715;0.3824082357619786
0.2978236291361591;0.5462624234418768;19;26;6;0.8739127361726006;0.6071749433530241
0.23413130202280907;0.09232816489515627;19;26;6;0.8794313263236165;0.11564217325245607
0.24586645457701561;0.8820122676779102;19;26;7;0.8727082602865189;0.5700953973876379
0.2535704571843208;0.30119418239287254;19;27;6;0.8854094061075755;0.15775252648607407
0.17393264912429174;0.026162469340521688;19;26;6;0.8687304676923713;0.9747917524420198
0.18566780167849828;0.8158465572221144;19;27;6;0.871966859095591;0.4691086863944799
0.1936405347012572;0.7263952844749295;19;26;6;0.8761432296731797;0.046553538165032826
0.20537568725546385;0.5160793723565222;19;27;6;0.8666040501856044;0.2786659212745637
0.4919463907311783;0.1435556964742195;19;27;6;0.8723709251213289;0.5666734826611655
0.5002774508427571;0.3759268255430105;19;27;6;0.8787331588554473;0.2842235407068797
0.5116542763081438;0.8437885116086273;19;27;6;0.8649704599504618;0.9980650568210171
0.5233894288623503;0.63347259949022;19;27;6;0.8715360109181679;0.6957280657453558
0.463011612419423;0.9063956806758557;19;27;6;0.8773571730124801;0.039365624549182576
0.47438843788480967;0.3742573667414726;19;27;6;0.878382372022671;0.2532929824069101
0.4827194979963886;0.6066284958102636;19;26;6;0.8578615175466753;0.6267647017013107
0.4023650506598808;0.6879519642247999;19;27;5;0.8746942224439189;0.09029739889526234
0.41410020321408747;0.4776360670075538;19;26;6;0.8737811498262592;0.25871743999028196
0.4249395529474055;0.9627641130963039;19;28;6;0.8741844941889955;0.8717260765122744
0.4338080887910529;0.17786888214196162;19;27;6;0.8657640548386629;0.19834318800412354
0.35417029563218505;0.9028371690896108;19;27;6;0.8793545504987823;0.3680173739100129
0.36474088514772696;0.8965984026405082;19;27;6;0.887690628471911;0.5569983001193367
0.3736094507936968;0.11170317168616584;19;26;6;0.8772463447375921;0.19096898193032552
0.9564794922373274;0.6453601426855639;19;26;6;0.8752697262401694;0.5321878477857792
0.9682146596926952;0.4350442305671566;19;27;5;0.8777751497462519;0.7569545404756635
0.9774415375263237;0.9719714163299513;19;28;6;0.8754049521688921;0.32105178269348156
0.9879225601708219;0.1352770606027256;19;27;6;0.8792289184950512;0.5544182808115596
0.9082847521107927;0.8602453326492135;19;27;6;0.8689435264921136;0.9224687409345044
0.9171532879544403;0.07535011659603252;19;27;6;0.886164501897716;0.027286051589540117
0.9277238923711434;0.06911135014692982;19;26;6;0.8803532708637075;0.49759518980035733
0.9398173720141698;0.1806178398444983;19;26;6;0.8828892657066384;0.15754443653917605
0.856954635055923;0.009184406140236745;19;27;5;0.8816471436200854;0.3302643877988731
0.867793984789241;0.4943124522289869;19;27;6;0.8787880041147464;0.6969711064375821
0.8795291373434475;0.2839965401105795;19;26;6;0.8840250738352722;0.8470269885387108
0.8909059628088342;0.7518582261761964;19;27;5;0.8774376311142064;0.4275176056630716
0.8304385645937019;0.19432570318254783;19;28;6;0.8715331093189604;0.5581343177015274
0.8418153900590886;0.6621873743470036;19;27;6;0.8691384970876714;0.19228416305692608
0.8535505426132952;0.4518714622285962;19;27;7;0.8830869037904981;0.9376927244660906
0.1371650625074068;0.674312848429913;19;26;6;0.874460561746022;0.5936108361591692
0.14854188797279344;0.14217451959436866;19;27;6;0.8842432897036601;0.7703619373657676
0.15687294808437224;0.37454567846548203;19;26;6;0.8751507479422761;0.7126715591878283
0.1682497735497589;0.8424073347287765;19;27;5;0.8801494289547369;0.5492823402622018
0.03387778579455458;0.15900176615696948;19;26;6;0.8699891187304802;0.5104040448403394
0.33003366439039505;0.6452276629522762;19;26;6;0.8820872763597382;0.349211537133965
0.3405146870348933;0.8085333072250505;19;26;6;0.8810189571174055;0.05529517304092635
0.3526081666779197;0.9200398118237801;19;26;6;0.8796307670265923;0.11442598848768315
0.2685808815821694;0.952683508887662;19;26;6;0.8858957611272898;0.7830646373280618
0.28031603413637596;0.7423675967692547;19;27;6;0.8734198034101531;0.7516287281104276
0.2924094988782412;0.8538741162691456;19;27;6;0.8703677084354648;0.19250881140814602
0.23122544648546917;0.652696759841223;19;27;6;0.8736746252971572;0.535788058024314
0.2433189410296568;0.7642032644399527;19;27;6;0.8695255720787568;0.7049247383958122
0.25505409358386333;0.5538873672227066;19;27;6;0.8857565878125245;0.4587552353706058
0.2073968291893974;0.7515061673609006;19;28;6;0.8754133852616222;0.35762505010421086
0.5208419004138303;0.5156635962522625;19;27;6;0.8833475534905717;0.05609428007723327
0.5325770529680368;0.30534768413385527;19;26;6;0.8704837636517122;0.17179410979398968
0.47175134256524587;0.42599275932423086;19;27;6;0.8772920231908315;0.31441473460442815
0.4834864951194525;0.21567684720582359;19;27;6;0.8825904582666991;0.9710494855739853
0.49557995986131775;0.3271833369033921;19;27;6;0.8783607967956454;0.13463212587109763
0.41155267476556745;0.3598270488684351;19;27;6;0.8751317812905514;0.723991293740267
0.423287827319774;0.149511151651189;19;26;6;0.8687226078293528;0.9092879269280132
0.4479226954668517;0.5248021668439085;19;26;6;0.8804764607938971;0.09741586850115946
0.3667620270816605;0.13202518274372532;19;28;6;0.8763227064783778;0.6739649025496627
0.37563056292530794;0.3471299666905442;19;26;6;0.8721464632800586;0.8269769533312331
0.38772404256833437;0.458636471289274;19;26;6;0.8689195813199037;0.5353897153155238
0.3982050652128325;0.6219421006608871;19;26;6;0.8753883449190144;0.37097227871093164
0.21492521780790041;0.13387253146544087;19;27;6;0.8679244491910291;0.02751744790828381
0.22666038526326815;0.9235566193470336;19;27;6;0.87749853043403;0.18366484581586706
0.23749972009542497;0.40868466543578374;19;27;6;0.8868824171978859;0.835820537977498
0.2463682708402336;0.6237894344814414;19;27;6;0.8729236480709547;0.004957218348996206
0.16601380860256476;0.7051129028959777;19;27;6;0.8735577158302411;0.8723768511367301
0.20023388167209089;0.939153520568629;19;27;6;0.8717126035971748;0.7950324798828573
0.20910243241689952;0.15425828961428667;19;26;6;0.868351145652574;0.12021628301942688
0.12874797017923068;0.23558174312766178;19;26;6;0.8762777408049044;0.2973257262160064
0.1399456470013687;0.042532205933549005;19;27;6;0.8820167238932043;0.9117676710932785
0.15132247246675534;0.5103938770980047;19;26;6;0.8734344558913676;0.08018769728713693
0.16019102321156398;0.7254986610448235;19;26;6;0.8781286704073825;0.45083602880402585
0.0792990852418265;0.8240884894824931;19;27;6;0.874349209645728;0.5998169147375337
0.09103423779603304;0.6137725773640857;19;27;6;0.8751339811387603;0.5105043348840124
0.10026111562966156;0.1506997780280417;19;26;6;0.8774555483732992;0.6796410152555106
0.11083172004636466;0.1444609966777779;19;28;6;0.8796519502879352;0.32373437772101643
0.3977607208085766;0.09375972261145094;19;26;6;0.8898862841760623;0.005852655125031747
0.4286662832076801;0.600943000551746;19;26;6;0.8797475875124522;0.7050385392756939
0.4404014357618866;0.3906270884333386;19;26;6;0.8793241613041055;0.11944535539474099
0.36076362770185755;0.11559539028214894;19;26;6;0.8737693150489765;0.38300077663544396
0.36837804853695777;0.7043217008178271;19;26;6;0.8769750422735156;0.7453608364231427
0.380471513278823;0.8158282054165569;19;27;6;0.8748124185133382;0.9647526674842123
0.39220668073419074;0.6055122932981495;19;27;6;0.8736900053015388;0.041491748920439275
0.30817938073727924;0.6381560052631926;19;27;6;0.8687046908803866;0.5291796764332151
0.32027287528146686;0.7496625098619223;19;27;6;0.8731441084232168;0.14595073248665513
0.3320080278356734;0.5393465977435149;19;27;6;0.8724746152547745;0.983951988830436
0.3399807608584323;0.4498953249963301;19;26;6;0.865948122419912;0.6824212337046196
0.25998464061074456;0.8530412101280035;19;27;6;0.8767567261559277;0.8658013562520636
0.2713614660761312;0.32090288129245914;19;27;6;0.8776108967277871;0.49054514532826266
0.30262535556405457;0.14990857594989115;19;26;6;0.8760045458093697;0.31389788372094496
0.5891960292374466;0.7773848851664271;19;28;6;0.8778219513169486;0.03610617902015656
0.6009311966928144;0.5670689730480198;19;27;7;0.8729284917858756;0.9880548982656976
0.6093518385765981;0.6298957211972562;19;26;6;0.8761862674802197;0.39538479908403557
0.6207286640419848;0.09775739236171188;19;28;6;0.8845157085771409;0.10469336388921469
0.5407325288931358;0.5009032774933853;19;26;6;0.8792687509765958;0.9798241132966305
0.5487052768170559;0.4114520047462005;19;27;6;0.8816043096270482;0.7147529457431423
0.5604404293712625;0.20113609262779308;19;26;6;0.8755741588771876;0.021035099252591172
0.572533909014289;0.31264259722652277;19;26;6;0.8740085409291576;0.9452917148337503
0.48841704214633364;0.5148307050122816;19;27;6;0.8713355905167902;0.44014615432060133
0.500510506888199;0.6263371947098502;19;27;6;0.8703202258009437;0.009618258167234162
0.5282807221612895;0.06757434127635731;19;27;6;0.8735708733020127;0.5480127798850527
0.45115120372299966;0.04529954524396573;19;27;7;0.8827435954163678;0.7245419142636915
0.4632446833660261;0.15680604984269542;19;26;6;0.8711141901041795;0.3656790782464333
0.4679924874905672;0.1709530415424385;19;27;6;0.8777647837628105;0.6946288653712195
0.48295256894299154;0.8570388649771032;19;25;7;0.8785702750023164;0.3140873745908088
0.7698815846063647;0.8063375909107763;19;27;6;0.8757626745022355;0.6764509988352764
0.7749877158197258;0.14230699932765645;19;27;6;0.8786554860204743;0.7792546923170919
0.7895894701833303;0.5065704060451841;19;26;6;0.8788048939152386;0.32579398168854135
0.8009663105498781;0.974432092110801;19;26;6;0.8742860445814342;0.749341658325781
0.7377218773963917;0.6727758544605017;19;26;6;0.872950862154134;0.8332865203651867
0.7293908172848129;0.4404047104905495;19;27;6;0.8733592205936093;0.7546341117994123
0.7574297927756796;0.3730086695949095;19;27;6;0.8766952793981643;0.5868125827521923
0.6774336427256694;0.7761545547265829;19;27;6;0.8777937146406738;0.9383368721645031
0.6888104681910561;0.24401622589103855;19;26;6;0.8724248600726278;0.5954195319950851
0.6971415283026349;0.47638736986099073;19;27;6;0.8689456528067665;0.7710060850641801
0.7048455458111014;0.8955692845759531;19;28;6;0.874384253582454;0.6664646635404583
0.6468864223165471;0.5907936786022637;19;27;6;0.8699013243626559;0.7037270436473427
0.6586215748707537;0.38047776648385645;19;26;6;0.8775453332487623;0.35400151859266926
0.6665943078935126;0.29102649373667155;19;26;6;0.8799843346893433;0.519465376106086
0.4858227501103196;0.05571382666002345;19;26;6;0.8871844897552036;0.852621942067737
0.49791622975334604;0.16722033125875313;19;27;6;0.8695653144254577;0.05821823981388563
0.5056202174594902;0.5864022608748767;19;26;6;0.8683707184083881;0.2202316222431948
0.5173553700136967;0.3760863487564694;19;28;6;0.8771499594947195;0.9420815755524253
0.4377175619536676;0.10105463570411855;19;26;6;0.8783755691929286;0.8180185609096858
0.44533198278876784;0.6897809462397967;19;27;6;0.8778049693615887;0.5968422531203771
0.4574254475306331;0.8012874508385264;19;27;6;0.8802589322580754;0.950871252796497
0.4691606149860008;0.5909715387201191;19;27;6;0.876448831167676;0.9071626854902652
0.4083348896820487;0.7116166139104947;19;26;6;0.8819949721616371;0.34849067764900854
0.4200700422362552;0.5013007017920874;19;25;5;0.8677804020695624;0.7604788008196826
0.4277740299423992;0.9204826165070498;19;27;6;0.8731851932556903;0.7080808463130521
0.34813623678353134;0.6454509183558601;19;26;6;0.8834997236054482;0.39553159281066896
0.3598713744365767;0.4351350062374528;19;26;6;0.8672880833788095;0.7612957450409954
0.3678441223604969;0.34568373349026793;19;27;6;0.8783344025607045;0.09553082692355253
0.37957928981586464;0.13536782137186065;19;27;6;0.8805745145157686;0.1552423321342642
0.6828120986135755;0.2275864036271399;19;26;6;0.8795287511683987;0.44835958919099594
0.6744810236008355;0.9952152745583489;19;26;6;0.8810686361419823;0.7547313244726498
0.6858578490662222;0.46307694572280456;19;25;5;0.8756520574939233;0.5398256960342055
0.622613430813897;0.1614207080725053;19;27;6;0.8650491622132361;0.4157626813914661
0.6372152000786626;0.5256841296911942;19;26;6;0.8758717463296878;0.06988917254160643
0.6485920255440494;0.9935457859544886;19;27;6;0.8676708655061716;0.2696048171906169
0.6540564838462303;0.6513376110885059;19;27;6;0.8766776815204506;0.4949090154148923
0.5737020365097225;0.7326610944042034;19;27;6;0.8762753642615146;0.8497442361396957
0.5883037759721659;0.09692448622056982;19;26;6;0.8728711466629583;0.09977288428325382
0.5934099220866881;0.4328939095386112;19;26;6;0.8766556438996695;0.44341044308708044
0.6051450746408946;0.2225779974202038;19;26;6;0.8773906342239569;0.15442106156415414
0.5283738683902635;0.5221255883026268;19;27;6;0.8732436665092889;0.7945371665837906
0.5561440985645152;0.9633627646714564;19;25;6;0.8761632092630944;0.5771232634247683
0.5678792511187217;0.7530468525530492;19;27;6;0.8770110612065362;0.9288231519247201
0.5599065031948016;0.8424981103990727;19;26;6;0.877890789010937;0.8851145995196495
0.8627809998048539;0.6128942908383761;19;27;6;0.8690178842319148;0.6186101236108816
0.8748744794478803;0.7244007954371059;19;27;6;0.8708853867682482;0.950602126533868
0.8894762338114848;0.08866421705579475;19;27;6;0.8782851216726271;1.0491887346530948E-4
0.8028510922229515;0.038095407821594374;19;26;6;0.8687287139637876;0.29671585014502977
0.814586244777158;0.827779495703187;19;28;6;0.8765751195843767;0.6998354225708951
0.8259630702425447;0.29564116686764264;19;26;6;0.8689258983043017;0.3932881031027615
0.8343837121263284;0.35846791501687914;19;28;6;0.8801950447714116;0.26501476006754965
0.7543875769774795;0.7616138001485525;19;26;6;0.8827419479230829;0.7209445065898973
0.7657644024428661;0.22947545641184697;19;25;6;0.871695009481745;0.15685085863117054
0.7970282919307895;0.058481165970440174;19;26;6;0.8644543313401626;0.41843548088336413
0.7166738445942819;0.13980461948381528;19;26;6;0.873224232144241;0.761804309271737
0.7284089971484884;0.9294887073654079;19;27;6;0.8752792155544296;0.009235071120189842
0.7355755091225638;0.36593701190582595;19;26;6;0.8788575149612521;0.37159513090788854
0.7435482421453227;0.27648575405980236;19;26;6;0.868587738966991;0.723867818366229
0.03047724290753462;0.2257844650923142;19;28;6;0.8740488076175623;0.9120853268104191
0.06138280530663798;0.7329677579337703;19;26;6;0.8690844876740257;0.5334250234439905
0.07311795786084463;0.5226518458153631;19;28;6;0.883694120621965;0.8661372450013854
0.9934801647019766;0.2476201327630122;19;27;6;0.8693174416382602;0.3609916695870754
0.0011841524081207533;0.6668020474779747;19;27;6;0.8745873867787793;0.7625455486019066
0.012919319863488488;0.4564861353595673;19;28;6;0.8741869747149859;0.06023146113993061
0.9458228854063495;0.4452389478023675;19;27;6;0.8742802212322431;0.205002018680966
0.957558037960556;0.23492302078279892;19;27;6;0.8807561266284885;0.902306700516485
0.9652620405678612;0.6541049503989226;19;26;6;0.872548648485314;0.04295652633841396
0.9773555202108877;0.7656114549976523;19;26;5;0.8752861565155674;0.09182868181580761
0.8973593999631999;0.16875732522816445;19;26;6;0.8759356596534102;0.7971060966740855
0.9053321329859588;0.07930605248097955;19;27;6;0.8747857946770342;0.9059545423748614
0.9170672855401654;0.8689901403625723;19;27;6;0.8791729114081533;0.5269359268207741
0.9284441110055521;0.3368518264281891;19;25;6;0.8717869983933513;0.7711417746721702
0.7442684607797314;0.5442262154399004;19;26;6;0.873818446291009;0.32852041377693775
0.7556452862451181;0.012087886604356002;19;26;6;0.8781912660906025;0.0820500406207123
0.7673804387993246;0.8017719744859487;19;28;6;0.8786542408835892;0.25844282963965204
0.7070026223563973;0.0746950705727456;19;27;6;0.8692742841376628;0.8958175889921074
0.7183794627229452;0.5425567417372013;19;26;6;0.8754689585050682;0.8200742045732665
0.7301146003759906;0.332240829618794;19;26;6;0.8711280213032633;0.45619483401601346
0.7409539501093086;0.8173688757075441;19;27;6;0.8795701405547497;0.8023406824415793
0.6580912131510617;0.6459354420032825;19;27;6;0.8704556890191374;0.9293741533941586
0.6701846927940882;0.757441931700851;19;26;6;0.8719169633495873;0.7425074855454198
0.6806657154385863;0.9207475759736253;19;26;6;0.8830962058030444;0.5945262569332425
0.6898925783710537;0.4576747617364201;19;27;6;0.8703642172076581;0.7677373012835282
0.6098964581233659;0.8608206319669321;19;26;6;0.8721238625944447;0.46199621776523936
0.620467062540069;0.8545818655178296;19;27;6;0.8763312752432508;0.4099565903474288
0.6296939254725363;0.3915090512806243;19;26;6;0.8693482777347519;0.13977929158057945
0.9383016257013843;0.31106388429295884;19;27;6;0.8683205293628589;0.48377517747322607
0.950395120245572;0.4225703888916885;19;26;6;0.86987123287916;0.43227305558980644
0.9592636560892195;0.637675143036185;19;27;6;0.8770187830956501;0.8910693890203909
0.9701030058225375;0.12280320402609635;19;26;6;0.8701044396038148;0.27027076237797953
0.8901068706736885;0.5259490891577697;19;26;6;0.8779987569994523;0.4269556509187926
0.9014837110402364;0.9938107454210642;19;27;6;0.8762227739702039;0.04972864100648233
0.9099043529240202;0.05663750847146176;19;27;6;0.871497402345195;0.5314146046826861
0.9216394905770655;0.8463215963530545;19;26;6;0.8718202906537392;0.869229378095512
0.8412850432405579;0.9276450498664296;19;26;6;0.873933227907662;0.7570378911690006
0.8496161033521367;0.16001620873754296;19;26;6;0.8710951986875162;0.44628022840723325
0.8609929288175233;0.6278778650008374;19;26;6;0.8673699545169254;0.6193585067557502
0.7936277788460918;0.12526386490578478;19;26;6;0.8694446893842264;0.23612956280919029
0.8053629314002985;0.9149479527873775;19;27;6;0.8783140013692136;0.44647366467988014
0.8133356644230574;0.8254966800401926;19;27;6;0.8749466386274555;0.7195127369198355
0.8250708169772639;0.6151807679217853;19;27;5;0.8820950973976799;0.9565520876983175
0.13117024248553388;0.2819786839141607;19;26;6;0.8771099163057553;0.5695607093191487
0.14290539503974042;0.07166277179575342;19;26;6;0.8659219414353232;0.4172796003446163
0.15499887468276696;0.1831692763944831;19;27;6;0.8876044469169473;0.037275555493951895
0.33496777587404525;0.5684771636057193;19;27;6;0.8604102642695508;0.0013177841848417415
0.2553299678140162;0.29344546545452976;19;27;6;0.8830291715574692;0.5968580496326706
0.2629443737479552;0.8821717759902079;19;26;6;0.8715460493061123;0.7702946401688463
0.27503786829214283;0.9936782805889376;19;27;6;0.8716787480583829;0.39414262642415687
0.28677302084634937;0.7833623684705302;19;27;5;0.8735142766166167;0.5357778517403406
0.20274572084943787;0.8160060655344121;19;26;6;0.8753953751945468;0.4865081303473463
0.2148392153936255;0.9275125701331418;19;26;6;0.8810066218757389;0.072248352958305
0.24484896007067924;0.1301398211817555;19;27;6;0.8703976333117578;0.7883651026487397
0.15795505826436984;0.5882042143108636;19;26;6;0.8732909221076797;0.8917490900473347
0.1888606206634732;0.0953874922511585;19;26;6;0.8739604032584175;0.5131783833542722
0.20059577321767974;0.8850715801327512;19;26;6;0.875633535600888;0.7305994154268324
0.020182542523306646;0.97158132977324;19;27;6;0.8774461295374045;0.13555737198313011
0.027796948457245785;0.5603076403089181;19;27;6;0.8729485811792879;0.5783614757807026
0.03989042810027221;0.6718141449076478;19;27;6;0.8733107240060363;0.8007094904233751
0.05162558065447875;0.4614982327892405;19;26;7;0.8822423533614553;0.228911824956182
0.9675982955587284;0.4941419447542835;19;26;6;0.8682060595467435;0.4413163075875861
0.9796917603005937;0.6056484493530133;19;27;6;0.882321059700023;0.06229767713233758
0.9914269277559614;0.39533253723460593;19;27;6;0.8769213278046445;0.1521866204010166
0.9993996756798815;0.30588126448742115;19;28;6;0.8784022901870968;0.3742658897270741
0.9194035256298714;0.7090271347179332;19;26;6;0.8706282162972511;0.9350486212744694
0.9503090880289747;0.21621041265822827;19;27;6;0.8782369193232733;0.10723106699977547
0.9620442405831814;0.005894500539820879;19;27;6;0.868317016978958;0.5989501593606138
0.8816897932466736;0.0872179689543573;19;25;6;0.8594411299162618;0.9607299103303717
0.8901104351304575;0.15004471710359368;19;27;6;0.8691450804822163;0.13783933862579
0.9018456025858252;0.9397288049851864;19;27;6;0.8825232490205216;0.7334692007469851
0.9132224280512119;0.40759049105080325;19;27;6;0.8765073074711816;0.8876458145672201
0.1967473363707961;0.7995762581716745;19;26;6;0.8822373648942866;0.5161520231748669
0.20812416183618276;0.2674379442372914;19;27;6;0.8761016293512259;0.4718631619518555
0.2198593292915505;0.057122032118884114;19;27;6;0.8716719830564015;0.12410842098453023
0.23069866412370732;0.5422500782076343;19;26;6;0.8824656213927902;0.2917222261297051
0.14783592716546046;0.3708166296022114;19;27;6;0.8763001562956503;0.8910249260101429
0.15992942170964808;0.4823231342009411;19;26;6;0.8741170093230926;0.20904223207379835
0.19343282570037335;0.07271891843931833;19;27;6;0.8795114925954148;0.4415129422721491
0.11057008874212648;0.9012854698338955;19;26;6;0.8735635101858672;0.8112654262646659
0.1226635832863141;0.012791989333786447;19;26;6;0.8741608471032267;0.9959892753951844
0.13314459102965104;0.17609761870539953;19;26;6;0.8720542398644933;0.5613406326215498
0.14237148376444075;0.7130248044681943;19;27;6;0.8835683434175059;0.8046506925532185
0.0623753486155918;0.11617067469870634;19;27;6;0.8827012279140404;0.2273885687838445
0.07321468344774862;0.6012987207874565;19;27;6;0.8725630425492025;0.24498894396774873
0.08208323419255725;0.8164035047342754;19;26;6;0.8750389898509511;0.5514502461204464
0.0934600596579439;0.28426516099756993;19;26;5;0.8797512712278588;0.24570916260215736
0.3799411664602923;0.08128586603482169;19;27;6;0.8760035433574428;0.4224602638087558
0.38880973210626213;0.29639064998164055;19;26;6;0.8795777514182468;0.059476696072391255
0.4001865575716488;0.764252306244935;19;27;6;0.8814795346127832;0.16339818900537728
0.34258576116591444;0.7812991169883827;19;27;6;0.873860469143238;0.5251779548762965
0.3539625866313011;0.24916080305399957;19;27;6;0.8797627171557892;0.7743107703966436
0.35539589498658064;0.5364504550213864;19;26;6;0.8781823400040002;0.32846446570203214
0.3699976493501851;0.9007138617389141;19;26;6;0.8753816849144375;0.4846118785107766
0.30630530733567396;0.44677961809335476;19;27;6;0.8807295849340551;0.18988929336905447
0.3180404747910417;0.23646370597494748;19;27;6;0.8856756649603565;0.1036763564692118
0.3100677417682828;0.32591497872213226;19;26;5;0.8716002242056287;0.7284201455454108
0.24601707266495165;0.550158318359436;19;28;6;0.8759923519922854;0.8737282086208372
0.2581105672091393;0.6616648229581656;19;27;6;0.8816579959877382;0.5784681328458853
0.2727123066715825;0.02592821477453211;19;26;6;0.874678140432006;0.7434840814982772
0.2775497074694898;0.8705308255547207;19;27;6;0.8788961452393358;0.3700195060185757
0.5648370502216828;0.14165196820553083;19;27;6;0.8840819734866567;0.3163246183186871
0.5794388045852873;0.5059153600218973;19;26;6;0.8792614113464732;0.6500186451112454
0.5845449357986483;0.8418847833399387;19;26;6;0.8763586074778889;0.8480901037944989
0.596280088352855;0.6315688712215314;19;26;6;0.8774057549533304;0.5665359646611017
0.5159256410163472;0.7128923247349065;19;26;6;0.8769736945117376;0.8696827859456989
0.5471895305042705;0.5418980193923385;19;26;6;0.8653347290596218;0.9238323304741362
0.5585663559696572;0.009759705457955348;19;26;5;0.8781396503867989;0.5288682339733697
0.47857022082080825;0.41290557568846753;19;26;6;0.8763597836272465;0.7249689234704362
0.486990862704592;0.4757323238377039;19;27;6;0.8813001945571937;0.3220320790457496
0.49836770307113987;0.9435939950021596;19;26;6;0.8743772090743366;0.5265533955254386
0.5101028407241852;0.7332780828837523;19;27;6;0.8758652186135454;0.07837797965465909
0.4263443009450498;0.25728859248548686;19;26;6;0.8714442695015077;0.9838375620011677
0.43807945349925637;0.04697269526824077;19;27;6;0.8686427831275652;0.12842897089895433
0.4460522014231765;0.9575214374222171;19;26;6;0.868818294541894;0.7414376074209468
0.4577873539773831;0.7472055253038098;19;27;6;0.8800019712900559;0.6552246854222653
0.295379955188081;0.7552916106723055;19;27;6;0.8814196153985677;0.26823332194425786
0.3004861013026032;0.09126101908918571;19;26;6;0.8742035557913859;0.5136037179331574
0.3150878556662077;0.4555244258067134;19;27;6;0.8734445402927248;0.13171851547083324
0.2354500476061786;0.18049272765552382;19;27;6;0.8742671714496981;0.23850659531205598
0.26322026287926925;0.621729874222031;19;26;6;0.878823753153345;0.8921851627000104
0.25488920276769045;0.3893587153509177;19;26;6;0.8790867084067002;0.7862643402232021
0.2669826824107169;0.5008652348508086;19;27;6;0.884438766467743;0.4124414227535196
0.20293202820854694;0.7251085744881122;19;27;6;0.8730989249745532;0.5874009034171798
0.21789210966097128;0.4111943979227769;19;26;6;0.880683789078242;0.06066624011076094
