0.5057917173801337;0.6860238522216393;21;28;6;0.8659811532643763;0.5693045243284711
0.4560740871261145;0.7831637711374567;21;28;6;0.875206331564441;0.9880501084929624
0.46404682014887344;0.693712513291433;21;28;6;0.87200828691864;0.49902559821181114
0.47578197270308;0.48339660117302574;21;29;6;0.8753997979755943;0.847683285814724
0.41495624739912784;0.6040416763634013;21;28;6;0.8729932073907637;0.18505372972445522
0.4266913999533345;0.39372576424499406;21;27;6;0.8767438492853725;0.03778202637637973
0.4387848944975221;0.5052322688437237;21;28;6;0.8639605096684684;0.22721086144672842
0.4464888822036661;0.9244141835586861;21;28;5;0.8796597578438572;0.2453134338398647
0.26571732442047313;0.689101516482038;21;29;6;0.8756740598776019;0.14292195994790113
0.27781078916233837;0.8006080210807677;21;28;6;0.8807653111584329;0.5355640890871985
0.2854252099974386;0.3893343316164458;21;28;6;0.8699173199064825;0.853226632518803
0.15105320734107308;0.7059287481434776;21;28;6;0.8693771926751133;0.21455848952869727
0.16314668698409962;0.8174352527422073;21;29;5;0.8707410417803254;0.6491246794436649
0.44595495602720525;0.5657762013299658;21;27;6;0.8782759161842314;0.9388378440577689
0.4580484356702317;0.6772827059286955;21;28;6;0.8749047807367384;0.32467178831181087
0.4858186509433222;0.118519867396364;21;28;6;0.8684217190007354;0.8593863284556876
0.4774875908317434;0.8861487085252506;21;29;6;0.8851332794826239;0.749792683120798
0.39784978277171434;0.611117010374061;21;28;6;0.8672036089347341;0.6926397955760886
0.4255304162725999;0.2218985676624451;21;30;6;0.8747532365951758;0.7529351591603487
0.44049049772502435;0.9079843761959486;21;29;6;0.8742301673462224;0.33575488746087756
0.6535149089471642;0.7314100267491408;21;29;6;0.8704649250760704;0.8306093269477287
0.614188704664277;0.16140000065960947;21;28;6;0.8829613868477116;0.6933235779484571
0.5338342424266082;0.24272345417298458;21;28;6;0.8798074944754749;0.5879759204748907
0.5455693949808147;0.03240754205457719;21;29;6;0.8768840749560377;0.7053346047328165
0.5764749573799182;0.5395908348960334;21;28;6;0.8716992860638053;0.31968695293672234
0.4964788371322303;0.9427367051265456;21;29;6;0.876913240704704;0.42817710135100084
0.5085723167752568;0.054243194824114105;21;28;6;0.8807003292717609;0.5971813817655831
0.5157388287493322;0.49069149936453216;21;28;6;0.8699480808266021;0.13189593681062106
0.5274739813035387;0.28037558724612477;21;29;6;0.8735466790518072;0.3082887258295608
0.8140446549769308;0.9078518964626608;21;28;6;0.8730066086855576;0.21548247176120683
0.8223757150885096;0.14022305533377422;21;29;6;0.8820225454613589;0.4257369918596917
0.8337525554550574;0.6080847115970687;21;28;6;0.8863017483237399;0.5947377227186662
0.845487708009264;0.3977687994786614;21;29;6;0.8686407540771384;0.9383752815224929
0.7851098915663367;0.6706918955654583;21;28;6;0.8740627815010942;0.18087909060315577
0.7964867170317235;0.13855356672991392;21;29;6;0.87563662648699;0.6049607083180175
0.80822186958593;0.9282376546115066;21;30;5;0.8819015022688059;0.7564498689721033
0.7244633149056334;0.4522481791144024;21;28;6;0.8681750725031903;0.3863893859350296
0.7361984823610012;0.24193226699599513;21;28;6;0.8712974750558928;0.29300993706111156
0.7441712302849213;0.15248099424881023;21;29;5;0.871653070260714;0.8838024132855605
0.7559063828391278;0.942165082130403;21;29;6;0.871417446539129;0.10256717194119536
0.6725957370198561;0.6184536275297201;21;29;6;0.8773129193341718;0.7464813708622913
0.5395710254033341;0.015977734691839718;21;29;5;0.8735014147742677;0.8274700195177715
0.5509478508687208;0.48383942075745656;21;28;6;0.8819808316903849;0.5621654149728272
0.5593684927525046;0.546666168906693;21;28;5;0.8682313504616664;0.7392748432682456
0.4793723576036556;0.9498120391372051;21;29;6;0.8779358883036552;0.07296888496196519
0.49074918306904225;0.4176737103016608;21;29;7;0.871894108496694;0.23843274247538193
0.5220130725569656;0.2466794049590928;21;29;6;0.8640876682788139;0.8514413789973744
0.44165862522045785;0.3280028733736291;21;28;6;0.886733107064685;0.7806364324109809
0.4533937777746645;0.11768696125522182;21;28;6;0.873384120458394;0.7242897808161162
0.4613665107974234;0.02823570340919812;21;29;6;0.875655113013093;0.8897536532306941
0.47310166335162995;0.8179197763896296;21;28;6;0.8775149459418872;0.5224701753296521
0.3934638701927621;0.5428880633372788;21;29;6;0.8715401416880552;0.656222249395282
0.4011678578989061;0.9620699780522411;21;29;6;0.8760256473642377;0.32450257114684067
0.4129030253542738;0.7517540808349951;21;28;6;0.8801736601635038;0.16949117592028695
0.42374236018643063;0.23688212692374522;21;27;6;0.8845176240987965;0.7663751828523516
0.72330234612606;0.28042098253185355;21;28;6;0.875269854181199;0.9904252213645962
0.731633406237639;0.5127921116006445;21;29;6;0.8794861427204413;0.5227210685600999
0.7430102317030256;0.9806537976662614;21;29;6;0.8692778410641977;0.6646250540940598
0.6630141114553378;0.38379966789677356;21;30;6;0.8734711565943565;0.06161027762759852
0.69391965895328;0.8909829458370685;21;29;6;0.8812064800920312;0.21453274663696398
0.7056548115074865;0.6806670337186612;21;29;6;0.8719618808290519;0.6912021608720118
0.6260170183486187;0.40563533556747156;21;29;6;0.8744989093740262;0.036183461160074204
0.6337210060547627;0.8248172502824339;21;29;6;0.8624395247442391;0.6623605436903917
0.6454561586089692;0.6145013381640266;21;28;6;0.8811541328261611;0.7171808766436446
0.6575496382519956;0.7260078427627563;21;29;6;0.8741413530076743;0.37999672519186123
0.5734327713840404;0.9281959505485151;21;28;6;0.8713516278031636;0.5254839518116976
0.5855262510270668;0.0397024551472448;21;28;6;0.8729137923131699;0.14646532135644907
0.5931406569610059;0.6284287656829229;21;29;6;0.8804733708410778;0.3232164374642087
0.6052341366040324;0.7399352702816526;21;28;5;0.8739736388608513;0.9483185536292276
0.8921631522674055;0.6892339962153257;21;29;6;0.8827966459645206;0.8713325094641746
0.922799969349894;0.705050461617768;21;28;6;0.8671487591304483;0.47278515697637047
0.9348934489929204;0.8165569662164976;21;28;6;0.8811507585079846;0.7064204004110635
0.8548973138440714;0.21970285134817102;21;28;6;0.8787584009513569;0.32283312937568376
0.8628700617679915;0.13025157860098613;21;29;6;0.8834501770568718;0.5367605021345725
0.8746052143221982;0.9199356664825789;21;27;7;0.8811200465732021;0.7088069834461936
0.8859820397875848;0.3877973376470345;21;28;6;0.8832698771858636;0.9646584169807525
0.8025818270972693;0.23363026396590614;21;28;6;0.8847364094215396;0.3183290895680525
0.813958652562656;0.701491950031523;21;28;6;0.872226423456075;0.04555393430842014
0.8256938051168625;0.4911760379131157;21;29;6;0.8764526667806767;0.1859350148137343
0.8341144619018075;0.5540027860623521;21;28;6;0.8776600043807576;0.8186515518138535
0.7537599847629775;0.6353262395757272;21;28;6;0.8831245413724981;0.6805710221270723
0.015161893915153213;0.5288735364696623;21;28;6;0.878783089060535;0.394179497096929
0.9314033392348566;0.052884060972558045;21;30;6;0.8747842193072795;0.23249233184319684
0.9431385066902244;0.8425681488541508;21;28;6;0.8737678415874923;0.8455009683651893
0.9552319714320897;0.9540746534528805;21;29;6;0.8829632917697452;0.03147896230657754
0.9629359740393949;0.3732565681678428;21;29;6;0.8829195168584499;0.7418082200300091
0.8829398388905458;0.7764024532995162;21;29;6;0.8660289944771766;0.9257258332106829
0.9138454012896493;0.2835857312398111;21;27;6;0.8645891455022869;0.5513654400089317
0.9255805538438558;0.07326981912140385;21;29;6;0.877572249706058;0.6920152658308608
0.845942760684988;0.7982381209702142;21;28;6;0.8672615636071023;0.3642371706582771
0.853557166618927;0.3869644315058923;21;29;6;0.873943445407589;0.24774575866592696
0.8656506462619534;0.498470936104622;21;28;6;0.8650643668007746;0.8730270383753559
0.87738579881616;0.28815502398621473;21;30;6;0.8764167370292988;0.05604883383397996
0.16028364963147057;0.8669515767532575;21;29;6;0.8818163411085013;0.6214002059615065
0.1723771292744971;0.9784580813519872;21;28;6;0.8778893979168375;0.8697268004331701
0.18411228182870365;0.7681421692335799;21;29;6;0.8755605225466386;0.47234401098403056
0.19208501485146257;0.678690896486395;21;29;6;0.8700636964098013;0.36642318850722244
0.13045306849882687;0.3252355340632124;21;29;6;0.8660158802746806;0.9514824313105532
0.1421882359541946;0.1149196219448051;21;29;6;0.8829330030597535;0.7841516442102302
0.15356506141958126;0.5827812931092607;21;29;6;0.8755232332554133;0.9113642787072195
0.07016483382810457;0.4286142343292936;21;29;6;0.8784837326486876;0.26741084095934275
0.08154165929349122;0.8964759054937492;21;28;6;0.8771932154200393;0.41639172689285053
0.09327682674885895;0.686159993375342;21;28;6;0.8730733602448474;0.045435426133727086
0.029584484734347827;0.2322257497297826;21;28;6;0.8760707907204905;0.20928681174745434
0.021253424622768913;0.9998546057598304;21;27;6;0.8712106673664967;0.9306888710968212
0.03334690426579545;0.11136111035856011;21;29;6;0.8731485955990618;0.839985405225556
0.06111711953888599;0.5525982569250674;21;29;6;0.8698870183199797;0.4421546920142304
0.35091272211049584;0.07647630169467545;21;28;6;0.873774950740632;0.5439262373154583
0.35601886822501805;0.4124457101115556;21;29;6;0.8717102881946219;0.18380927138849168
0.38611819467427677;0.4455285653394535;21;28;6;0.8708479260459149;0.6981924180067371
0.3061220744265889;0.8486744355699656;21;29;6;0.8765184705916585;0.5898529174827172
0.31534895226021753;0.3856016213327603;21;28;6;0.8781079923784544;0.2343941888092479
0.32582996000355446;0.5489072507043734;21;29;6;0.8700558169877515;0.38767498490743313
0.25846479513096177;0.04629325060932088;21;29;6;0.8737109746751534;0.9524888664017298
0.2664375430548819;0.956841977862136;21;28;6;0.8809509347874619;0.11723606973750678
0.2781726956090884;0.7465260657437287;21;28;6;0.8795649287790833;0.797609871132092
0.28901203044124524;0.23165412673363994;21;28;6;0.8736945752650187;0.9745833350138254
0.20570138462197352;0.9079426572317959;21;29;6;0.8677533996513492;0.8669137101787899
0.236248619932257;0.09330353335611508;21;29;6;0.8769676935005681;0.5624267565702095
0.24834209957528353;0.20481003795484476;21;28;6;0.8753185299433536;0.6889227368895589
0.8021878107372763;0.670851403877756;21;29;6;0.8762585702605757;0.31402485305457783
0.8171479070908619;0.3569372273124207;21;29;6;0.8711700508661876;0.25764251218854006
0.8288830447439073;0.14662131519401334;21;30;6;0.8705956831746716;0.9058566212743134
0.8337204455418146;0.9912239110730408;21;28;6;0.8760638671316208;0.07544122540799769
0.7569492392911834;0.29077151685662495;21;29;6;0.8672483992379619;0.7274177242228963
0.76868439184539;0.08045560473821756;21;29;6;0.8736802326844473;0.8544511951754756
0.7967233524350954;0.013059578743738753;21;28;6;0.8753621687504984;0.4498123119800558
0.7883922774223554;0.7806884347737866;21;27;6;0.8790317074771216;0.46087324759531934
0.702215044694847;0.8823976464360076;21;28;6;0.8675815483921697;0.13210975292848104
0.9825150390173746;0.3779816929049681;21;27;6;0.8697945970923381;0.2766115949552238
0.9942502064727423;0.1676657807865608;21;29;6;0.8824327635808554;0.9207049425195685
0.00921028792516665;0.8537516042212254;21;27;6;0.8791257494261884;0.0974560437261669
0.9405909633405432;0.7247591605173545;21;30;6;0.8809806545202525;0.45332344243388023
0.952326130795911;0.5144432483989472;21;30;6;0.8827544598218289;0.7667720930162434
0.9602988787198311;0.4249919756517623;21;28;6;0.8714463936194395;0.05711234493694328
0.9720340312740376;0.214676063533355;21;28;6;0.883531940639407;0.4530654053887334
0.8923962232140086;0.9396443653821653;21;28;6;0.873825955525411;0.6634095072594232
0.923033040296497;0.9554608307846076;21;28;7;0.8708511337215472;0.28340549221108113
0.9347681928507036;0.7451449037650391;21;28;6;0.8741854664348886;0.25174760126432605
0.8551303847906745;0.4701132056138494;21;29;6;0.8836532554066024;0.8801642280997678
0.8627448056257747;0.05883951614952754;21;28;6;0.8860325124735071;0.021799453415951575
0.87483827036764;0.17034603564941853;21;29;6;0.8652742194621246;0.35495600447644127
0.8795860893933423;0.18449302734916162;21;28;6;0.8760076639092366;0.029686169123274486
0.1697400339549333;0.030193488835906668;21;29;6;0.8733941211020162;0.9236757797754225
0.18147518650913985;0.8198775767174994;21;29;6;0.8678473642987388;0.5121391299225422
0.2092453868810692;0.26111472328400664;21;29;6;0.8674558622285804;0.7366370921969728
0.20127265385831028;0.35056599603119143;21;28;6;0.8703433270662917;0.38144709393895726
0.12127651870946132;0.7537118662617036;21;28;6;0.8718688977148564;0.502209885540672
0.14931547929916678;0.6863158253660636;21;28;6;0.8835692250437123;0.12695367461687113
0.16391723366277133;0.05057924698475247;21;29;6;0.8650887320065744;0.9085531080840712
0.08356278632626357;0.13190270049812758;21;30;6;0.8775078741190715;0.5542589424492665
0.08902724462844447;0.7896945256321448;21;27;6;0.8743661027261292;0.7797422744156295
0.10040407009383123;0.25755619679660047;21;28;6;0.8754846587247799;0.38011995556252687
0.11500582445743568;0.6218196035141281;21;29;6;0.8838423580493955;0.6473481996613113
0.02882857682876605;0.7235288300775102;21;29;6;0.8718010406581369;0.7392194120819959
0.05973413922786941;0.23071210801780528;21;28;6;0.880536916335676;0.9803794945795842
0.07146930668323714;0.020396195899397895;21;28;6;0.8718828824279876;0.33288561902938074
0.3580399952577904;0.647872505115934;21;28;6;0.8818589138563994;0.04264209269558483
0.3663710553693692;0.8802436490858861;21;29;6;0.8810146016738607;0.9231477335341378
0.37774788083475597;0.3481053202503418;21;29;6;0.875165150432447;0.6484017792859961
0.3894830482901237;0.13778940813193452;21;28;6;0.8807283929081328;0.7571142754742483
0.27965633200863094;0.9992192505735628;21;29;6;0.8800379605300682;0.04602120413850752
0.28736031971477494;0.4184011652885251;21;28;6;0.8692717334483069;0.3872400699939612
0.29945379935780136;0.5299076698872548;21;29;6;0.8809240851322708;0.6338646256948915
0.2194576642089524;0.933053540117767;21;29;6;0.8729874704887045;0.06412732608725158
0.22743041213287252;0.8436022822717433;21;29;6;0.8760975529878082;0.6701486290807398
0.23916556468707917;0.633286370153336;21;29;5;0.889391636468483;0.5763213011481193
0.24713829770983808;0.5438350974061511;21;30;5;0.8737230292119833;0.2321498161678317
0.0663667399266451;0.3085224303295029;21;29;6;0.8830306392327205;0.3774578643420968
0.07774356539203175;0.7763841014939586;21;28;6;0.8761221548889474;0.9625171369477501
0.10909702175099889;0.43584540033067487;21;29;6;0.8832692686499694;0.12672686455145832
0.029100901503311016;0.838991270561187;21;28;6;0.8685337744073223;0.6066529217507916
0.04047772696869778;0.3068529566268039;21;28;6;0.8729234578738155;0.7716688704031834
0.04880878708027658;0.5392241005967561;21;28;6;0.8765201851246165;0.3967709865682023
0.060185612545663236;0.007085771761211723;21;28;6;0.8677208195314766;0.5632202584770349
0.9801894922979755;0.4102316419917239;21;29;6;0.8786222988434005;0.18796404755323404
0.9852956384124977;0.7462010653097653;21;28;6;0.8850497288518878;0.09467419535268207
0.9998973778749409;0.11046445712613173;21;29;6;0.8756636676501722;0.7076828318746746
0.20933853311004313;0.715665970310276;21;29;6;0.8789320643053701;0.8878380255239008
0.21417593390795042;0.5602685661893034;21;28;6;0.8809615740503349;0.52055456252402
0.22626941355097685;0.6717750707880332;21;28;6;0.8591443559200368;0.7346610839261575
0.2408711679145813;0.036038477505560884;21;29;6;0.8753233053432801;0.4276658555969989
0.17717885570239256;0.5821042338600015;21;28;6;0.8732216599458916;0.2612776349050585
0.1889139933554379;0.37178832174159415;21;28;6;0.8787980493767998;0.9544615701203099
0.20029083372198575;0.8396499929060498;21;29;6;0.8760579826193792;0.12413575602619908
0.11689060613050906;0.6854829192249214;21;28;6;0.8742649196140282;0.6889496226193346
0.12459460873781425;0.1046648488410451;21;28;6;0.880608199868021;0.9331554853718919
0.13668807347967948;0.21617135343977478;21;28;6;0.8684836116648855;0.23088458213947993
0.1471691110253388;0.37947698281138786;21;28;6;0.8760399109352478;0.40853151596928927
0.43158983706697274;0.07601880662626304;21;28;6;0.8706572777636412;0.041248038068247284
0.4433249896211793;0.8657028945078556;21;29;6;0.8819175363328224;0.2179991541760069
0.47709713892851946;0.9474655061852468;21;28;7;0.8716795887250333;0.8620029348693078
0.3942344168714338;0.776032057579824;21;29;6;0.8687403175083483;0.8429645440353127
0.40561125723798164;0.24389371384311853;21;29;6;0.8757328885355019;0.4383256459387317
0.4168985009311633;0.881299795729451;21;28;6;0.8668115727803756;0.8465656223061951
0.42576703677481076;0.09640456477510873;21;28;6;0.8799032458405989;0.663604863163302
0.3454125894383031;0.17772801828848395;21;28;6;0.8723088866993466;0.6189933641226438
0.356610266260441;0.9846784810943711;21;29;6;0.8704397161432809;0.7751407620302271
0.3809763890909038;0.868602698650399;21;29;6;0.8819497005415576;0.40830519299020995
0.29721783441060723;0.39261322315329483;21;29;7;0.8620973446063399;0.5126745947842208
0.30895300186597496;0.18229731103488744;21;30;6;0.874680244510813;0.8309178130786191
0.3203298273313617;0.6501589821993431;21;29;6;0.8728558420981174;6.815807567133181E-4
0.32866088744294053;0.8825301261692953;21;29;6;0.8807856189385765;0.8181183875294209
0.6152315611163326;0.5100064353858313;21;30;5;0.878694641715199;0.9845676445370923
0.6269667285717003;0.29969052326742407;21;29;6;0.8693250056909506;0.5870952733157478
0.6583201998318285;0.9591518221041403;21;28;5;0.8692778205162057;0.4180196143588195
0.5779657226929985;0.0404752905186766;21;28;6;0.8732137560517218;0.13395720050484428
0.5897008901483662;0.8301593784002693;21;29;6;0.8795780275828794;0.44722670244395857
0.5934633096798139;0.7092947241278856;21;28;6;0.8742018397394227;0.6691268082256062
0.5297709825664639;0.2553604953834875;21;28;6;0.8793768905191366;0.24504875496751344
0.5415061351206705;0.04504458326508021;21;28;6;0.8707156920677999;0.19698601895071932
0.5528829605860571;0.5129062395283747;21;28;7;0.878431940871575;0.8400939819219705
0.5612140206976359;0.745277398399488;21;28;6;0.8802609852394939;0.910515620419839
0.4808595733611283;0.8266008519128631;21;28;6;0.8835483204585932;0.37509154011069923
0.4925947259153348;0.6162849397944559;21;29;6;0.882052149066527;0.3047345172864918
0.5010153677991186;0.6791117028448534;21;29;6;0.8741974658035571;0.9177431538084843
0.5123921932645052;0.1469733591081479;21;28;6;0.8710185887877843;0.24525608302238322
0.3316206205801512;0.9116606920314998;21;28;6;0.8621210758192754;0.4205738758737021
0.36252619788041573;0.41884396997179474;21;29;6;0.8741791373099406;0.10238098562356679
0.3742613355334611;0.20852805785338746;21;28;6;0.8815548066123616;0.9450404941220062
0.2946235423745932;0.9334963597021978;21;29;6;0.8749282119651123;0.43505753281094994
0.30223794830853223;0.5222226702378759;21;28;6;0.8805767531293954;0.06786363668211293
0.31433142795155866;0.6337291748366056;21;28;6;0.870888727110887;0.22660889108247917
0.3260665954069264;0.42341326271819835;21;28;6;0.880170245905822;0.8501881320211748
0.2420392954100149;0.45605697468324136;21;28;6;0.8789249555550707;0.7534046056057901
0.2541327899542025;0.567563479281971;21;28;6;0.8804341901551676;0.10295454647398383
0.26174719588814166;0.15628978981764918;21;27;6;0.8793963992387795;0.7403293058264392
0.2738406755311681;0.26779629441637887;21;29;6;0.8711324269672895;0.22747972780482384
0.19384454038231913;0.670942164646891;21;28;6;0.8670039773894036;0.5368972135391243
0.2247501027814225;0.178125442587186;21;28;7;0.8731470556172577;0.004339764841704841
0.23648525533562903;0.9678095304687787;21;28;6;0.8758109372949945;0.07886799827308444
0.5230559439101823;0.595285854586476;21;29;6;0.8721577586846059;0.4054850948637724
0.5314766006951273;0.6581125878345512;21;29;7;0.870051120175784;0.039455761773599995
0.5432117532493339;0.4477966906173051;21;29;6;0.8669650528246308;0.19614065031441308
0.5545885787147206;0.9156583617817607;21;28;6;0.876822240919518;0.8208844393906122
0.47118836602440495;0.7614912881006324;21;28;7;0.8716620686849256;0.722936364837724
0.4825651914897917;0.22935297416624922;21;28;6;0.8717865642816769;0.3414990563352637
0.49430034404399825;0.019037062047841946;21;28;6;0.8799819636128071;0.537062240297939
0.5051396639749939;0.504165108136592;21;29;6;0.8681322997030666;0.13923154198777477
0.4222769419179082;0.33273165953116923;21;29;6;0.874487093557728;0.3762708778650955
0.43437042156093464;0.4442381641298989;21;28;6;0.8644305900139361;0.999850118803791
0.4678738553539822;0.03463396326943735;21;28;6;0.8741276186083048;0.9110393254111654
0.3850111183957353;0.8632005146640145;21;29;6;0.8751086280078999;0.624916545697637
0.39710458313760055;0.9747070192627442;21;28;6;0.8669918711231273;0.595988926101742
0.4075856057820988;0.13801264863435725;21;28;6;0.8702526192069372;0.9526157822706449
0.4168124836157273;0.674939834397152;21;29;6;0.8761711048979146;0.6505475067092763
0.7037414992791005;0.624238560330825;21;29;6;0.8766301863044517;0.3368875975704215
0.7145808341112573;0.10936660641957519;21;28;6;0.8759319441838097;0.0816703653548353
0.7234493848560659;0.32447137546523297;21;28;6;0.8767570890838449;0.4216351013005806
0.734019989272769;0.31823262391729146;21;28;5;0.874121891358417;0.3658330692524836
0.6543821812127399;0.04320089596377941;21;29;6;0.8776245965042155;0.024169858992774018
0.6632507319575486;0.2583056799105984;21;28;6;0.8787015803424403;0.2857544812449675
0.69702289616605;0.34006827668682826;21;28;6;0.8728797929335029;0.7180232889509959
0.6170267759183622;0.7432141469173404;21;29;6;0.8698854868126223;0.8215864398940008
0.6184600693724805;0.03050381378588851;21;27;6;0.8761522380352476;0.3864003213882975
0.6298368948378672;0.4983654849503443;21;28;6;0.8718974550066232;0.8163082889509289
0.6444386492014716;0.8626289065690331;21;29;6;0.8698020617343492;0.41677553696887015
0.5773422296454939;0.8513817190118332;21;29;6;0.8757608839058768;0.38843215669253783
0.587912834062197;0.8451429376615694;21;29;6;0.8790363269226084;0.6864728169614517
0.5996479866164035;0.6348270404443233;21;29;6;0.8718092204018637;0.8471888703503273
0.882814582748329;0.7049903908480576;21;28;6;0.867649603235883;0.4803533013103102
0.8945497353025357;0.4946744787296503;21;30;6;0.8807620807609449;0.7183780515830468
0.9066432149455621;0.60618098332838;21;28;6;0.8722650232210608;0.271188035206522
0.8454591774539513;0.40500364180161863;21;29;6;0.8688526255735871;0.23720101818243766
0.8575526421958165;0.5165101464003483;21;28;6;0.8667369308936558;0.8745757924360542
0.869287794750023;0.30619423428194104;21;29;6;0.8715869794719121;0.023646260141767073
0.8769917973573282;0.7253761489969034;21;29;6;0.875409626090265;0.6157824480481294
0.7973539892972992;0.45034445084571373;21;29;7;0.8793253683218339;0.8968062105606734
0.8090891418515057;0.24002853872730645;21;28;6;0.8812210805019998;0.9748818896664373
0.8170618748742646;0.15057726598012167;21;29;6;0.873457033928942;0.7735030641274602
0.8287970423296325;0.9402613538617143;21;30;6;0.8731908397115369;0.6484546648916273
0.7450384876493358;0.46427187836461015;21;28;5;0.8702664559369949;0.37075252706188266
0.7567736402035424;0.25395596624620276;21;28;6;0.8840415885267243;0.7152858886865978
0.7681504656689291;0.7218176374106584;21;29;6;0.8708296857274599;0.9405900869108732
0.6069972265916578;0.3562821812891338;21;29;6;0.8775875623582421;0.32896403485272196
0.6187323642447031;0.14596626917072653;21;29;6;0.8834581611731078;0.5358144774097403
0.6301092195124123;0.6138279403351822;21;28;6;0.8763391338773366;0.10062835890403687
0.6384402796239911;0.8461990843051344;21;29;6;0.8802498807101754;0.3273658356812694
0.558085802485161;0.9275225527196707;21;29;6;0.8698669797962497;0.9508554948477601
0.5698209699405288;0.7172066406012634;21;29;6;0.8745981893477071;0.8216435457081099
0.5749271011538898;0.053176049018143545;21;29;6;0.8695781982163335;0.3809929539990645
0.5895288704186554;0.4174394557356712;21;29;6;0.8721531033400182;0.8693975207883188
0.5098910623586264;0.14240775758448154;21;29;6;0.8764273831114923;0.05752546236146516
0.5376612776317169;0.5836449041509888;21;29;6;0.8719152953734156;0.6593364220613197
0.5293302026189769;0.3512737601810366;21;28;6;0.8761633092061127;0.5281536739331602
0.5414236822620033;0.4627802647797663;21;28;6;0.8807023129109729;0.172247036398666
0.4773730280598334;0.68702360441707;21;28;6;0.8744080203524446;0.3259757413578762
0.48453954003390876;0.12347189405632686;21;28;6;0.8697513478863772;0.6859171081972019
0.4937664178675374;0.6603990649179604;21;29;6;0.8740689487635738;0.464830382180098
0.7806954335309105;0.6096977908516334;21;29;5;0.8656569291097519;0.339513222726489
0.8038074115505037;0.867243564798843;21;29;6;0.8782963185178038;0.8347691735317239
0.8159009060946913;0.9787500544964115;21;28;6;0.866473936326802;0.6480887981409329
0.7387713727552403;0.9564752584640198;21;29;6;0.877733726071772;0.9034027559434232
0.7668103184437847;0.8890792175683798;21;29;6;0.8806973070592138;0.4679478772199437
0.7785454709979912;0.6787633054499725;21;29;6;0.8717021268481473;0.42024346829196957
0.6981910236614836;0.7600867738645088;21;28;6;0.876781747721869;0.03468539826808037
0.7065220837730624;0.992457917834461;21;29;6;0.8815663055867736;0.3198299223020532
0.717898909238449;0.4603195889989167;21;29;6;0.8730105775562554;0.6437595955289144
0.7296340617926556;0.2500036768805094;21;29;6;0.8760985194101719;0.9590034460121459
0.646323430874545;0.9262922222798264;21;28;6;0.8765753619838517;0.3580022718177438
0.6577002563399317;0.3941538785431209;21;28;6;0.8824791520178248;0.5115054305910641
0.6694354237952994;0.18383796642471362;21;27;6;0.8750057393154992;0.7463948337377879
0.6774081568180583;0.09438670857868992;21;29;6;0.8761936366223335;0.10929238415871645
0.002409231953449109;0.9873170169930761;21;29;6;0.8762352868521989;0.5379426275525482
0.9224130968046002;0.3904629021247493;21;29;6;0.8841011210446461;0.7808047637220309
0.9504520573943056;0.32306684632794824;21;28;6;0.8826431110285385;0.19270330512050005
0.9421209972827268;0.09069571725915726;21;29;6;0.8846211671369788;0.6669972106367387
0.9542144769257532;0.20220220695672575;21;28;6;0.867112556836379;0.5552068540825968
0.8902534044957883;0.25690115077331366;21;30;6;0.8735478717894369;0.27419020558242946
0.9048551588593927;0.6211645723920025;21;29;6;0.8756789431085322;0.6244567857271016
0.9169486385024193;0.732671062089571;21;29;6;0.8719800172850692;0.5841523406658201
0.829965169825066;0.36027985103939486;21;28;6;0.8781107027676379;0.2952525260139375
0.8449252512774904;0.04636567447405948;21;28;5;0.8774535460486657;0.3725219691698566
0.856660403831697;0.8360497623556522;21;29;6;0.8691419578104495;0.7137444143832403
0.861766535045058;0.17201917077253237;21;28;6;0.8641910371371724;0.051111278935041415
0.151562152517829;0.6958972155421403;21;29;6;0.8694288179529762;0.30060242154420846
0.16293897798321566;0.1637588867065961;21;28;6;0.8714639525564781;0.6201426177353484
0.19142584743394608;0.24864086670737728;21;30;6;0.8801933297789409;0.7243244482907274
0.18309477242120598;0.01626972273742522;21;29;6;0.8695057459282464;0.3197751319663513
0.10274032508469833;0.09759317625080033;21;29;6;0.8752965968115838;0.4681289603955856
0.13113759786206258;0.3520195669734585;21;28;6;0.8754598190431201;0.1008454973957047
0.0171901498614635;0.012491632069172254;21;28;6;0.8699794040353507;0.18550699871158893
0.028566975326850153;0.4803533032336279;21;29;6;0.8737540194346232;0.8538768873341915
0.04030212788105669;0.2700373911152205;21;28;6;0.8775287457539351;0.05369716327683338
0.04872278466600177;0.332864139264457;21;29;6;0.8699499224316158;0.3932139903615538
0.8675928997939889;0.7757290554706717;21;28;6;0.8803526748141333;0.8752582960277386
0.8793280523481954;0.5654131433522644;21;29;6;0.8729070235086692;0.5128122040234427
0.8873007853709544;0.47596187060507955;21;29;6;0.8765150461286447;0.32711724302806766
0.8990359379251609;0.2656459584866723;21;28;7;0.8810315780911694;0.871374169909682
0.8193981298651318;0.9906142603354826;21;27;6;0.8839485719400526;0.15391727299410285
0.8499453800765765;0.1759751215586406;21;28;6;0.8828549136750912;0.4922731014969275
0.8620388448184418;0.2874816261573703;21;27;6;0.8696574395261252;0.8359106752019154
0.7820427245707541;0.6906275112890436;21;29;6;0.8764326076532615;0.06372313324560763
0.7897467122768981;0.109809426004006;21;28;6;0.8728731572540245;0.45483880780065156
0.8018401919199245;0.2213159306027357;21;28;6;0.8781111567407834;0.8462699912598045
0.0030398688156528797;0.42460188909505103;21;29;6;0.87403001751056;0.7606373631779025
0.011908419560461514;0.6397066432395475;21;29;6;0.8715287959768839;0.42694690084211306
0.04612849262998764;0.87374727581336;21;29;6;0.8711423804382314;0.7002666905496744
0.9657740303923188;0.9550707442278963;21;27;6;0.8751830404372841;0.015148649487316979
0.9746425811371274;0.17017549837239276;21;28;6;0.8815693449892661;0.2662875574201713
0.9854819308704454;0.6553035593623041;21;29;6;0.8838804109141286;0.8274286011552253
0.9972170834246521;0.44498764724389683;21;28;6;0.8726083874937188;0.9693325717880239
0.914712673555225;0.595376615355611;21;28;6;0.8860728418567411;0.583774516665296
0.9251936961997232;0.7586822447272241;21;29;6;0.8726542861082796;0.8162452119624856
0.9372871758427497;0.8701887493259538;21;29;6;0.8700501413308523;0.4619510314265197
0.9461557265875583;0.08529351837161148;21;28;6;0.8744633413537758;0.3685715974537628
0.23192017921226682;0.2386694048757505;21;29;6;0.8686366603285471;0.9887467459498307
0.24401365885529325;0.350175894573319;21;29;5;0.8743569741806216;0.0972368794629479
0.2528822096001019;0.5652806636189767;21;29;6;0.8764914178293614;0.7577236168349964
0.19492308610554765;0.2605050576452873;21;28;5;0.8707594453117806;0.8393393527970728
0.2066582386597543;0.05018914552688003;21;29;5;0.8729888546782641;0.24859723441920922
0.2146309865836744;0.9607378727796951;21;29;6;0.8684201282568841;0.7323435639549661
0.22636613913788095;0.7504219606612879;21;29;6;0.8736507544500489;0.296530373043828
0.1460116769002121;0.8317454290758242;21;28;6;0.8671419825182541;0.49567681299354116
0.15443231878399588;0.8945721772250605;21;28;6;0.8724364835634818;0.06873217282721167
0.16616747133820242;0.6842562651066533;21;28;6;0.8700693938859245;0.9782193555650138
0.17754429680358907;0.15211793627110892;21;28;6;0.8754309176027415;0.5587099577882134
0.09414408411327357;0.9979508774911418;21;28;6;0.8754251684402974;0.026152494189632614
0.10552090957866023;0.4658125486555974;21;29;7;0.8708567712862084;0.14351117844755856
0.11725606213286677;0.25549662163602893;21;29;6;0.8707106086566148;0.7347515486318712
0.42335548764113684;0.9222945525295655;21;30;6;0.880081967788861;0.6679663116312051
0.4350906401953434;0.7119786404111581;21;29;6;0.8734429961800998;0.43245697989374565
0.4471841198383698;0.8234851450098879;21;29;6;0.8670336710885278;0.78836719678617
0.4548881075445138;0.24266705972485025;21;29;6;0.8758084335335526;0.04995181903836343
0.37489198729682605;0.6458129299553624;21;29;6;0.878117194044714;0.3944851955642399
0.3869854520386913;0.7573194494552533;21;30;6;0.8698557131789143;0.6189831578386704
0.3945998728737915;0.34604575999093146;21;30;6;0.8772628687681026;0.9143831434300904
0.4066933674179791;0.45755226458966114;21;28;6;0.8871112985468946;0.09113425953785004
0.326697217367969;0.8606981348201733;21;28;6;0.8747513596269813;0.716236375702869
0.3346699652918891;0.7712468769741496;21;29;6;0.8711353044394118;0.9043643172760153
0.3464051327472569;0.5609309648557423;21;29;7;0.8766785758707305;0.5412015859952408
0.3577819582126436;0.0287926211190368;21;28;6;0.8777910592612336;0.42318729877656736
0.2974041268685551;0.3017157172058337;21;28;6;0.8695855651059567;0.06853479115178163
0.30913929432392284;0.0913998050874264;21;30;6;0.8761990594335018;0.24528589235838005
0.3205161197893095;0.559261476251882;21;29;6;0.876145550427142;0.8172662709255909
0.13634045466232758;0.7666358652635933;21;29;6;0.8820603422716299;0.982371816251349
0.14771729502887554;0.23449753642804894;21;29;6;0.8765166974254459;0.6555791056718587
0.15945244758308208;0.02418162430964166;21;28;6;0.8771115185337067;0.6397771138995778
0.1645585787964431;0.360151047627683;21;29;6;0.8681967803710039;0.9951498252576111
0.08742906035815323;0.33787623669413014;21;28;6;0.8715651916109578;0.7304369847929426
0.09952254000117966;0.4493827412928598;21;28;6;0.8720392656028694;0.6370108021338529
0.127292740373109;0.8906199027605283;21;28;6;0.8710001851715498;0.24948194802261559
0.1189616802615302;0.6582487438894149;21;29;6;0.8761598136471608;0.25472009824687836
0.055269353148180156;0.20431450024385556;21;29;6;0.8839737723208936;0.8573373087977388
0.0670045057023867;0.9939985881254483;21;29;6;0.8811712258722024;0.9788167247747711
0.08196458715481114;0.680084411560113;21;28;6;0.8771912270818001;0.8645109496853521
0.07417101767646206;0.43044689266586633;21;27;6;0.8752997935165341;0.03382680850242148
0.9916666078070351;0.5808358607775805;21;28;6;0.8810458855452354;0.6410126447322521
0.0034017603612416236;0.37051994865917326;21;28;6;0.8774362569199945;0.13941465093496774
0.037173924569743;0.45228256033656433;21;29;6;0.877160387945646;0.6796832460543917
0.32123633842371824;0.8270019525331412;21;29;6;0.8749601826177053;0.8355618986453599
0.3326131638891049;0.2948636236975969;21;29;6;0.8819022669901905;0.5482745558931669
0.3438108407112428;0.10181410140464531;21;29;6;0.8687434863341015;0.45901586854067755
0.35518766617662945;0.569675772569101;21;29;6;0.8721670994482931;0.061185170230513175
0.2723249292183826;0.3982423239636781;21;28;6;0.8653086224546468;0.004487320460366484
0.28361217291156426;0.035648376047688335;21;29;6;0.8756451358936087;0.715945847798465
0.29498899837695103;0.5035100621133052;21;28;6;0.8715607807010272;0.15104594898873236
0.30385756402292086;0.7186148311589629;21;29;6;0.8726352661282677;0.7488796661438787
0.22296561115202218;0.8172046744977937;21;29;5;0.8669396567563561;0.5058455102446852
0.23470076370622872;0.6068887623793864;21;28;6;0.8690273069272653;0.1018443928250069
