0.7187150239909709;0.3196182617355534;25;32;6;0.8748415830522789;0.042279991000652384
0.6827928972495502;0.3069211646565013;25;32;6;0.8699061648648926;0.8042659489993839
0.5990343425692536;0.8309316891593971;25;33;6;0.8684560928562571;0.9964718190080867
0.6107695100246213;0.6206157770409898;25;33;6;0.8692949216518706;0.7765532055852553
0.622146335490008;0.08847744820544545;25;31;6;0.8741493087472413;0.21631510848578894
0.6338814880442145;0.8781615360870382;25;33;6;0.8736609422179824;0.5091671995838358
0.5542436948853466;0.6031298230346873;25;31;5;0.871549974334884;0.6908920469480406
0.5618581008192857;0.19185613357036546;25;32;6;0.8672735835665542;0.28527134361629625
0.5739515804623121;0.30336263816909514;25;33;6;0.8717194905420768;0.06768184136963296
0.5856867330165187;0.09304672605068787;25;32;6;0.8803065169450778;0.47474656132812487
0.4045568481445059;0.5359116571580638;25;33;6;0.8763940914160687;0.06091965817984313
0.4346561596926033;0.5689944974848005;25;31;6;0.8724742610790801;0.5119688196747196
0.4435247253385731;0.7840992665304581;25;32;6;0.87538812997947;0.2370472663389369
0.36388691727854405;0.5090675534781074;25;33;6;0.8793326163289029;0.29085353329998076
0.374367925021881;0.6723731977508817;25;33;6;0.8762066439989349;0.7779143884073216
0.3835948028555096;0.2093003835136764;25;32;6;0.8807161760439198;0.282264436143255
0.39532995540971616;0.9989844564941078;25;32;6;0.8671674708139695;0.05679178264603779
0.31416928702452496;0.6062075021962471;25;31;6;0.8704670793835976;0.5848380626222882
0.3233961499569923;0.14313467305788063;25;32;6;0.8792378423178707;0.02424165333516315
0.3351313025111988;0.9328187609394734;25;32;6;0.8705166587566631;0.5100483487304732
0.34650814287774667;0.4006804470050902;25;33;6;0.8744459471042811;0.06913260596390425
0.2847865998517448;0.21676948040262323;25;32;6;0.8762446386868233;0.5789042938173076
0.2932072566366898;0.2795962285518597;25;31;6;0.8750821236294611;0.06023193040469155
0.30458408210207644;0.7474578997163154;25;33;6;0.8718433506201835;0.3971580299101668
0.619552043453994;0.6293605847543484;25;32;6;0.8714081424404129;0.8419364971530177
0.65413044361234;0.18522361914413665;25;32;6;0.8709108842237099;0.1292662622427463
0.6617448495462791;0.773949944580976;25;33;6;0.8845878597807545;0.9933749488168264
0.6725841992795971;0.25907799066972614;25;33;6;0.8726198045500927;0.4807941310129872
0.9566465982324112;0.6337973977674642;25;33;6;0.873345364910565;0.8925170733238154
0.967933856826754;0.2712034647526357;25;32;6;0.874247061657516;0.2434610688193466
0.9793106822921407;0.7390651359170913;25;33;7;0.8731854714108459;0.7092015515488713
0.9881792330369493;0.954169904962749;25;32;6;0.8805328091765412;0.31639096713663195
0.9085414398780814;0.6791381919103981;25;32;6;0.8727440612237932;0.8050642792425012
0.920276592432288;0.46882227979199087;25;32;6;0.8782440284533581;0.3676889593770978
0.9511821548313915;0.9760055577322858;25;32;6;0.8815633029756336;0.8982863322586372
0.8711860047813812;0.3791514428639592;25;33;6;0.8791694735651041;0.4272712481416483
0.8825628451479292;0.8470131140284148;25;33;6;0.8820792711496405;0.6583086499847195
0.8942979977021357;0.6366972168111688;25;33;6;0.8760178165136637;0.9434103558339814
0.9022707456260558;0.5472459291628227;25;32;5;0.8746402006156708;0.7605784321912352
0.8222745955760457;0.9503917993933348;25;32;6;0.8698121141395893;0.2886675154510354
0.8343680901202333;0.06189831889322572;25;32;6;0.8733175413830669;0.8273272329298611
0.8415345871931474;0.4983466085324826;25;33;6;0.8716376954846269;0.15353529344145211
0.8532697546485152;0.2880306964140753;25;32;6;0.8750894423770181;0.6950615829273533
0.4473260027507875;0.3002222399772243;25;33;6;0.8742594526697764;0.16357910059523229
0.4561945534955961;0.515327009022882;25;31;6;0.8789131032425801;0.6486691567140638
0.46828804803978374;0.6268334987204506;25;33;5;0.8728218642488749;0.8777825380572808
0.4800232005939903;0.4165175866020432;25;33;6;0.8687509315237903;0.7175251018008981
0.41919746038887695;0.5371626617924189;25;32;5;0.8829681356649289;0.254930659567693
0.42976806480558016;0.5309239102444774;25;32;6;0.8812950810240425;0.7024861319465756
0.43809912491715897;0.7632950691155908;25;31;6;0.8739531421025166;0.9860649625695141
0.3577446775806513;0.844618522628966;25;33;6;0.8769466472794206;0.5231121932474891
0.3821108004111141;0.7285427401849939;25;32;6;0.8783513553315895;0.23445973717160784
0.39384595296532066;0.5182268280665865;25;32;5;0.8708496357124933;0.6848818113598883
0.3142081449052916;0.24319511501423574;25;33;6;0.8667427129991502;0.5444218424526761
0.32880989926889603;0.6074585068306022;25;32;6;0.874291577601383;0.6133086335732304
0.3401867247342827;0.07532019289621905;25;32;6;0.8757167664120564;0.08039640734259867
0.3456511830364636;0.7331120180302362;25;33;6;0.8770464095512086;0.6332099554228428
0.6322218716110168;0.36058831234561106;25;32;6;0.8739461268940782;0.8668919773461911
0.6468236408757826;0.7248517339642999;25;32;7;0.8700551626212629;0.335140749697455
0.6519297720891436;0.06082114238118008;25;33;6;0.8719651853284414;0.18357268574030983
0.6636649246433501;0.8505052302627728;25;33;6;0.8669410363061119;0.4050248975620937
0.586893718392719;0.15005283604635689;25;32;6;0.8859145237093538;0.6688958128057444
0.6112598412231818;0.0339770536023849;25;32;6;0.8750496529914157;0.5467104509225404
0.6217408489665187;0.19728269787515917;25;33;6;0.8685128795156237;0.039683658291925994
0.5384302180484082;0.873571228373315;25;33;6;0.8761619895472702;0.41289019672648053
0.5498070435137948;0.3414328995377707;25;33;7;0.8726374163355806;0.9569715543227763
0.5615422109691626;0.1311169874193634;25;33;6;0.8797318547162373;0.43865751799898
0.5736356906121891;0.24262349201809308;25;32;6;0.8716636933404891;0.8626531183984057
0.5124516233182559;0.04144613559017052;25;34;7;0.8767805573743804;0.7296283918807226
0.5245451178624435;0.1529526550900614;25;32;6;0.8791246325811392;0.9776319675887253
0.53628027041665;0.9426367429716541;25;32;6;0.862441984461277;0.46630527969459445
0.8228509440900421;0.570113037287029;25;33;6;0.8712073305013707;0.03837881939194043
0.8317195097360119;0.7852178212338479;25;33;6;0.8674264397376196;0.6569450604450877
0.8438129893790384;0.8967243258325776;25;32;6;0.8731940373780727;0.92789292079177
0.855548141933245;0.6864084137141703;25;33;6;0.8716512891313705;0.34033251728023795
0.7709833662042648;0.7363184857023466;25;32;6;0.8865062047730783;0.9379367279455502
0.7823601916696515;0.20418015686680224;25;33;6;0.8753921918670161;0.4408534673262039
0.8066367327279094;0.25764877024354593;25;33;6;0.8648675411717321;0.9822473717563505
0.7269989395690415;0.9826170571911951;25;32;6;0.8800402907356131;0.5185779482566857
0.7416006790314847;0.34688047880988393;25;32;6;0.8673096502419587;0.056252266241256677
0.746438079829392;0.19148307468891135;25;32;5;0.8838454923406124;0.5006723914941265
0.6850748638922101;0.32939452480358145;25;32;6;0.8723645082279979;0.8205316610461444
0.6865081722474896;0.6166841767709683;25;33;6;0.8771785836255561;0.38427412573075026
0.6982433248016962;0.40636826465256104;25;32;5;0.8846900480231273;0.8583456834730151
0.7096201502670829;0.8742299507181779;25;32;6;0.8710709644706418;0.395661659467605
0.016077902864172766;0.8628502685265291;25;31;6;0.8727632132722022;0.6385590890610855
0.02745472832955942;0.330711954592146;25;32;6;0.878174845590952;0.18053330230917275
0.035875370213343194;0.39353868784022117;25;33;7;0.8700678435190436;0.7690002318142226
0.9558792350644942;0.7966845729718945;25;32;6;0.8734674591941832;0.299597604695762
0.9672560605298809;0.2645462590375114;25;32;6;0.8668820789018493;0.5622143751285431
0.9789912130840874;0.05423034691910411;25;33;6;0.8809733996619393;0.12532978230887537
0.9869639610080075;0.9647790741719192;25;32;6;0.8683069217859363;0.6995532696379795
0.9069678258591586;0.3679249295012702;25;33;7;0.8737111584887558;0.22128210667587145
0.919061305502185;0.4794314490011611;25;34;6;0.8767200088165814;0.20315098882626126
0.9266757263372853;0.06815775953683922;25;33;6;0.8718911510909201;0.7212965698771155
0.8662979098943581;0.3410808556236361;25;33;6;0.8754131999404852;0.3230215271626953
0.8776747353597447;0.8089425118869306;25;33;6;0.8682430357803692;0.8326568696563996
0.8888723972807214;0.615892989593979;25;33;6;0.8744349950534622;0.12617923229060646
0.9002492376472693;0.08375466075843463;25;32;6;0.8761848211145046;0.4923088256221294
0.7321086352391715;0.9426821233562216;25;33;6;0.8775283643664795;0.027922777747147354
0.7237775751275927;0.7103109793862695;25;32;7;0.8816177153076105;0.4171065111944485
0.7358710547706191;0.8218174839849992;25;33;6;0.8731633568580208;0.9224419584246366
0.6718204005684492;0.0460608087211416;25;32;6;0.879313265365059;0.5154775285098177
0.6867804820208735;0.7321466470569675;25;32;6;0.876668491728902;0.20713857359758459
0.69851563457508;0.5218307349385602;25;33;6;0.8726133327811784;0.7003805262835849
0.7098924600404667;0.9896923912018547;25;33;7;0.8741026541788397;0.05938683657408006
0.62649223244899;0.8355253324218875;25;32;6;0.8735113156504692;0.6138128565540137
0.6378690728155378;0.3033870035863432;25;31;6;0.8810496099265452;0.21553781383959347
0.6496042253697444;0.0930710914679358;25;33;6;0.8734689663540302;0.41387801783946176
0.6616977050127709;0.2045775811655044;25;33;5;0.8730222495013514;0.7371413798341074
0.581701569863922;0.6077234662971777;25;32;6;0.8798593318759521;0.3275790934265055
0.5930783953293086;0.0755851523627945;25;33;6;0.883052533339235;0.5481354726250786
0.6014990372130924;0.1384118856108698;25;32;7;0.8752707623454419;0.083749394947774
0.6091134580481926;0.7271382110477091;25;33;6;0.8703092456186461;0.38999230963044207
0.8964008008003856;0.9982593387973581;25;33;6;0.879788121828828;0.8844883922261509
0.9081359533545922;0.7879434266789507;25;33;6;0.8816090690766235;0.4184898724514793
0.9390415157536957;0.2951267195204069;25;33;6;0.8701484452576034;0.016094083116791502
0.8521476139473861;0.753191112649515;25;32;6;0.8764833177134792;0.4704471531509421
0.8604786740589649;0.9855622566194672;25;33;7;0.8736959049190672;0.9269607729479995
0.8718555144255129;0.4534239277839228;25;33;6;0.8702077268169499;0.5160547748584842
0.8835906669797194;0.24310801566551543;25;33;6;0.8831799810989932;0.016104912429739993
0.8039528589196904;0.9680763175143259;25;32;5;0.8693111949700689;0.31643543014688
0.8345000942299738;0.15343717873748375;25;33;6;0.8771172184305467;0.9220123887361124
0.8465935738730003;0.26494368333621354;25;34;5;0.8746556760740949;0.4999087287256203
0.7665974387241513;0.6680895535667256;25;33;6;0.8787475377138574;0.7066695746092724
0.777974264189538;0.13595122473118126;25;32;6;0.8757340221900298;0.9507430225037525
0.7863949209744829;0.19877798778157896;25;31;6;0.8730696880462676;0.5358058595661747
0.7981300735286896;0.9884620607620104;25;32;6;0.8757933564130915;0.06935941602931706
0.08470077700440404;0.6159383699785465;25;33;6;0.8657828677095938;0.5686033325518893
0.09930251646684729;0.9802017766960741;25;33;6;0.8585191637070507;0.14278400169628247
0.10100457013874176;0.758858256102475;25;33;6;0.8718674377710071;0.36549034342777487
0.1127397226929483;0.5485423439840676;25;33;6;0.870695192152762;0.16053181145736783
0.03238526045527945;0.6298657974974428;25;33;6;0.8838547807998884;0.6450843769429695
0.044120427910647186;0.4195498853790355;25;34;6;0.8770124788361171;0.005154198336428051
0.07547388426961432;0.0790111991169129;25;33;6;0.8714676379306352;0.32505627117199565
0.9951194369331066;0.16033465263028812;25;32;6;0.8844693661690081;0.8396185813346511
0.006854589487313212;0.9500187405118807;25;32;6;0.8652887946121025;0.2559676509857336
0.01894806913033964;0.06152523020944922;25;31;6;0.8676161419950879;0.7334433011706261
0.026562475064278668;0.6502515556462886;25;32;6;0.8796819490541352;0.2222957768209053
0.9469246819054108;0.3752198425939378;25;32;6;0.8690661770840676;0.7140616178680764
0.9545390878393498;0.9639461531296158;25;34;6;0.8847309272409345;0.4336756062301128
0.9666325674823762;0.07545265772834564;25;31;6;0.8695865129289381;0.2073967316842119
0.9783677200365828;0.8651367456099383;25;32;6;0.8805879899654948;0.3267765429749102
0.2612655708518934;0.4439333132781422;25;32;6;0.868040126050943;0.986908532616069
0.2733590504949198;0.5554398029757107;25;33;6;0.8803043717417605;0.563554277350315
0.3067729025157625;0.31537999793596494;25;32;6;0.8833373880502045;0.2313006729254129
0.22426849264633553;0.46576896604767914;25;32;6;0.8701911223289269;0.671904105199789
0.23474950038967246;0.6290746103204534;25;33;6;0.8710318758256633;0.40396990029367175
0.2468429800326989;0.7405811000180219;25;32;6;0.888372558719609;0.6296359900635359
0.2557115307775075;0.9556858690636796;25;32;6;0.8787223950341689;0.05564913813780381
0.17455083258999393;0.5629089147658188;25;32;6;0.8805933263384678;0.7460596177726313
0.18664432713418155;0.6744154044633873;25;32;6;0.8751566773862207;0.5385928259828074
0.195512862977829;0.889520173509045;25;33;6;0.8841859960482624;0.7621089383185911
0.20688970334437684;0.35738184467350076;25;33;6;0.8775684678749714;0.2965155092202334
0.12635609246345925;0.7777941047294685;25;33;6;0.8792576256197835;0.925025282284649
0.1377329179288459;0.24565577589392418;25;33;6;0.8752409302543016;0.4296440753371973
0.14660145377249345;0.46076054493958185;25;33;6;0.8849803350638814;0.20667969656055807
0.9841940847855137;0.4688466452092389;25;35;6;0.8849503439532369;0.17887737137422455
0.9962875644285402;0.5803531498079686;25;32;6;0.8754288018450029;0.6480219614475382
0.008022702081585509;0.3700372376895613;25;32;6;0.8788537215162143;0.4131432665722825
0.015995450005505618;0.2805859649423764;25;33;6;0.8774877118551035;0.7052208506877135
0.9473761403220434;0.15159350633734425;25;33;6;0.8684321689159773;0.7164220919666203
0.9557072153347834;0.38396465030729643;25;33;6;0.8764640879944167;0.1277867071886285
0.9670840408001701;0.8518263363729133;25;32;6;0.8792468415463276;0.5859163484409832
0.8870879056513211;0.25497220660342546;25;33;6;0.8667067179492152;0.09237354052512492
0.8991813852943475;0.36647871120215514;25;33;6;0.8802912647057238;0.8677966898487962
0.929818202376836;0.38229517660459733;25;32;6;0.8796172969171565;0.2624096030754418
0.8435513729759614;0.6535487989886952;25;33;6;0.8794517424144508;0.23657807687761767
0.8736507143263812;0.6866316393154319;25;33;6;0.8660479373295652;0.06306259793954394
0.885027539791768;0.15449332538104876;25;32;6;0.8727789520827556;0.5568420561599353
0.16855246301251336;0.5464790925019201;25;34;6;0.8748648997450954;0.31739470580338724
0.17652519603527228;0.45702783465589647;25;32;5;0.8695025356944436;0.7485139850910162
0.18826034858947882;0.24671192253748908;25;32;6;0.8774086610520523;0.04396393268184606
0.12089518371688612;0.7440979224424366;25;33;6;0.8811241400192701;0.5063899196421093
0.13227200918227278;0.2119595936068922;25;33;6;0.8816745457578683;0.24965337665696874
0.14400716173647932;0.001643681488484816;25;31;6;0.8789449924810614;0.6524097787565613
0.15610065628066694;0.11315018608721461;25;32;6;0.8699081139891794;0.2307611416194707
0.07897112294121589;0.09087537515366173;25;33;6;0.884775366884282;0.9626477880701046
0.0840772541545769;0.4268447835705419;25;32;6;0.8791103100448779;0.5293036330527637
0.11417659550499681;0.4599276387984398;25;32;6;0.8774951977914915;0.05156994582272434
0.03418046035614786;0.863073523930113;25;32;6;0.8645355477545792;0.517668755641069
0.04555728582153451;0.3309351801934076;25;32;5;0.8741361354478524;0.2578864622032817
0.054425836566343144;0.5460399641402265;25;33;6;0.8791622163832818;0.4627232875870797
0.06651933111053077;0.6575464687389562;25;33;6;0.8775134011110504;0.725476052235868
0.3534483318727427;0.606845179771468;25;33;6;0.8775122944938011;0.5736392578632691
0.36482517223929056;0.07470686583708486;25;33;6;0.8698369151567793;0.9764508312445777
0.3765603247934972;0.8643909537186776;25;33;6;0.8687115064724287;0.7266120698180587
0.38453305781625613;0.7749396809714927;25;32;6;0.8805959478991896;0.10223373674421743
0.30453693756856837;0.17808555120200487;25;33;6;0.8660619007175347;0.5212163372580948
0.31295757945235214;0.24091229935124137;25;32;6;0.8702235871591291;0.7095587357996488
0.3243344049177388;0.7087739854168582;25;33;6;0.8775173256954404;0.5086313686773043
0.33606955747194533;0.4984580583972896;25;32;6;0.8725520297247824;0.9756259962176986
0.25643174941191627;0.22342634534493888;25;34;6;0.8777874796825972;0.4681513096272205
0.2710335037755207;0.5876897669636277;25;33;7;0.8854748137641261;0.9585734389924783
0.2761396349888817;0.9236591753805079;25;32;5;0.880190146333815;0.4803418958031651
0.28787480244424946;0.7133432483609393;25;31;6;0.8704069199211272;0.09272702437649183
0.2075203402065806;0.7946667167754757;25;32;6;0.8809351303756447;0.40528700105150417
0.23878422969450397;0.6236724114329076;25;32;6;0.8744363927304898;0.20794288991619736
0.24648821740064797;0.0428543410490313;25;32;6;0.8737742312741612;0.37899609582915894
0.533775560152841;0.3139754687986802;25;32;6;0.8751752256580054;0.18523522577972862
0.5442565827973391;0.4772811130714545;25;33;6;0.8770211868363152;0.6404947156670776
0.5522293009189368;0.3878298403242696;25;32;6;0.8702190802310912;0.20746210924990138
0.5639644683743046;0.17751392820586231;25;32;6;0.8807056999581072;0.7286106225686914
0.4965993035017119;0.6748999281108097;25;33;6;0.8726059087787071;0.20984869228503156
0.5086927831447383;0.7864064327095394;25;33;6;0.8667900426336344;0.6952970754926829
0.5232945524095041;0.15066983942706702;25;33;6;0.8778246712771473;0.6996544575163225
0.4429400901718352;0.23199330784160344;25;33;6;0.8753932200338266;0.45115939287055573
0.4673061981011368;0.11591751049647014;25;33;6;0.8765452310116884;0.16450270188172766
0.47904136555650456;0.9056015983780628;25;33;6;0.8711841193064671;0.8137953417895685
0.3981494275867671;0.0041914417168935625;25;32;6;0.869844032394234;0.801938497549914
0.4070179634304145;0.21929621076255135;25;31;6;0.8737174670647584;0.5718972034725656
0.41911145797460214;0.33080271536128103;25;32;6;0.8738376869347488;0.3451704051644786
0.4262779550475163;0.7672510050005379;25;33;6;0.8825181386221941;0.7773179021310732
0.24550639726432344;0.5319383379238897;25;33;6;0.8736095007214697;0.8236774416379304
0.2568832227297101;0.9998000239895065;25;33;6;0.8741604774711338;0.18658213587355799
0.28814711221763334;0.8288057186469385;25;33;6;0.8778219256555594;0.3262037589176826
0.2077926499799645;0.9101291870614748;25;33;6;0.876875048848545;0.06875056175490224
0.21952780253417103;0.6998132749430676;25;33;6;0.8757432801287165;0.8754376303688192
0.22750055045809114;0.6103620021958827;25;32;6;0.881504103836342;0.3109892048768803
0.233054590532477;0.09860943150918411;25;33;6;0.8829784938993728;0.8523830944058657
0.15592505719302596;0.07633462057563123;25;32;6;0.8840680270565674;0.37160365672317963
0.16730188265841262;0.5441963066412481;25;33;6;0.8804161932672516;0.32598890610209963
0.19569917033693807;0.7986226824627451;25;33;6;0.8779564981005525;0.04685705417616681
0.11534470809926922;0.8799461359761203;25;32;6;0.8747102851714141;0.2518192567436621
0.10701364798769042;0.6475749771050069;25;32;6;0.8763865938366909;0.6841459172546667
0.13505260857739587;0.5801789511105281;25;33;7;0.8815372877121591;0.16323402443808743
0.1467877760327636;0.3698630389921208;25;33;6;0.8673220999228435;0.9029142403670704
0.4304022661245528;0.5923044251934376;25;34;5;0.8790787733523643;0.47378039884104073
0.44177910649110064;0.06016609635789327;25;33;6;0.8801525738380003;0.7901027801463396
0.4535142590453073;0.8498501842394859;25;32;6;0.8728330744481625;0.5081043115098477
0.4684743404977316;0.5359360076741506;25;33;6;0.8770718437387984;0.23990137618827667
0.38149085691921714;0.16354479662397448;25;33;6;0.8652327950485522;0.699149197837816
0.4123964193183206;0.6707280745642694;25;34;6;0.873510420853764;0.9368191705773405
0.42413158677368834;0.46041216244586214;25;33;6;0.8781067346798436;0.6585831214722963
0.3444937638124981;0.18538044939351128;25;32;6;0.8742107929905987;0.18188159732400555
0.3521977515186421;0.6045623790096348;25;32;6;0.874342422344904;0.6178810806930916
0.36339542834078;0.41151284181552206;25;33;6;0.8737789129818336;0.42465771617805226
0.37477225380616663;0.8793745129799777;25;32;6;0.8916096727834828;0.707118366403806
0.29190951684791977;0.707941079275716;25;33;6;0.8695864383088746;0.1946624088950083
0.3040030113921074;0.8194475689732845;25;33;6;0.8713597280021567;0.6344243266967031
0.48253860422810624;0.917465804217134;25;33;6;0.8812176877884627;0.6044181464764184
0.48764473544146725;0.25343519773285295;25;33;6;0.8832652587750506;0.6239147734968923
0.4960653922264122;0.31626196078325053;25;34;6;0.8697740135363807;0.3264187178735849
0.804673077554099;0.23581677889442387;25;32;6;0.8713823239685499;0.058484512967467595
0.8138999553877276;0.7727439646572186;25;32;6;0.8683221852994913;0.7601822362954768
0.8256351079419342;0.5624280525388112;25;32;6;0.878174619654742;0.9048204236819186
0.8364744576752522;0.04755609862756138;25;33;6;0.867858774835345;0.1730376466328878
0.7536117207170053;0.8761226649232998;25;32;6;0.871007905829789;0.0433274307856274
0.7641823251337084;0.8698838984741971;25;32;6;0.880344222849545;0.8131965400349128
0.7762757898755737;0.9813903881717656;25;32;6;0.8808993123309096;0.06443651480462953
0.7851443555215435;0.19649517211858458;25;32;6;0.8721215213533566;0.30434603184927833
0.7047898932838746;0.2778186256319597;25;32;6;0.8805766493070087;0.006849991127132138
0.7159875552048514;0.0847690884378468;25;32;6;0.8770229284873404;0.5270912314615374
0.7468931176039548;0.591952381279303;25;33;6;0.8758304683555617;0.3312699955525539
0.6668969973562671;0.9950982515098151;25;34;6;0.8814228759160297;0.782856632779499
0.6746009850624111;0.4142801662247776;25;33;6;0.8753595747867527;0.06074864242512157
0.6866944647054375;0.5257866708235073;25;33;6;0.87754606693733;0.592288611517366
0.698429617259644;0.3154707587050999;25;32;6;0.8746602872125575;0.030885936478073805
0.5172997323876312;0.7583356898124759;25;33;6;0.870628039771965;0.8299585842568905
0.5415762734458891;0.8118042882880584;25;33;7;0.8793208246386667;0.31047998489442963
0.5536697530889155;0.9233107928867881;25;32;6;0.8784829123011806;0.5449682576687838
0.46964245309200403;0.9559545048518311;25;32;6;0.863732563781916;0.35595520664505576
0.48137760564621057;0.7456385927334238;25;32;6;0.8713612311667258;0.8078105891886158
0.4934711001903982;0.8571450973321535;25;33;6;0.8780316435076011;0.8557940707586589
0.5080728396528414;0.22140848914851996;25;33;6;0.8777194352243315;0.3038870486719325
0.4290621188994084;0.7595660202523201;25;32;6;0.8725436798060825;0.8165681416182835
0.4411555836412736;0.8710725248510498;25;31;6;0.870682342028474;0.5667293801917646
0.45289075109664134;0.6607566127326425;25;32;6;0.8797997195551236;0.14869214865101033
0.3725362888589725;0.7420800662460176;25;33;6;0.8790786884899272;0.5795855157078965
0.4026356302093924;0.7751629065727543;25;33;6;0.8765868645828113;0.3052014530053436
0.41437078276359895;0.564846994454347;25;32;6;0.8757710031165071;0.7779292841645338
0.6987915088052329;0.2613888331703833;25;32;6;0.8798477774501493;0.12135200505393873
0.709272531449731;0.4246944625419965;25;32;6;0.8743466940495578;0.4814760998944433
0.7176931733335148;0.4875212106912329;25;33;6;0.8639264350999294;0.26684281103170515
0.6540008462201647;0.03358695214451235;25;33;6;0.8752258544825162;0.005000121932042356
0.6686026154849304;0.3978503737632012;25;32;7;0.8735031409997248;0.2634961755468783
0.6799794409503171;0.8657120449276569;25;33;6;0.8817220788106302;0.5668292892894234
0.6814127344044355;0.15300169689504373;25;33;6;0.869120433947887;0.02208876427561124
0.6014165992555864;0.5561475820267171;25;32;6;0.8713108954256213;0.5461934611760041
0.613510078898613;0.6676540717242856;25;32;6;0.8735947110199112;0.28381331124543385
0.6252452314528195;0.4573381596058783;25;33;6;0.873873817931105;0.7516141598345117
0.6366220569182062;0.9251998456714952;25;32;6;0.8756505850177934;0.557136665409764
0.5594925384799163;0.9029250347379423;25;32;6;0.8713491439851939;0.6151840918958391
0.5715860181229427;0.014431539336671961;25;33;6;0.8772680377641286;0.12607357920041307
0.5833211706771493;0.8041156272182647;25;34;7;0.873357663375131;0.4579831143635711
0.5946980110436971;0.27197729838272033;25;33;6;0.8713260326390778;0.9379670392690417
0.8782229193632813;0.6639630804047529;25;33;6;0.8696377694747849;0.4983521899996751
0.9062618799529869;0.5965670395091129;25;33;6;0.879179554815191;0.8862465150144314
0.9208636343165914;0.9608304611278018;25;32;6;0.8727895558075025;0.6917689907873613
0.8405091869800837;0.042153914641176904;25;33;6;0.8702755082663065;0.12391648775395592
0.8460632121533084;0.5304013439544784;25;32;6;0.8799403491499671;0.4108098290473172
0.860664981418074;0.894664750672006;25;34;6;0.8748811320943151;0.5746647791178133
0.8720418068834607;0.36252642183646167;25;32;6;0.8759884946228396;0.2872018372779793
0.7857749774825861;0.6337800442205596;25;32;5;0.876806763039154;0.4717968658095121
0.8158743188330059;0.6668628845472963;25;32;6;0.8598685086931301;0.9839404830237944
0.8272511442983926;0.1347245706129131;25;32;6;0.8731668438676343;0.6744405593319881
0.7443884073401457;0.9632911220074902;25;33;6;0.8719705982934411;0.9735054769759233
0.7564818869831722;0.07479762660621991;25;32;6;0.8740643475638942;0.7027046702604081
0.7682170544385399;0.8644817144878126;25;34;6;0.8782644254606944;0.998154617851238
0.7795938799039266;0.3323433707511071;25;32;6;0.8687556492486777;0.7065709442922976
0.0631187882235108;0.7243291676743009;25;33;6;0.8805012947800738;0.8741419461539228
0.09321812957393061;0.7574120080010376;25;33;6;0.8744751804425345;0.5578338077745385
0.10459495503931737;0.22527369406665443;25;32;6;0.867285664450854;0.2891829635919426
0.021194727447840567;0.07110662038552606;25;33;6;0.8701440989355589;0.3095754083344662
0.032571567814388525;0.5389683064511429;25;33;6;0.8649555096741712;0.08410273993608763
0.044306720368595065;0.3286523943327355;25;33;5;0.8766024952835911;0.8526281524046209
0.05640020001162149;0.4401588840303041;25;33;6;0.884243719047114;0.26112616581723114
0.9764040648627725;0.8433047542608162;25;33;6;0.8736541131697676;0.6988744664457056
0.9843768127866926;0.7538534964147926;25;33;7;0.876937108483454;0.9455025866034049
0.9961119653408992;0.5435375842963852;25;32;6;0.8688952601087554;0.3859411280616081
0.007488790806285839;0.01139924055967978;25;33;6;0.8620831429415146;0.6432294195070543
0.9274926556574369;0.41454512569135304;25;33;6;0.8905063653924751;0.4480820195909996
0.9367195334910654;0.9514723114541478;25;33;6;0.8813799475111836;0.9166891190310835
0.9484546860452719;0.7411563993357405;25;32;6;0.8756398425505297;0.6480382599473264
0.9598315115106587;0.20901807050019616;25;32;6;0.8730658623539067;0.8298094899530111
0.775745443057043;0.24684806369119172;25;32;6;0.8835933268493482;0.43274577386474944
0.8091592801767243;0.006788258651445833;25;32;6;0.8719630657405246;0.19007350951114466
0.821252774720912;0.11829474834901432;25;32;6;0.8769945101418429;0.5332703032686457
0.7383900377626651;0.9468613146447528;25;33;6;0.8769570501175991;0.6937643749284004
0.7497668632280517;0.4147229858092084;25;32;6;0.8776210400815233;0.3904455488152534
0.7615020157822584;0.20440707369080102;25;32;6;0.8751811385110215;0.11677814029034028
0.7049762006429837;0.18692113458565973;25;33;6;0.8797098198852588;0.6645787033861974
0.6966451405314049;0.9545499757145464;25;32;6;0.8784780896817385;0.8341986009438793
0.7246840862199492;0.8871539497200676;25;32;6;0.8725434574238651;0.5550667341167853
0.6413734553018386;0.5634424802182235;25;32;6;0.8767959072412678;0.3468832732481605
0.6518544630451756;0.7267481095898366;25;33;6;0.8797116367459116;0.8543686681101067
0.6610813408788041;0.26367531025379254;25;32;6;0.8758169069920443;0.3739047244303684
0.9696890411076521;0.18323012836496588;25;33;6;0.8664276084155833;0.6228619557642358
0.9817825207506786;0.29473663296369557;25;33;6;0.8769385416410175;0.26391311733270273
0.9906510565943261;0.5098414020093532;25;33;6;0.871734514626782;0.7304170327285224
0.0012216610110291626;0.5036026355602506;25;31;5;0.8763437179383038;0.404165377239031
0.9215838529510001;0.22857093740906098;25;33;6;0.8740586491497206;0.06690236718767195
0.9291982737861003;0.8172972479447391;25;32;6;0.8657084459841178;0.44937896768541896
0.9412917534291267;0.9288037525434688;25;33;6;0.8770613541438943;0.19550904141083747
0.9530269059833333;0.7184878404250615;25;32;6;0.8759929779080496;0.6025737613693295
0.8856617411107406;0.2158738254288477;25;32;7;0.881309940423244;0.37289079438080086
0.8970385665761272;0.6837355114944645;25;32;6;0.8702580534317805;0.5473057765391739
0.9116403209397318;0.0479989182119922;25;33;6;0.8803116969110855;0.2905692335540333
0.8216110869085707;0.4401171799673126;25;32;6;0.8799010566825743;0.002927143070950544
0.8333462394627773;0.229801252947744;25;32;6;0.8739610988776726;0.46580102399107737
0.8668496732558248;0.8201970520872824;25;32;6;0.8792051065924281;0.9542523692689869
0.15127039929745878;0.5167388759021575;25;34;6;0.8754024219306425;0.25185226449157494
0.16300555185166532;0.30642294888258903;25;33;6;0.8712964009985925;0.7116803949590552
0.17438237731705197;0.7742846349482059;25;33;6;0.8779830473192639;0.17719889595945904
0.18271343742863078;0.006655778918158051;25;33;6;0.8655056539414892;0.0022501086661056435
0.10235899009212313;0.08797923243153316;25;32;6;0.8686912139118822;0.4261561272933264
0.11409414264632978;0.8776633203131259;25;33;6;0.875933045412306;0.23293274787712592
0.1261876371905174;0.9891698249118556;25;32;6;0.8721015061671711;0.4984161499216273
0.13380202822329523;0.5778961354475337;25;32;6;0.8726945940778641;0.9349531239239431
0.05416423506442736;0.30286443729634405;25;32;6;0.8739388593682181;0.20469323700239683
0.0658993727174727;0.09254852517793677;25;33;6;0.873969281546592;0.003945033424462285
0.07727622798518174;0.5604101963423924;25;32;7;0.8694757823402479;0.3442173725675891
0.08901138053938829;0.35009428422398514;25;32;6;0.8786172798485377;0.7344407938573523
0.012240159387595928;0.6496418900075692;25;32;5;0.8815505762668686;0.5214199470919814
0.03660628221805873;0.5335661075635972;25;32;5;0.871151836925578;0.27301447911958077
0.04834144967342657;0.32325019544518985;25;32;7;0.8681702615686582;0.46145792959683596
0.33437464761475;0.9679928795860204;25;32;6;0.8821560061772187;0.7999964861008396
0.34324319835955863;0.1830976486316781;25;32;6;0.873672491750886;0.3453747917915546
0.3546200387261065;0.6509593197961338;25;32;6;0.8852584855767133;0.6505427103066018
0.36590726751812697;0.2883653867813052;25;32;6;0.8672046817916318;0.3948811485879209
0.2817904006501717;0.490553494567064;25;32;6;0.8747507381122245;0.16018163215823633
0.30982936123987714;0.423157453671424;25;33;6;0.8790553928752811;0.387012270065604
0.3182500031236609;0.48598421672182157;25;33;6;0.8659065424308889;0.8971422850078272
0.07898183121268398;0.9631623036946173;25;32;6;0.8793952662628115;0.6113813968398876
0.0173498699588871;0.6097069412714347;25;32;6;0.8645168402805591;0.3687091324862829
0.022814328261067995;0.267498781306613;25;32;7;0.877907333913948;0.7637699396727922
0.030787076184988105;0.1780475085594282;25;33;5;0.8758903359931383;0.9059815284041336
0.972559207373819;0.381905090047886;25;32;6;0.8784313925328308;0.5954066085447063
0.9814277581186276;0.5970098590935438;25;32;6;0.8703166939034963;0.10683358648251007
0.988863015409318;0.5248249761718146;25;32;6;0.878696482128382;0.2944708010099206
0.924901942979353;0.5795239199884025;25;31;6;0.8821114834588001;0.8595569922776011
0.9366370955335596;0.3692080078699951;25;32;6;0.8802725417929899;0.4477551615648748
0.9440723379230886;0.2970231100471048;25;32;6;0.871235910750604;0.019112061985742224
0.2281347368759027;0.6717425022436816;25;33;6;0.8738802101806263;0.25807937866686137
0.2582340782263225;0.7048253574715795;25;33;6;0.8876494054305488;0.8477108563094147
0.26961090369170926;0.17268702863603513;25;32;6;0.8716501797693028;0.4080492285513929
0.18334408919199574;0.443940651020133;25;32;6;0.8801347660624058;0.8582921540964247
0.1947209146573824;0.9118023221845887;25;33;7;0.8724649198187482;0.9674561087013095
0.20932266902098695;0.27606572890211634;25;32;6;0.8792957461830065;0.48918494573920146
0.14195751904955545;0.7734517288070638;25;33;5;0.8756418163299606;0.05283782865160247
0.15405098379142068;0.8849582334057935;25;33;6;0.8787992926636645;0.7637624298132402
0.16578613634562722;0.6746423212873861;25;33;6;0.8752970712094076;0.044015279602259594
0.17716296181101387;0.14250399245184175;25;32;6;0.8740280279056675;0.4803730900601655
0.09376274912069837;0.9883369336718747;25;31;6;0.8717917482611577;0.08890623223100069
0.10513957458608503;0.45619858993516915;25;32;6;0.8683113244874974;0.5805357279184729
0.11687472714029157;0.24588267781676176;25;32;6;0.8701504016029377;0.1585683983665186
0.1289682216844793;0.35738918241549145;25;32;6;0.8728853427848672;0.38584338067814206
0.41876382425608916;0.8812672271850995;25;33;6;0.8716056876487855;0.9442109688327721
0.4301406497214758;0.3491289132507164;25;33;6;0.8790795904092016;0.21256453714344037
0.44187580227568235;0.1388130011323091;25;34;5;0.8767977209671687;0.6866360948857051
0.45396929681986997;0.2503195057310388;25;33;6;0.8723635110046619;0.22260834429722043
0.3699419968229585;0.2829632027949206;25;33;6;0.8793544303045233;0.7561619007603627
0.37540647002630056;0.9407550279289378;25;33;6;0.8807661092999673;0.9790045878515541
0.3867832954916872;0.4086166990933935;25;33;6;0.8719853893577582;0.556542585851081
0.40138504985529166;0.7728801207120823;25;32;5;0.879860108943884;0.1197475748036183
0.3217472566964238;0.4978483927585703;25;32;6;0.869031468444029;0.6189914913261906
0.33348240925063033;0.287532480640163;25;32;6;0.8781603621046287;0.795823766610772
0.34145514227338936;0.19808122279413942;25;33;6;0.87660118754078;0.31387975098826015
0.3531902948275959;0.987765310675732;25;33;6;0.8657475180160934;0.8595267870944289
0.27283584749108825;0.06908876418910714;25;32;6;0.8697099400269214;0.15736331772038903
