0.15114988609319857;0.7806529619500197;3;11;6;0.8796254471333339;0.09793544507447083
0.9653189606841386;0.5506787466696309;3;11;6;0.8702085239615548;0.572992387409829
0.9205282831979092;0.32287688054492103;3;10;6;0.87707432588247;0.06748849980786031
0.94794017138218;0.4422916252954525;3;10;6;0.8752955472084468;0.47279687774625057
0.7906389187074001;0.7863471339819896;3;11;6;0.8790011925888719;0.1884657185756604
0.7498794060692334;0.9290474410239101;3;10;6;0.8764077833367407;0.7793513410290833
0.6896807680718773;0.8628817454692755;3;11;6;0.8734130750349025;0.4283752356203092
0.6331549380314414;0.8453957765618119;3;11;6;0.8705018800603903;0.6691770059302388
0.668808304555086;0.3667260611030112;3;10;6;0.8814229406169704;0.02863122508175875
0.9755347875676296;0.8467132212515376;3;10;6;0.8759799788348741;0.34145638261661715
0.9222339013265727;0.7256289878971459;3;10;6;0.8796752427236807;0.7055220456318181
0.2502807418157713;0.8540498384071967;3;10;5;0.8746474238586434;0.5231344514921666
0.1903508342338689;0.2792509404892537;3;11;6;0.8667132446796993;0.4852954480655909
0.032691254470269215;0.30148404735981504;3;10;6;0.8761890175873696;0.879191722015758
0.07076332884344794;0.24511561493936684;3;10;6;0.882126928836821;0.2516780418159039
0.011729224082434042;0.9748727588142664;3;11;6;0.8725688894905435;0.052180403690908816
0.9539492641322899;0.33100836119914556;3;10;6;0.8774851791440849;0.6940378012092204
0.894915159371276;0.0607655050740451;3;11;6;0.8744202781386866;0.6641715457065649
0.9329872337444547;0.0043970875547582056;3;11;6;0.8716951339556076;0.3137329309310206
0.24302822742742114;0.2112415874356408;3;11;6;0.8722108304661252;0.6476992674969628
0.1828295596277426;0.14507587697984503;3;10;6;0.8736623325611088;0.9410852847714707
0.16957866076075057;0.48583780374439034;3;11;6;0.8708021366090187;0.45487308795151005
0.12765459998508044;0.8326152564556155;3;10;7;0.8756108550417014;0.1306818132227331
0.06826218303640785;0.2405499985145393;3;10;6;0.8783414475748049;0.37721677225029726
0.10310932851136878;0.28777984544218027;3;9;6;0.86484810146495;0.9588755168700916
0.39344242171620847;0.7943915152874939;3;11;6;0.8759911308851942;0.9800706182045298
0.3372749336657538;0.09872797799832844;3;10;6;0.8692067534796754;0.6395755354402538
0.2958883486221522;0.4282390557852591;3;10;6;0.8788423742486056;0.9656587356568033
0.3310938062847719;0.7972913343311984;3;12;6;0.8778699091545521;0.6678007884879071
0.2720597164249192;0.527048478206098;3;11;6;0.8692401458473675;0.3422657871760555
0.11475844884897812;0.8711039868926351;3;11;6;0.8738286841577916;0.34384256980457195
0.054470214178255816;0.9744826722575551;3;12;6;0.8796963929263246;0.6335557493198372
0.08555495502293042;0.14257715855641862;3;12;6;0.8733083778862399;0.03031861017824089
0.03225405388071234;0.021492955004349334;3;10;7;0.8833961030694348;0.8215045273485735
0.9757282387414377;0.00400700099804685;3;10;6;0.8701290038468319;0.9377454121553287
0.282902615713845;0.6362721671418333;3;11;6;0.8778609758937154;0.5165375549657252
0.3181080882776258;0.005324430786611378;3;11;6;0.8693379194128864;0.08180289487665449
0.26480718713540774;0.8842402123333809;3;11;6;0.881397035563498;0.45437881135016656
0.20541477018673526;0.29217493949114337;3;10;6;0.8717737274887807;0.5442713190756144
0.14521611728821793;0.22600924393650879;3;11;6;0.8696646024642338;0.07414847332274521
0.18006324786201766;0.2732391057653111;3;11;6;0.8735920903286535;0.6356514235045492
0.3405930087929454;0.44968096057766993;3;10;6;0.8758210396989905;0.2207142307646489
0.647588237122104;0.42103491836288787;3;10;7;0.8799476715712242;0.7383223211822734
0.6853019844064628;0.04284409902762498;3;10;6;0.8704317697132611;0.7515446745927914
0.6287761543660271;0.025358130120161304;3;11;6;0.8772322309701154;0.2648528548457384
0.5685774865663485;0.9591924345655268;3;11;6;0.8683166393057887;0.8390763421748425
0.5095433967064958;0.6889495933415876;3;10;6;0.8777177428555193;0.4585384009500395
0.5447488692702767;0.05800185698636562;3;10;5;0.875820802744872;0.7406803587609295
0.3899558913160749;0.6548142677917007;3;11;6;0.876617744367577;0.6571082324812225
0.333430061275639;0.637328298884237;3;10;6;0.880335916288661;0.1522781808721826
0.2731418266049167;0.7407069991503182;3;11;6;0.868681955326548;0.746836626183687
0.30548068245813853;0.5351799439591612;3;9;6;0.8806414255577134;0.9980298224647485
0.25217979621708164;0.41409574040709196;3;10;6;0.8725021622729243;0.5997547797503282
0.5625791169888679;0.9427626421039504;3;11;6;0.8780336406422202;0.9071622425704997
0.5028283729513755;0.02887495254457595;3;10;6;0.8687214790746735;0.4377596154520391
0.7809312602074756;0.024152165097565126;3;11;6;0.8784974099577935;0.0030249702641296228
0.03319229394029766;0.5871322524621657;3;10;6;0.8713555162622344;0.5406992733475394
0.9729936410417803;0.5209665569075311;3;11;7;0.8667114482223501;0.2633554626066147
0.9136012091919467;0.9289012840652937;3;11;6;0.8764290715296902;0.6661670359879233
0.22023812533344644;0.5784328251333746;3;11;6;0.8788222510046417;0.834855837300719
0.25544358299606607;0.9474850887781526;3;10;6;0.8675608713628671;0.47760903763991924
0.2021426967550093;0.8264008703249222;3;10;6;0.8675208974798372;0.7857759728224415
0.1456168667145734;0.8089149163186197;3;11;6;0.879740857253762;0.9053198981361232
0.0853286320438511;0.9122936165847009;3;11;6;0.8700238399199921;0.8322215296447347
0.11766748789707282;0.7067665464923827;3;10;6;0.8765986781377986;0.8433367387070443
0.9600079081334731;0.728999653362944;3;10;6;0.8785214708019675;0.439955564779263
0.9227420697101391;0.2594685084957893;3;11;6;0.8790139105988337;0.7887495977418749
0.8461500270039178;0.219927322637942;3;10;6;0.8797174040477939;0.11528069191828816
0.8025239274575144;0.7880483108439276;3;10;6;0.884766019831314;0.7446827182479845
0.8405960018306932;0.7316798933246406;3;9;6;0.8651663269789788;0.1007756631415877
0.1506369955136596;0.938524378304362;3;11;6;0.873659824286754;0.47765147487861603
0.09124456366382583;0.34645910546212455;3;11;6;0.8823122895907503;0.727458126391892
0.037943662521607746;0.22537488700889408;3;10;6;0.8810439305576974;0.406129889015744
0.06947629732614602;0.54574740910534;3;11;6;0.8794003299247432;0.9808012703047118
0.012950482186871337;0.5282614401978764;3;11;6;0.8789618871972327;0.34585234771532847
0.32012487406043977;0.16052660634166271;3;10;6;0.8772444060811407;0.368659906048295
0.2635990589211651;0.14304066723652142;3;10;6;0.8724245518535996;0.964562077942874
0.3020294603831638;0.4084946515332103;3;11;6;0.8685302105344433;0.602657055929738
0.24550363034272793;0.391008712428069;3;11;6;0.8732703682445053;0.1303842774462718
0.18521539567200562;0.4943874126941502;3;10;6;0.8775577836122599;0.7450985171957665
0.49274809973323286;0.44847499555507364;3;12;6;0.8781387019667658;0.567769909735968
0.6304453213314891;0.7310248324001926;3;10;6;0.8736194515719424;0.9197420931081424
0.9421883537851887;0.7165257967863148;3;11;6;0.8815413533653094;0.7544645429538347
0.9049225153618548;0.24699465191916004;3;10;6;0.8746506445278097;0.15973764236938837
0.8279721604679748;0.8856310493441757;3;11;6;0.8790749973578118;0.9659375334931772
0.8631776330317557;0.25468332789011494;3;10;6;0.8780492133855774;0.8312072037479918
0.8041435282707418;0.9844404717650145;3;10;6;0.8761146985511667;0.14636147245901832
0.13335493179860503;0.9087841468034382;3;11;6;0.8742090757480899;0.7661818583230353
0.05712121618120369;0.1910653776627279;3;10;6;0.8702836978860865;0.1839067495692741
0.09232667384382343;0.560117641307506;3;11;6;0.874858213929952;0.2624339019928317
0.03257592980633095;0.6462299666492927;3;10;6;0.8868240738722073;0.729872873937482
0.9760501146670563;0.6287440126429902;3;11;6;0.8705262466213024;0.15422678652456645
0.2896743643370603;0.05381264989292067;3;11;6;0.8669418054459316;0.5727579286218112
0.32487982199968;0.4228649135376986;3;11;6;0.8762061629587271;0.13604891998862334
0.2645915873289577;0.5262435840014574;3;11;6;0.8687215267343394;0.4288546284451904
0.20519915547912393;0.9341783260603812;3;10;6;0.8780836681885537;0.8648541118142764
0.14831501325102936;0.5948699702381028;3;9;6;0.8699314377299076;0.17552930681621548
0.1863870876242082;0.538501552718816;3;10;6;0.8851077047930845;0.01858281677348661
0.026577560228850272;0.6298001443853939;3;10;7;0.8689209770650101;0.8867650905331649
0.9700517301884145;0.6123142052802526;3;11;6;0.8766606177312628;0.5324744744539679
0.9160341897697178;0.8475851682939093;3;10;6;0.8664971855753226;0.22816669929095856
0.9475668096730948;0.16795767548919405;3;11;6;0.8799685868113695;0.7932528756574779
0.8910409945338201;0.15047172148289156;3;11;6;0.8765040563612109;0.1989310657493455
0.19893202568386725;0.42638172106095207;3;11;6;0.8707210230485215;0.19320499104408762
0.14240621054459257;0.4088957670546496;3;11;6;0.8711809521689426;0.5548519760120767
0.18011995782895152;0.030704932818225616;3;10;6;0.8686471001127882;0.07658079814880747
0.12359412778851564;0.013218978811923132;3;10;6;0.8841510487945855;0.4757195486720345
0.06456003792866294;0.7429761375879839;3;10;6;0.8781152700774693;0.2061693074094587
0.37083862698134284;0.07068526193892777;3;11;6;0.8821659769395105;0.7639994049308589
0.40926901354218037;0.33613926113677783;3;10;6;0.8768309984000437;0.06168531746888306
0.3527431835017445;0.31865330713047535;3;10;6;0.8732285866644214;0.6875972340405156
0.292992439464252;0.40476563247226205;3;10;5;0.8680695372830691;0.7302022746238138
0.23646660942381614;0.38727966356479837;3;12;6;0.8763626920233235;0.12033612904253321
0.27489699598465367;0.6527336776638096;3;10;6;0.8837326647003874;0.891814130833578
0.5811755850373336;0.9804428020147535;3;10;6;0.8794165149302523;0.5099324779268616
0.5250080969868788;0.284779264725588;3;10;6;0.8722807088681944;0.242620502188726
0.4656156651370451;0.6927139918833506;3;10;6;0.8674754544410223;0.6401895989969746
0.500462810612006;0.7399438388109917;3;10;6;0.8681242590250509;0.19505994848000285
0.44680359728212926;0.29703720364062414;3;10;6;0.8790352238168361;0.8307362484196551
0.28699405498561026;0.3883358102083634;3;11;6;0.8721590941602108;0.10235398445532184
0.23046823984633558;0.3708498711032221;3;11;6;0.8782276426798621;0.21357831982092113
0.26200085974971266;0.6912223782985069;3;11;6;0.8769883567933409;0.8087638375378603
0.207983319331016;0.9264933413121635;3;9;6;0.8727180651735733;0.5770169253318485
0.15145748929058012;0.9090073724046999;3;12;5;0.876532424103095;0.8402140194837314
0.4593485353417883;0.18491738688392145;3;11;6;0.8860853552654763;0.2638980563818313
0.49455400790556925;0.5539696505286995;3;11;6;0.8696465846535807;0.517151618522446
0.41760363811052814;0.19260603305255397;3;11;6;0.8769341568439013;0.15497785119269514
0.36107782297125346;0.17512009394741268;3;11;6;0.8757616541452629;0.47290913994091455
0.3237224027757144;0.8751333449009737;3;11;6;0.8693637315068925;0.29768804287417727
0.35606125862893623;0.6696062897098168;3;10;6;0.869692435276235;0.25277212414689243
0.646752693823757;0.4980403762722674;3;10;6;0.8790595127611133;0.8913150109947813
0.5902268637833211;0.4805544222659649;3;10;6;0.8816577417365657;0.1518246668816764
0.8834911744712199;0.02353148539527905;3;9;6;0.8748308813005385;0.6605641916533309
0.8687998383354104;0.8288124893996283;3;12;6;0.8792722236891173;0.05879565429101197
0.17633257219896004;0.7829000573593905;3;11;6;0.866510637151347;0.617428423305488
0.11944841506970427;0.44359168663595105;3;11;6;0.8754919663291905;0.26483986089818556
0.15124979519085735;0.25533102127024976;3;11;6;0.8762061136302465;0.5478344373004002
0.0972322398709996;0.49060198428390644;3;11;6;0.871349556395815;0.5786147286561256
0.04070642473172492;0.47311601537644277;3;11;6;0.8676036114596088;0.2732355366834255
0.8796427525254974;0.9380361783353636;3;10;6;0.8730736549471739;0.7406745086280758
0.9119816232798804;0.7325091082430455;3;11;7;0.8737200108618071;0.15087456081141937
0.8586807221376623;0.6114249046909762;3;11;6;0.872175911116061;0.5135069452736631
0.8021549069983877;0.5939389506846737;3;9;6;0.8720757509541105;0.8547725747166108
0.742404148059734;0.6800512760264604;3;10;6;0.8858676170125821;0.22251109039221562
0.7739367828642723;4.237832217451887E-4;3;10;6;0.8772331306254044;0.8503937910511964
0.08433610363605848;0.5290906849186037;3;10;7;0.8749073577941155;0.40455106571451516
0.031035202493840508;0.4080064664653732;3;12;6;0.8756051703590736;0.7659760689533833
0.9745093873545658;0.3905205273602319;3;11;6;0.8776829074271812;0.09286549021861634
0.006489931020128847;0.863171055451938;3;11;6;0.8726204871064307;0.40595939307008966
0.949964100979693;0.8456851014456355;3;10;7;0.8720788154176122;0.7788936068300992
0.24065553617451385;0.674119188008086;3;9;5;0.8738910229766063;0.5919373721103166
0.2029417888901549;0.0523100073433489;3;10;6;0.8756621412358445;0.7283225960927271
0.2356389718321965;0.16860536886932898;3;11;6;0.8724813837511938;0.08871543624984657
0.17911315669292194;0.1511194148630265;3;11;6;0.8695521257046613;0.39679277475900265
0.10216278689788083;0.7897558271892033;3;10;6;0.8799711660569928;0.06462876700746667
0.13736825946166165;0.1588080908339814;3;11;6;0.8735063439193701;0.5098983273409062
0.44525929061170866;0.4347180755108806;3;10;6;0.8726359534484617;0.8152882424862355
0.407545558228511;0.8129089097473047;3;9;6;0.8803498048581674;0.5019362876884542
0.35137805527689503;0.11724538735930035;3;11;6;0.8728672375899308;0.7408568556832406
0.3665173002737293;0.4642424042513724;3;10;6;0.8740592299963678;0.787224300896825
0.30963315804563485;0.12493403352793286;3;10;6;0.8778204496106405;0.40605928726658735
0.5367254123560795;0.9539851383722547;3;10;6;0.8740473153291373;0.1739540628729167
0.47312266701493444;0.3305064840048185;3;11;6;0.8731103894258668;0.4987831033774355
0.41659683697449856;0.31302052999851604;3;10;6;0.8853390060337691;0.045594702522268826
0.4543105693576962;0.9348297106632533;3;11;6;0.8730859134518243;0.4287879720988168
0.3977847691195828;0.9173437566569508;3;10;6;0.8727262015798726;0.9426336429849936
0.7056758002696298;0.1932537413338501;3;10;6;0.8757774985151896;0.29971198737285154
0.6450292385100876;0.9748100248827942;3;11;6;0.877039828576022;0.630363813268371
0.6805930381626885;0.6656847052447092;3;11;7;0.879288618943884;0.12524998172245094
0.6269338099316505;0.2227780700743418;3;10;6;0.8767790113776862;0.6728678019159678
0.5700496677035559;0.8834697142520634;3;10;5;0.8696620872421188;0.0031613156238285978
0.1514864156930682;0.1298370332840746;3;11;6;0.8763641070842977;0.59494274089814
0.18301905049760647;0.45020954047935946;3;11;6;0.8742044521688489;0.6734698933216976
0.12971816425654958;0.3291253220261289;3;9;6;0.8779478891432395;0.981188919643195
0.07319233421611371;0.3116393829209877;3;11;6;0.8700116688866659;0.8375900242520398
0.012904099545391401;0.4150180533847464;3;10;6;0.8711136778277961;0.15946291097727794
0.04398881058774362;0.5831125545847712;3;10;6;0.8674227409318623;0.5989560685611967
0.37364812297663164;0.6597342505196161;3;10;6;0.8777758468915345;0.6678084342901008
0.31461403311677894;0.38949139439451563;3;9;6;0.8808660625244186;0.44036141734760526
0.6106803299404145;0.045261701911699204;3;10;6;0.8793125217801547;0.0022226797170680213
0.5687562691647443;0.3920391695240856;3;10;6;0.879437340838813;0.4046291773232238
0.5932119886685733;0.1064189763582366;3;10;6;0.870779465457549;0.4942644098955531
0.4387773378031914;0.02505380388070877;3;10;6;0.8735033380687639;0.7316620877628549
0.3826098348515754;0.32939028149270444;3;11;6;0.8742176935752252;0.35685735015684783
0.3232174179029028;0.737325008650467;3;11;6;0.8771089690757791;0.9286585651796486
0.3547500378062799;0.05769751584575178;3;11;6;0.87303356754737;0.2905742954642526
0.2978658955781853;0.7183891451223122;3;10;6;0.8738697379972264;0.7818313123761484
0.6111318032582083;0.8216353656551056;3;11;6;0.8765032036405788;0.12036631932454422
0.5520977133983557;0.5513925244311665;3;11;6;0.8677347352204857;0.5552908214271706
0.5873031859621365;0.9204447731747833;3;10;6;0.8702029670466763;0.947932950566468
0.5270149512914142;0.02382347344086444;3;11;6;0.8715955055082085;0.7810429285124708
0.7176440237704395;0.23334819838228238;3;9;6;0.872771415023841;0.8566138973544255
0.6569974620108973;0.01490448193122651;3;10;6;0.8779915556386881;0.879285110327693
0.9648885080621056;0.2908144666081258;3;10;6;0.8760251482867434;0.49274522016747924
9.398062588639178E-5;0.6598667302529039;3;11;6;0.8744439805198494;0.27273346051567393
0.9460764253060285;0.8951376932665606;3;12;6;0.8710583084553161;0.6039695555330784
0.8858777724075112;0.8289719828107648;3;10;6;0.8751703684657959;0.35154719544085233
0.8293519423670754;0.8114860437056235;3;10;7;0.8781755472320733;0.6678232090058325
0.8620491402102782;0.9277813903304424;3;11;6;0.8718219800107305;0.14538842606176883
0.7047478726343372;0.2718368990169796;3;10;6;0.87265439553137;0.4191561246303549
0.6507303322156406;0.5071078620306363;3;11;7;0.8808849981179183;0.711646324182813
0.5942045021752047;0.4896219080243338;3;10;6;0.8763193818558923;0.35837283656509955
0.6256475701086992;0.9795388259414954;3;11;6;0.8782953976730025;0.4465280120958165
0.5662551233577042;0.387473553099258;3;12;6;0.8860027624917579;0.8243892084259383
0.8798793879288694;0.8125421754480273;3;10;6;0.8720540378507287;0.6528409491184438
0.8233535727895948;0.795056236342886;3;11;6;0.8730910133163658;0.11876061029353968
0.8553341015539967;0.26770676443459207;3;11;7;0.8750730304523183;0.07680086024669641
0.7954041939720943;0.6929078814178102;3;10;6;0.878337408267429;0.679063308165506
0.7385200517439997;0.3535995106943708;3;10;6;0.8758773972800508;0.9431562200394388
0.05178597432518395;0.4568457163260029;3;11;6;0.8615558050268937;0.5335043518596319
0.08734974417546226;0.14772039668791803;3;11;6;0.8792914833920996;0.8216482437047714
0.027957327226789674;0.5556551387468418;3;12;6;0.8726525493277879;0.3104182664963835
0.9677586743282723;0.489489428291046;3;9;6;0.8747713248919419;0.5376932488080071
0.9108745171990167;0.15018107246876766;3;11;6;0.8715760896448165;0.08634324698443396
0.19189116569918407;0.2894099374708411;3;11;6;0.8793021151933561;0.4761187594131723
0.22342380050372224;0.609782459567287;3;10;7;0.871135814331494;0.8017540507686969
0.17012291426266535;0.48869825601521777;3;10;6;0.8733588478713321;0.5284414048758347
0.2223559630519617;0.8925065100110076;3;10;6;0.8696081337464325;0.9183418074019369
0.18500054285642265;0.5925197460634074;3;10;6;0.8791471101629602;0.028981888546812273
0.12480188995790531;0.5263540505087728;3;10;6;0.8669395280187617;0.4635480784617799
0.16287396433108414;0.4699856329894859;3;10;6;0.8794167747229317;0.01080400710970797
0.10598980720182838;0.13067727716720756;3;9;6;0.8750319747984772;0.4009378615284275
0.41298503553098687;0.1020312200512643;3;10;6;0.8797658854540612;0.49800835139144706
0.3532342914934944;0.188143545393051;3;10;6;0.8660161699118325;0.052878700874475326
0.3884397491561141;0.5571958090378291;3;10;6;0.8750175924954577;0.37215370130460823
0.33513886291505723;0.4361115905845986;3;11;6;0.8735619161108001;0.9835534452848413
0.27449230115551504;0.21766787413354272;3;10;6;0.8690489019936845;0.9724096907660578
0.5852499490161213;0.06815719254753816;3;10;6;0.8677512425483432;0.8453833487270164
0.617588804869343;0.8626301224552201;3;10;6;0.8755928052209986;0.17648309838472187
0.5607046626412484;0.5233217666329417;3;10;6;0.8698870365824823;0.838137963252204
0.5005060097427312;0.45715607107830725;3;10;6;0.8731809519422599;0.09300399729250819
0.44057610216082876;0.8823571731603642;3;11;6;0.878082472926104;0.38070355963455305
0.4782898345440264;0.5041663389239402;3;11;6;0.8673490189799622;0.7652833739788866
0.7886891553158127;0.03283324062079862;3;10;6;0.8777619563964459;0.4624088773688344
0.7359257597079857;0.8944826472432738;3;10;6;0.8744216923394599;0.14072587736063535
0.6911350822217563;0.6666807960197251;3;11;6;0.8743669454385989;0.2310662939471082
0.6317426652730838;0.07461552317748765;3;10;6;0.8767101295388927;0.5400394352771528
0.6472402224575768;0.7434349567866967;3;10;6;0.8763592349395837;0.8171216445161616
0.48993898468395813;0.0874904654732338;3;11;6;0.8698714975271015;0.7277194828904354
0.43018822574530446;0.1736027759138593;3;11;6;0.8767634985044712;0.12071993911855272
0.3931911326385854;0.1954384584857186;3;11;6;0.8757008871205862;0.0850308833237352
0.42803827811354633;0.2426682905121984;3;10;6;0.8673054386878115;0.6477879485140864
0.3514462354073251;0.20312710465435113;3;10;6;0.8740083011716848;0.9566715229730872
0.6622038832679313;0.053616423068346575;3;9;6;0.8740552575294543;0.7877211350595369
0.694542739121153;0.8480893678771896;3;9;6;0.8761971364281841;0.9688189100183068
0.6376585819918973;0.5087810120549113;3;12;6;0.8766118724033359;0.24590111925731573
0.5839993686620206;0.06587437688454378;3;10;6;0.8766879140202779;0.5777175081914998
0.5237111339912983;0.169253077150625;3;11;7;0.8722837345032299;0.17657586366768163
0.5589166065550791;0.538305340795403;3;10;6;0.8754583666596317;0.9189399385037225
0.8668076526062874;0.8142153254723024;3;10;6;0.8870809106694514;0.29192093075238723
0.8131484243752495;0.371308705203096;3;10;6;0.8769482608221442;0.6648551743147192
0.7562642821471549;0.032000334479656556;3;11;6;0.870887050360882;0.6892284260587199
0.7877969020505319;0.3523728416749413;3;10;6;0.8791656870546207;0.38680540276646147
0.7284044851018594;0.7603075688327038;3;10;6;0.8815475953817459;0.7444988474087633
0.03916213296246551;0.6107968872466993;3;11;6;0.8751856890920341;0.1974291963176218
0.9855029196325887;0.1678902520763318;3;10;6;0.8818354610461607;0.2134713879500436
0.020350065107549775;0.21512011390513397;3;11;6;0.8844460213010866;0.8122401765551818
0.9604201426244862;0.640321215987191;3;11;6;0.8809454158793558;0.36424392422881213
0.9006693836858325;0.7264335413289777;3;11;6;0.872069974934865;0.521781812306964
0.7433681459122139;0.07048903511435367;3;10;6;0.8763531675440176;0.0930491160544652
0.7817985324730513;0.33594303431220374;3;11;6;0.8701629133403005;0.5604020557825182
0.7224061155243787;0.7438777763711275;3;11;6;0.8718642575014747;0.8739438674950164
0.6621178659524952;0.8472564766372087;3;11;6;0.8779176904195918;0.2709326703864854
0.6248520424303224;0.37772533177005396;3;10;6;0.8740197596882351;0.997620009592462
0.9339972183912391;0.2800137600557716;3;11;6;0.8660226391918934;0.3184179001500793
0.9666944013332808;0.3963091364829129;3;10;6;0.8766683559450513;0.8883414922156672
0.9130351731022428;0.9534025013125454;3;10;6;0.8738289351024785;0.24457076756780816
0.8527469384315205;0.05678120157862654;3;11;6;0.8749271589337391;0.5347318559440982
0.7962211232922458;0.039295247572324055;3;11;6;0.8793544740422944;0.8523048176034977
0.8282016520566478;0.5119457756640301;3;10;6;0.8690280832421531;0.4645967999478504
0.13860098772959517;0.04061267736088858;3;10;6;0.8792469251571375;0.8693324087301744
0.08530010148853828;0.9195284440064969;3;10;6;0.8759352161221491;0.030352500859662568
0.028774271448102517;0.9020425049013556;3;11;6;0.8654240958554934;0.7877662389203326
0.06030690625264068;0.22241502699780158;3;11;6;0.8715842824101622;0.4367901484127197
5.561473139870099E-4;0.3085273225372659;3;10;6;0.8754589874407896;0.7385967926698501
0.31095546808577335;0.8371942242341244;3;11;6;0.8715969155514762;0.90697403048132
0.25765456694355526;0.7161100206820551;3;10;6;0.8659166782567415;0.22598028559483796
0.2899934376979382;0.5105829654908981;3;10;6;0.8771542776322696;0.6305367308327519
0.23310928056868252;0.17127459476745865;3;11;6;0.8745185986856608;0.4553156486671759
0.1731793878879413;0.5964757117506768;3;10;6;0.8811259924187347;0.8209042018098612
0.018386395032578218;0.19328812255601202;3;11;7;0.8799992557562781;0.18895822638957493
0.050187775153731407;0.005027442289149531;3;11;6;0.8658264932683047;0.4404201530860903
0.9933036329256368;0.66571907156571;3;9;6;0.8734900343456583;0.3307761797069376
0.933911201075803;0.07365381362463375;3;11;6;0.8796714109826119;0.9686024123771868
0.8777437130253483;0.37799026143430714;3;11;6;0.8791723772332132;0.9993827186340734
0.9092763329287253;0.6983627835307531;3;10;6;0.8736610660827213;0.23821367505433233
0.22254227041107066;0.8016090040635465;3;11;6;0.8808782317361435;0.7155101616948149
0.1781995017858663;0.7260851588352579;3;10;6;0.8720457627990846;0.27504231288810954
0.10160745907964508;0.6865439729774107;3;10;6;0.8729657925704087;0.8673929577628796
0.1371712438310846;0.37741865333932567;3;10;6;0.8678001661119603;0.8854059483838108
0.077778826882412;0.7853533804970882;3;10;6;0.8762208178375289;0.4139429554057972
0.38781982056537845;0.9921978654768097;3;10;6;0.8832362534727413;0.0035744181471892844
0.35055398214204436;0.5226667206096549;3;11;6;0.8757188269794681;0.04689612780928831
0.36569322713887864;0.8696637524028881;3;11;6;0.8747383762945611;0.8788415278154653
0.30665913727902594;0.5994208962777877;3;9;6;0.8621559652709553;0.6835685057123408
0.2501333072385902;0.5819349571726464;3;10;6;0.8724890312692576;0.9211025140381804
0.5630409027309544;0.3633587609883028;3;11;6;0.8748200040344091;0.5541809425838885
0.5982463752947353;0.7324110246330808;3;11;6;0.8713293221413058;0.2751350781710693
0.537958140624013;0.8357897099980008;3;10;6;0.8792612836349737;0.9054364866795844
0.47856570877417925;0.24372443715576342;3;11;6;0.8687612209878733;0.2875975931743837
0.42239822072372446;0.5480608998665979;3;11;6;0.8774224282385711;0.22037591747618912
0.4604702801957421;0.4916924972484721;3;10;6;0.878749702875869;0.9262839691966707
0.04441531780699359;0.99081670349812;3;11;6;0.8864357025341678;0.43968171632066144
0.985022900858321;0.3987514455570438;3;10;6;0.8809040566691921;0.6623880431509926
0.9247346661875987;0.5021301309219638;3;10;6;0.8695990057221823;0.24309313214492223
0.9599401238502184;0.871182409467903;3;9;6;0.8702748932211438;0.6981734435867001
0.9066392227080003;0.7500981761135114;3;11;7;0.8725990141877737;0.18218851843907202
0.21417195657154986;0.7041857589744348;3;10;6;0.8697383251616584;0.7597265164385989
0.1572877994422941;0.36487738825099536;3;10;6;0.87164180571812;0.7775175253304093
0.19535985891431173;0.30850898563286955;3;10;6;0.8739897508956798;0.13925409207060335
0.13919238576501813;0.612845448343704;3;11;6;0.8625811011601715;0.9723640551154449
0.0789937179653396;0.5466797378879084;3;10;6;0.8802494251321095;0.6024863000795501
0.38652643692772803;0.5007673207488318;3;10;6;0.8705043607534048;0.12349848293980226
0.42137356750152777;0.5479971676764728;3;11;6;0.8780660253160113;0.13546670644061187
0.367714354171651;0.10509053250610534;3;12;6;0.8806096119335678;0.4694330430065541
0.3086802643117984;0.8348476912821661;3;11;6;0.87269585950944;0.8299154649358785
0.2509002894604929;0.19098329366704525;3;10;6;0.8743223320748051;0.4078118049253865
0.2835974724025345;0.30727864029186414;3;10;6;0.8788645164005005;0.922238150674357
0.59686340988488;0.41052486082465756;3;11;6;0.8802960062961773;0.25960859458408825
0.5365751752141577;0.5139035610907386;3;10;7;0.8634071834679564;0.8934932441784798
0.4800493451737218;0.4964176070844363;3;10;6;0.8711778263165757;0.10410609136578453
0.6008121367754365;0.1987627155059739;3;10;6;0.8815384637215212;0.6823501712141248
0.9272465053649457;0.3789826907889081;3;11;7;0.8878184106136615;0.957999057196693
0.9510751375621787;0.2801732832692305;3;10;6;0.8872278551708994;0.726789635623911
0.8898911000705678;0.07899594174246916;3;11;6;0.8664486426567606;0.3724094526736702
0.9019845648124332;0.19050243144003765;3;11;6;0.874132405662708;0.5651060199257866
0.9096885674197384;0.6096843610561612;3;11;6;0.8750104909198632;0.955734561694186
0.8291549416376596;0.03009660621096788;3;11;6;0.876052181410934;0.2859384787286806
0.8371276746604185;0.9406453483649442;3;10;6;0.8721082121448818;0.6835075904380904
0.848862827214625;0.7303294362465369;3;11;6;0.8696190487873757;0.35725237049183
0.7877683714952192;0.35960768399789855;3;10;5;0.8782664289547822;0.7788760266292155
0.7928745027085802;0.6955770924147787;3;12;6;0.8743350223481076;0.04252102964212334
0.8046096701639479;0.48526119519753264;3;10;6;0.8700464371101523;0.5483939526043801
0.8125824031867068;0.39580990754918655;3;11;6;0.8764740094708524;0.12879855241330485
0.11912972265484056;0.2148858593391444;3;11;6;0.8813634917954819;0.4244708626792698
0.08911997797778681;0.012258608290530826;3;10;6;0.8699038976274359;0.01410232542066192
0.7342918712653601;0.2017079000330848;3;11;6;0.8682149955988646;0.40504241578922606
0.7581205183637543;0.10289850741456841;3;11;5;0.8786436927661375;0.9748764111814477
0.6972947930598021;0.223543582604944;3;9;6;0.8816588982704555;0.15148365716879508
0.7078653825753441;0.2173048161558414;3;11;6;0.8809666261761143;0.5042620764908143
0.7196005351295507;0.006988904037434018;3;11;6;0.8749300379828202;0.07463357741742704
0.002767131261476208;0.07715225444116836;3;11;6;0.8786590525248029;0.8917980744167507
0.01109819137305501;0.3095234133122817;3;11;6;0.8685647388140714;0.10241092160405552
0.022475031739602858;0.7773850844767374;3;11;6;0.8763724860116895;0.3456781484498521
0.9592306134872777;0.4757288617275993;3;10;6;0.8781250291130387;0.963348586682111
0.9668450343223779;0.06445517226327746;3;11;6;0.8743285670953653;0.52915141722627
0.9776843542533735;0.5495832183520276;3;10;6;0.881078141444905;0.05858425687146718
0.9865529198993435;0.7646879873976853;3;10;6;0.8731436270448756;0.354077388691861
0.9290417052658141;0.6121904023204172;3;9;6;0.8697126314192342;0.7145598106211855
0.937014438288573;0.5227391295732324;3;11;6;0.8771815405198086;0.05560307738899817
0.9487495908427795;0.31242321745482504;3;11;6;0.8686936458018074;0.7472641373779262
0.8649910510636442;0.8364337419577209;3;10;6;0.8804630459120242;0.8936043635351013
0.8927612514355735;0.27767090342538936;3;10;6;0.8669181168607326;0.4836837351375183
0.9010923264483135;0.5100420324941803;3;11;6;0.8739265512120602;0.023060091892822543
0.18766301502286675;0.1375183566118775;3;11;6;0.8752175859446272;0.06131844382278806
0.19599407513444567;0.3698894856806685;3;10;6;0.8660240713211542;0.4553395929691577
0.20656467955114877;0.3636507341327271;3;10;6;0.8720720571753716;0.008153126148240708
0.2186581591941752;0.47515723873145677;3;9;6;0.8762423960285429;0.545021208182967
0.15747410680140317;0.2739798972046954;3;9;7;0.8899947118820494;0.4104700419821915
0.16258023801476418;0.6099493205227368;3;10;6;0.8650701504942204;0.6619319835798679
0.17718199237836862;0.9742127123391032;3;10;6;0.8731102445094343;0.6890394520775119
0.091004744749699;0.07592192400132414;3;10;5;0.8758310325040665;0.2338802522338359
0.12191030714880235;0.5831052168427804;3;11;5;0.8736176095513004;0.757759036903486
0.1323913297933006;0.7464108611155547;3;11;6;0.8723415497718522;0.38788126696643
0.04988691992387351;0.8967998292272689;3;11;6;0.8702009458006581;0.6895519617110367
0.06045752434057672;0.8905610627781662;3;10;6;0.871631164597515;0.3212866636736701
0.06878858445215552;0.12293220674811833;3;10;6;0.8674630633818767;0.8812667237279896
0.08016540991754217;0.590793877912574;3;10;6;0.8735211664542573;0.16202177072624124
0.38662314761347083;0.5794142106220864;3;10;6;0.8757590899791005;0.22433469688650476
0.3914605484113781;0.42401682140227503;3;10;6;0.8806804770505559;0.7663088952334309
0.40355402805440455;0.5355233110998435;3;10;6;0.8768168689736338;0.2642090851729286
0.3194371462852881;0.7377114188856023;3;10;7;0.878719929201721;0.5709427120001713
0.35320931049378945;0.8194740305629935;3;10;6;0.8757178130215919;0.3926758495796263
0.3620778761397593;0.03457879960865118;3;10;6;0.8734653176299285;0.8382062495229534
0.28163383212988546;0.2854466489427421;3;10;7;0.8817882003607366;0.12173831655839795
0.2896065651526444;0.19599537619555718;3;10;6;0.8695470187363507;0.6020805685526883
0.31728719865352994;0.8067769334839414;3;10;6;0.8764392490321268;0.4346566203222303
0.30931446563077103;0.8962282062311262;3;11;6;0.8791527203849286;0.38230544430425506
0.24535339320080607;0.9509271500477141;3;11;6;0.8797116874321826;0.07414923229436199
0.25368445331238487;0.18329829401766629;3;10;6;0.8775107026187106;0.10138908584776063
0.26506127877777164;0.6511599651821219;3;11;6;0.8831875563043505;0.7671646973355103
0.08088562855195092;0.8585343541938333;3;12;6;0.8736504210864878;0.32727753829275985
0.11438904744383727;0.4489301533333716;3;11;6;0.8722568482486109;0.5247219245705785
0.1264825270868637;0.5604366579321014;3;11;6;0.8675629949754908;0.909032978697136
0.042365645317747225;0.7626247657178602;3;10;6;0.8813050349346021;0.4936479068985332
0.04747179143226943;0.09859415923357917;3;11;6;0.8759199916556866;0.579699898384986
0.07882526269239776;0.7580554729714566;3;11;6;0.8809878223802277;0.32242230030984664
0.9988291126423876;0.16120134320196877;3;10;6;0.8730479038828581;0.9910645136069942
0.006801860566307716;0.07175008535594507;3;10;6;0.8809006462827899;0.041505941853352324
0.017282883210805844;0.23505571472755815;3;10;6;0.864153155692098;0.5465726288657643
0.026509761044434366;0.7719829004903529;3;10;7;0.8759092760782615;0.781632787862676
0.945349077758082;0.37920591639016976;3;10;6;0.8655754154153806;0.5577726062651482
0.9766129672460052;0.20821162594876297;3;10;6;0.8729018601716019;0.9918762187436786
0.274918808374765;0.6253720081457305;3;10;6;0.8771328722162632;0.4742824010542912
0.28289154139752404;0.5359207502997069;3;11;6;0.8810065495200105;0.09401322004726431
0.2946266939517306;0.3256048381812995;3;11;6;0.8690368834701402;0.41969526008912184
0.30304733583551435;0.388431586330536;3;11;6;0.8646492248692595;0.8048125650666852
0.2393550087221643;0.9344973426849766;3;10;6;0.8754081246738227;0.08816545365655848
0.24696942955726453;0.523223668121816;3;11;6;0.8808332939261453;0.8159277741289949
0.25906290920029096;0.6347301727205457;3;11;6;0.8733139956447884;0.3805339615235688
