2916;0.16958723309578094;0.27929279705412574;6;0.5627218464233655;[0.07968081370571342;0.18938637766405822;0.25949365248584844;0.3691992164441933];0.7749062834855001;0.25
4655;0.9051481880315575;0.2657276096533763;6;0.4864506709203133;[0.8125602269440342;0.17313964856585293;0.9977361491190808;0.3583155707408996];0.7819073776870296;0.25
5841;0.9303522096238289;0.40216701586861137;6;0.5282219606069122;[0.8391960645994866;0.311010870844269;1.0215083546481714;0.49332316089295375];0.773956217820136;0.25
1874;0.7900451523625255;0.5803441097433192;6;0.3844314951781832;[0.7035662225341505;0.49386517991494416;0.8765240821909005;0.6668230395716942];0.7707714553069922;0.25
6532;0.5789373412323748;0.16593274635979924;6;0.5106178422640884;[0.49477606604695756;0.081771471174382;0.6630986164177921;0.2500940215452165];0.767490048900145;0.25
5374;0.9378011412127459;0.5030021813502827;6;0.45979828401818235;[0.8496228152337735;0.4148238553713103;1.0259794671917184;0.5911805073292552];0.773764999156101;0.25
1047;0.12943172453829677;0.3011378410355371;6;0.27570615465673753;[0.04266074331953337;0.2143668598167737;0.21620270575706016;0.38790882225430046];0.7875423051314211;0.25
9372;0.3937940535069817;0.25072386541274105;6;0.33751191164299527;[0.30628507299894103;0.16321488490470037;0.4813030340150224;0.33823284592078173];0.7803939612160791;0.25
8866;0.8496779597933486;0.3696950361914673;6;0.6429975308622564;[0.7661982785451655;0.2862153549432842;0.9331576410415316;0.45317471743965043];0.7785404860034807;0.25
3016;0.7236072874540805;0.8672841940835115;6;0.3497356705170923;[0.6363529412195283;0.7800298478489593;0.8108616336886327;0.9545385403180637];0.7774194912717161;0.25
1270;0.829938340715584;0.24403794481171676;7;0.4877673221765442;[0.7450022113135777;0.1591018154097104;0.9148744701175904;0.3289740742137231];0.7777495111694234;0.25
6858;0.8133998611542298;0.21135996057362594;6;0.5464352787704212;[0.7235941885875548;0.12155428800695088;0.9032055337209048;0.301165633140301];0.7745150543268027;0.25
8250;0.5625352238056807;0.19258180230536262;6;0.4836450999269253;[0.47715976087872236;0.10720633937840429;0.647910686732639;0.27795726523232095];0.7784684695570351;0.25
3015;0.3551558530336414;0.0602434478902332;6;0.44511239984208695;[0.26634162616096174;-0.028570778982446435;0.44397007990632104;0.14905767476291282];0.7819062426165739;0.25
8229;0.9488922298011229;0.2736146152907144;6;0.48005517863117286;[0.8600514559519911;0.18477384144158257;1.0377330036502548;0.3624553891398462];0.7729709602594761;0.25
6370;0.5384848374959438;0.40762832267236115;6;0.7215578505879454;[0.4478738295601019;0.3170173147365193;0.6290958454317856;0.498239330608203];0.7768128478570276;0.25
6598;0.37407530210396345;0.6573935324809153;6;0.43443438999954476;[0.28824622904810426;0.5715644594250561;0.45990437515982263;0.7432226055367744];0.7701743761713448;0.25
1730;0.5632333224072941;0.7238340377972577;6;0.4182821604409921;[0.47465026247607756;0.6352509778660412;0.6518163823385106;0.8124170977284743];0.7766696245401024;0.25
8800;0.6573201600298129;0.8893542484752277;6;0.5541828689658259;[0.5703677845983715;0.8024018730437863;0.7442725354612543;0.9763066239066691];0.7652543272173173;0.25
4398;0.6869366887202868;0.07864889125156359;5;0.4103032774826575;[0.5999301724098952;-0.008357625058828005;0.7739432050306784;0.16565540756195518];0.7682954665111313;0.25
1858;0.8657643508725074;0.5491518461998324;6;0.56171477716977;[0.7789966394054362;0.4623841347327612;0.9525320623395785;0.6359195576669036];0.7761027032796084;0.25
9860;0.7804114697397917;0.07740202574984911;6;0.4177538014570976;[0.6913337145869543;-0.011675729402988333;0.8694892248926291;0.16647978090268656];0.7669687685355853;0.25
99;0.5471829189086242;0.7223479730556972;6;0.44237506497716317;[0.45951380430767713;0.63467885845475;0.6348520335095713;0.8100170876566444];0.7750158412608406;0.25
7718;0.5538190825421135;0.4444740249281032;7;0.3979358402031804;[0.4674245986183867;0.35807954100437633;0.6402135664658404;0.53086850885183];0.7712903384997256;0.25
2380;0.7418791523450123;0.014304141779847804;6;0.5010711779120882;[0.6518535371798111;-0.07572147338535339;0.8319047675102136;0.104329756945049];0.7765227669831091;0.25
9924;0.4495610097920065;0.19493682966617581;6;0.5254161021878807;[0.36253285009663927;0.10790866997080854;0.5365891694873738;0.2819649893615431];0.7740708785525301;0.25
2300;0.7589226393680383;0.0024548025641468463;5;0.5436220397107321;[0.6722738938036559;-0.08419394300023558;0.8455713849324207;0.08910354812852928];0.7723106273818547;0.25
9119;0.8795813559632575;0.8520992834381131;6;0.3797946837537818;[0.7944760442469441;0.7669939717217997;0.9646866676795709;0.9372045951544266];0.7788866854321433;0.25
2986;0.3321129196920568;0.2625113813608139;6;0.41032096808276836;[0.2444087648747889;0.17480722654354602;0.4198170745093247;0.3502155361780818];0.7779634160235632;0.25
6178;0.8039194608848002;0.19150346650026942;6;0.4971530926807264;[0.720200972901049;0.10778497851651833;0.8876379488685513;0.27522195448402054];0.769398517503618;0.25
7214;0.785527621168022;0.7940467740341118;6;0.7209740463531868;[0.6998818835878109;0.7084010364539007;0.8711733587482331;0.8796925116143229];0.770732989554069;0.25
7097;0.8958790599408684;0.08191211400429066;6;0.4462835346707445;[0.8113982380923793;-0.0025687078441983535;0.9803598817893574;0.16639293585277967];0.7776285411785999;0.25
2447;0.39622084790832945;0.7709828064758756;5;0.5155617715568479;[0.31105275784477404;0.6858147164123202;0.48138893797188487;0.856150896539431];0.7788476255270799;0.25
3196;0.3049112618693597;0.4956049108427787;6;0.48950943098581295;[0.21567975809391116;0.40637340706733016;0.3941427656448082;0.5848364146182272];0.7699091205538999;0.25
4039;0.8949888523086296;0.09268119492249273;6;0.36785957709560213;[0.8029766650806968;6.690076945598811E-4;0.9870010395365624;0.18469338215042558];0.7805529447975988;0.25
3837;0.22907289537372466;0.3831825998403025;7;0.47170648046144614;[0.13734207999988796;0.2914517844664658;0.32080371074756137;0.4749134152141392];0.7773499460121074;0.25
1912;0.633348472418843;0.3761654071643224;6;0.27688397083539107;[0.5422763242881524;0.2850932590336319;0.7244206205495335;0.4672375552950129];0.7662840814430563;0.25
8045;0.7844767997284692;0.3733301352765179;6;0.4206083271818253;[0.6961478479868588;0.28500118353490755;0.8728057514700795;0.4616590870181283];0.7792465695454164;0.25
3335;0.4306529604285809;0.17773670927889462;6;0.3557174333287184;[0.34568877333765047;0.09277252218796418;0.5156171475195114;0.2627008963698251];0.7750492416079064;0.25
3577;0.7905708596091692;0.053778208104439895;5;0.4743904138017729;[0.7047040157473415;-0.03208863575738778;0.8764377034709968;0.13964505196626759];0.7667181700832648;0.25
4765;0.12340298108328585;0.06911067717832735;6;0.18694244115587821;[0.03665982312786653;-0.017632480777091966;0.21014613903870516;0.15585383513374668];0.7864795951361484;0.25
8379;0.43086817911017217;0.20753427912917677;6;0.42089144304948245;[0.3397868442200764;0.11645294423908097;0.521949514000268;0.29861561401927256];0.7759219289708417;0.25
1626;0.33242661576074173;0.09071733188273004;7;0.42553207761560985;[0.2480425441260672;0.0063332602480555;0.41681068739541627;0.17510140351740458];0.7743070392119642;0.25
5959;0.8722752250176832;0.14762509316129974;6;0.24388963314326417;[0.7835013085172634;0.05885117666087994;0.961049141518103;0.23639900966171953];0.7774917580277756;0.25
5382;0.934107221241341;0.3237294569261915;6;0.5600944532170441;[0.8477166598434839;0.23733889552833434;1.020497782639198;0.41012001832404865];0.7798693010031985;0.25
2236;0.9860071074378656;0.31784238959044087;6;0.4714910219718037;[0.8952558643341528;0.22709114648672807;1.0767583505415783;0.40859363269415366];0.7795378875265555;0.25
3482;0.7888438066373561;0.34157248947848207;6;0.5899072253177304;[0.7011683174476825;0.25389700028880846;0.8765192958270297;0.42924797866815567];0.7840338852244155;0.25
2188;0.9548843976603361;0.29769755736340286;6;0.7346097596511619;[0.8652822390037105;0.20809539870677732;1.0444865563169616;0.38729971602002844];0.7798727197732761;0.25
9105;0.7882978582864586;0.6808382187155807;6;0.4150829347734096;[0.7018138583582277;0.5943542187873498;0.8747818582146895;0.7673222186438116];0.7782835501078526;0.25
3253;0.9014977417561957;0.43860626710346584;6;0.5801419149978724;[0.80763667696063;0.3447452023079002;0.9953588065517613;0.5324673318990315];0.76585398822621;0.25
4732;0.6509987751486664;0.061936745440110616;6;0.5133368283182851;[0.5635146745507215;-0.025547355157834406;0.7384828757466114;0.14942084603805564];0.7791058093535026;0.25
9380;0.9748037104104885;0.02037517042699377;7;0.6280205812282885;[0.8854485024096529;-0.06898003757384186;1.0641589184113243;0.1097303784278294];0.7754335636874197;0.25
8871;0.7524319426519275;0.31716347887357427;6;0.619405558453115;[0.6649389933502412;0.22967052957188802;0.8399248919536138;0.4046564281752605];0.780730392267253;0.25
1436;0.8398947293464739;0.3092569149533694;6;0.6027882248749917;[0.7528638420011773;0.2222260276080727;0.9269256166917705;0.39628780229866606];0.783655991723912;0.25
9938;0.7324944505820639;0.4856141733822135;6;0.34625265095553637;[0.644008560544421;0.3971282833445706;0.8209803406197067;0.5741000634198564];0.7809991044650577;0.25
9080;0.4424059053246691;0.6513229386461811;6;0.4021956873532606;[0.3542309389781061;0.563147972299618;0.5305808716712321;0.7394979049927441];0.7739465694196997;0.25
2008;0.8254978276570683;0.02039760544615983;7;0.38970251858545796;[0.7415699462603857;-0.06353027595052271;0.9094257090537508;0.10432548684284237];0.7703898941142796;0.25
6800;0.9125040177637107;0.3005446143263653;6;0.32444773235713975;[0.8262024336232867;0.2142430301859413;0.9988056019041347;0.38684619846678936];0.786319110547766;0.25
4895;0.7536510048167401;0.31910365890874937;6;0.5622741395660587;[0.6669309117377793;0.2323835658297886;0.8403710978957009;0.40582375198771015];0.771087848750191;0.25
1771;0.846847404623721;0.6158996184097283;6;0.3293822766739256;[0.7568602614694444;0.5259124752554517;0.9368345477779976;0.7058867615640049];0.7724564947250915;0.25
5340;0.9054223572886891;0.3194118245951875;6;0.6318385821720385;[0.8169209298842227;0.2309103971907211;0.9939237846931556;0.40791325199965395];0.7759946539565017;0.25
6264;0.5626795096041269;0.18425589440771067;6;0.3661676081968275;[0.472228357183743;0.09380474198732675;0.6531306620245109;0.2747070468280946];0.7753686306959451;0.25
2053;0.8625071904885347;0.3301095855017284;6;0.43740699430153507;[0.7776729558074734;0.24527535082066707;0.9473414251695961;0.41494382018278975];0.7740206815530314;0.25
6059;0.5907625621646694;0.1571357539363809;6;0.409349432652358;[0.503353957802353;0.06972714957406453;0.6781711665269857;0.24454435829869728];0.7795897647266542;0.25
2316;0.9715967706420172;0.5591904015986371;6;0.6239829936976047;[0.8859717000609033;0.4735653310175232;1.0572218412231311;0.644815472179751];0.7694305240178436;0.25
242;0.9547024549052834;0.3901315533924615;6;0.3825127865771675;[0.8692284691999892;0.3046575676871673;1.0401764406105776;0.47560553909775577];0.7763261863693176;0.25
8538;0.5353250822131959;0.7672223746712674;6;0.5094773043050767;[0.44544631678558755;0.6773436092436591;0.6252038476408042;0.8571011400988757];0.7762171999252359;0.25
2476;0.5117802229555787;0.9860118724692609;6;0.5963456661165243;[0.4218677433634014;0.8960993928770836;0.601692702547756;1.0759243520614383];0.777397925691619;0.25
8403;0.30563120353883566;0.5167428222022874;6;0.375896778953152;[0.21692772141723993;0.42803934008069167;0.3943346856604314;0.6054463043238831];0.7794943393337438;0.25
8141;0.5062460271743774;0.6438285998385866;6;0.6502956304748584;[0.4172715132715501;0.5548540859357594;0.5952205410772047;0.7328031137414139];0.7760518669299541;0.25
2078;0.8443915399273441;0.5504255919861907;6;0.6175081061545142;[0.7532372618976121;0.4592713139564587;0.935545817957076;0.6415798700159226];0.77516674430046;0.25
8227;0.7903114542113052;0.35023521247358824;6;0.5143791500348215;[0.7040766057796584;0.2640003640419413;0.8765463026429521;0.43647006090523516];0.7655909043236624;0.25
7067;0.9502004098190959;0.15631638229034944;6;0.4582464710422891;[0.8684462397504253;0.07456221222167889;1.0319545798877665;0.23807055235902];0.7739057727224334;0.25
9748;0.7236363449630254;0.18921157434436536;7;0.5480477243140099;[0.6328391231533033;0.09841435253464323;0.8144335667727476;0.28000879615408747];0.7727533733318579;0.25
8934;0.5457015839522765;0.5694640406844296;6;0.46394977110849445;[0.4593283441705418;0.48309080090269485;0.6320748237340112;0.6558372804661643];0.7784764212115802;0.25
5714;0.4225185999773547;0.8073280936001572;6;0.5406690296641463;[0.33296582540297426;0.7177753190257767;0.5120713745517351;0.8968808681745377];0.7764178904136618;0.25
8746;0.12269382164663156;0.6964216020796881;6;0.4136114088271298;[0.035609926725550675;0.6093377071586071;0.20977771656771244;0.783505497000769];0.7725603520115867;0.25
7441;0.6761970248564579;0.8574895229407984;6;0.4474192031838131;[0.5863476431375618;0.7676401412219023;0.766046406575354;0.9473389046596945];0.7664113036106396;0.25
627;0.8630099124550281;0.6009555693072313;6;0.4167840581024916;[0.7738363111916842;0.5117819680438873;0.9521835137183721;0.6901291705705752];0.7746031207377811;0.25
9684;0.18201044138433353;0.37508829093362117;6;0.5706057993573089;[0.0905796470635218;0.2836574966128094;0.2734412357051453;0.4665190852544329];0.7691336675802624;0.25
867;0.4941507508972937;0.6772260379541901;6;0.5214388603786334;[0.4054444496259938;0.5885197366828903;0.5828570521685936;0.76593233922549];0.7794088932980722;0.25
7775;0.7797745873187292;0.06912017902521095;6;0.5789342646714445;[0.6924617965984247;-0.018192611695093522;0.8670873780390337;0.1564329697455154];0.7730360786933131;0.25
9191;0.8726185958569197;0.24338853370323627;6;0.4736370922605343;[0.7820131716606767;0.1527831095069933;0.9632240200531627;0.3339939578994792];0.7764357512152962;0.25
286;0.84578696813132;0.16377275382125772;6;0.3406351971098321;[0.7572402270829727;0.07522601277291037;0.9343337091796674;0.2523194948696051];0.7726493058387047;0.25
6050;0.7989684349950856;0.49179305227263925;6;0.526157184932967;[0.7110615980148175;0.4038862152923712;0.8868752719753538;0.5796998892529074];0.7771581558914487;0.25
4567;0.7270864737760713;0.12852915947272692;6;0.5452644590740802;[0.640930866219906;0.04237355191656167;0.8132420813322365;0.21468476702889217];0.7766509052249931;0.25
6697;0.5902871907415402;0.8007435833078779;6;0.61134486806588;[0.5045451368902722;0.7150015294566099;0.6760292445928082;0.8864856371591459];0.7841746477491702;0.25
8900;0.3556864839439257;0.6436177531495726;7;0.7368515556071904;[0.2694935073410708;0.5574247765467176;0.4418794605467806;0.7298107297524276];0.7742527920491453;0.25
2409;0.6608690897390487;0.9093430503606892;6;0.43274519393686006;[0.5751310140886653;0.8236049747103058;0.7466071653894321;0.9950811260110726];0.771975266084483;0.25
1772;0.45274598163615476;0.6087494051223179;6;0.4900466561478963;[0.36265139775421107;0.5186548212403742;0.5428405655180985;0.6988439890042616];0.7773635271459948;0.25
4932;0.5236804026192097;0.5178849228139769;6;0.4979727177142997;[0.4339937613118385;0.4281982815066057;0.6133670439265809;0.6075715641213482];0.7772383351878367;0.25
964;0.5999616006394721;0.5909425130477582;5;0.6716411856575432;[0.5145178296255535;0.5054987420338396;0.6854053716533908;0.6763862840616769];0.777360895363945;0.25
9613;0.33431900272368353;0.46727144871686677;7;0.5739711831531363;[0.24393419498278918;0.3768866409759724;0.4247038104645779;0.5576562564577611];0.7792445994366685;0.25
1637;0.5487552198288421;0.21574902916940972;6;0.47051252459710535;[0.45749441949883396;0.12448822883940153;0.6400160201588503;0.3070098294994179];0.7726773277398966;0.25
8188;0.9840397403251396;0.8360271087083865;6;0.6022706196326688;[0.8945719316266002;0.746559300009847;1.073507549023679;0.9254949174069259];0.7794482464811433;0.25
8350;0.5994625173046995;0.47493364140440947;7;0.6120774717259791;[0.5111213520235529;0.3865924761232629;0.687803682585846;0.563274806685556];0.7792951688517322;0.25
2786;0.9335355521235111;0.7881594347116738;6;0.3967424285379298;[0.8464528856118468;0.7010767682000095;1.0206182186351755;0.8752421012233381];0.7681202562041517;0.25
9210;0.1754519341171762;0.05142334661904313;6;0.46955724978707886;[0.08500067315829143;-0.039027914339841624;0.26590319507606097;0.14187460757792789];0.7736848332157463;0.25
7026;0.5739009802232072;0.7575326780194368;6;0.5475551164174108;[0.4833377908876194;0.666969488683849;0.6644641695587951;0.8480958673550246];0.7627559254259729;0.25
9031;0.7678712067418063;0.404652645696342;6;0.5320261868663697;[0.6780975465252099;0.3148789854797457;0.8576448669584027;0.49442630591293835];0.775795475256988;0.25
6107;0.1739839270513972;0.6275178443984707;6;0.37905870778590295;[0.08734152190540094;0.5408754392524744;0.26062633219739345;0.714160249544467];0.766508942171203;0.25
3909;0.3615909551185994;0.4206319930409671;6;0.47342889727963405;[0.2696317032368133;0.328672741159181;0.4535502070003855;0.5125912449227532];0.7777797157840756;0.25
9147;0.5669813194312148;0.5837587056251257;6;0.595548203304765;[0.48067851100508074;0.49745589719899164;0.6532841278573488;0.6700615140512597];0.7875596106495201;0.25
8104;0.7874611987827294;0.3475861446961799;6;0.4823115504602141;[0.702177363164096;0.2623023090775464;0.8727450344013628;0.43286998031481333];0.7702049778276628;0.25
2373;0.13070625344731956;0.23325433711680463;6;0.4647507323193234;[0.0433467800678114;0.14589486373729646;0.21806572682682773;0.32061381049631277];0.7784650392831163;0.25
6154;0.08985109594435348;0.4415423582651045;6;0.43138079966062787;[0.0015781005557957417;0.35326936287654676;0.1781240913329112;0.5298153536536623];0.7748407730564427;0.25
9116;0.7639247512835763;0.9490949963112436;6;0.4979817915953157;[0.6780357505968223;0.8632059956244896;0.8498137519703303;1.0349839969979975];0.7728291134716453;0.25
2735;0.4270861020029968;0.4732971243191475;6;0.4901662414538666;[0.33928835211124597;0.3854993744273967;0.5148838518947476;0.5610948742108983];0.7807151184716612;0.25
453;0.2323631084106465;0.08966831120311042;6;0.5488240229574057;[0.14413308986821294;0.0014382926606768542;0.32059312695308007;0.17789832974554398];0.7674737136906328;0.25
7094;0.23500753455226953;0.30365127848618045;6;0.3331645287407887;[0.1487028182446852;0.21734656217859613;0.3213122508598538;0.38995599479376475];0.7817001560378896;0.25
1180;0.6750586847202004;0.6179897640276019;6;0.5626763868274552;[0.5892171731753961;0.5321482524827976;0.7609001962650046;0.7038312755724061];0.7774284496097187;0.25
9049;0.5745276116872529;0.6058848580465453;6;0.3830500555828886;[0.48209146784460566;0.5134487142038981;0.6669637555299001;0.6983210018891925];0.7759134296683087;0.25
4478;0.9456975316787288;0.9970513256773929;6;0.5786492614598324;[0.8600861574947007;0.9114399514933648;1.031308905862757;1.0826626998614208];0.7769141372394436;0.25
2209;0.7303822202343888;0.8226317863573996;6;0.4063105168106733;[0.6414428996913415;0.7336924658143524;0.8193215407774361;0.9115711069004468];0.7662852165028267;0.25
6150;0.21760649634355134;0.6020746813252997;6;0.47956193118753343;[0.12758964887210683;0.5120578338538552;0.30762334381499584;0.6920915287967443];0.7850456246539245;0.25
5529;0.3239617124550897;0.4760778765886119;6;0.42113445166334423;[0.23895717706357106;0.39107334119709325;0.40896624784660834;0.5610824119801305];0.769562884895607;0.25
569;0.8321383937261574;0.287729136498424;6;0.5839112594660916;[0.7462926100033954;0.20188335277566202;0.9179841774489194;0.373574920221186];0.7809162267192956;0.25
7685;0.6299773648621789;0.6039675609637796;5;0.5210078337834158;[0.5393180976013464;0.5133082937029471;0.7206366321230114;0.6946268282246121];0.7760902883953532;0.25
3284;0.489381886446425;0.4121792679313314;6;0.6393589762416185;[0.4029113232968627;0.3257087047817691;0.5758524495959874;0.4986498310808937];0.7784860050776806;0.25
543;0.6634117336148987;0.6019419714966031;6;0.27636818841186045;[0.5773164619718286;0.515846699853533;0.7495070052579688;0.6880372431396732];0.7730898554255454;0.25
4513;0.6786906576645059;0.7262977186792818;6;0.516666852162381;[0.5897972697280075;0.6374043307427835;0.7675840456010042;0.8151911066157802];0.7776192458660033;0.25
26;0.8205283755693015;0.7288665502782228;6;0.2883299143647374;[0.7313064367366795;0.6396446114456008;0.9097503144019234;0.8180884891108448];0.7731415101167382;0.25
6959;0.5967369452321482;0.5946473645387039;6;0.5376433652267176;[0.5016760065712789;0.49958642587783464;0.6917978838930174;0.6897083031995732];0.7773199100267544;0.25
4974;0.05002348133469192;0.19097719758502774;6;0.5599746203207077;[-0.035511039128424154;0.10544267712191166;0.135558001797808;0.2765117180481438];0.7728075743690751;0.25
9663;0.1769126660232958;0.6287391802675908;7;0.5150075514235373;[0.09195122275707351;0.5437777370013686;0.2618741092895181;0.713700623533813];0.7769746130084146;0.25
3419;0.8409105157795818;0.694292034506044;6;0.32416177795967116;[0.7546374778142911;0.6080189965407534;0.9271835537448724;0.7805650724713347];0.7675984812626693;0.25
2757;0.1346681231067921;0.11501914719880446;6;0.46658430858383604;[0.04438048008494523;0.02473150417695759;0.224955766128639;0.20530679022065135];0.7770939862069491;0.25
777;0.38408740603294306;0.5957286030827245;6;0.5945970348877392;[0.29112645389217817;0.5027676509419595;0.47704835817370794;0.6886895552234894];0.7721221142623538;0.25
6120;0.9543173491464213;0.4714635693380862;6;0.6089516798186376;[0.8700417947195905;0.38718801491125543;1.038592903573252;0.555739123764917];0.7748938945062953;0.25
2994;0.16634619965810182;0.8735176821660047;6;0.5301574335253065;[0.07955186929940733;0.7867233518073102;0.2531405300167963;0.9603120125246991];0.7751740623361874;0.25
6946;0.25399571182223707;0.8932617177337994;6;0.45759691718663137;[0.16722891178708946;0.8064949176986518;0.3407625118573847;0.980028517768947];0.770790930736622;0.25
6873;0.9749291741486038;0.41114516317473115;6;0.5227813684559889;[0.8892870391260286;0.3255030281521559;1.060571309171179;0.4967872981973064];0.7766002670090116;0.25
5060;0.8085772140861306;0.9606257322032928;6;0.6284695651054684;[0.7153038587674566;0.8673523768846189;0.9018505694048046;1.0538990875219667];0.777896996901796;0.25
1812;0.35086301408231724;0.4523071684388197;6;0.5671789966107466;[0.26409130639115636;0.3655354607476588;0.4376347217734781;0.5390788761299806];0.7830400527090631;0.25
4835;0.473322383720925;0.5662911899124538;6;0.416106995777638;[0.383634185910664;0.4766029921021927;0.563010581531186;0.6559793877227148];0.7774007889551939;0.25
4467;0.12279777724953655;0.06463176539036869;6;0.6161414776296047;[0.030793596950863922;-0.027372414908303944;0.2148019575482092;0.15663594568904132];0.7716296151356976;0.25
312;0.5297101713382718;0.7308891951478342;6;0.3632379079255391;[0.44118190475249797;0.6423609285620604;0.6182384379240456;0.8194174617336081];0.782953526688861;0.25
4068;0.4105652578897343;0.07952560688599519;6;0.5137359540612532;[0.32026452088857604;-0.010775130115163054;0.5008659948908926;0.16982634388715345];0.7777267373034171;0.25
2419;0.7104011722286847;0.2971562472589335;6;0.5025231359819295;[0.6224629253870293;0.20921800041727812;0.7983394190703401;0.38509449410058894];0.7767285551000049;0.25
9240;0.9672016975242743;0.503449982160521;6;0.5215286329070595;[0.879724243730577;0.41597252836682364;1.0546791513179716;0.5909274359542183];0.7734798821841907;0.25
5196;0.5350843410992177;0.7791621641378501;6;0.6044397057399967;[0.44654620846425663;0.6906240315028891;0.6236224737341787;0.8677002967728111];0.7725707534912734;0.25
975;0.15318634047431717;0.8292956727963176;6;0.4572744791596784;[0.07266611219261748;0.7487754445146179;0.23370656875601686;0.9098159010780172];0.7769211980981847;0.25
7254;0.8076501310092711;0.44279586323103187;6;0.39776039711496836;[0.7221152493268187;0.3572609815485795;0.8931850126917235;0.5283307449134842];0.777386337721589;0.25
3320;0.1467377688316504;0.6528086049306056;6;0.5630896318917297;[0.05959491443722165;0.5656657505361768;0.23388062322607917;0.7399514593250343];0.7803162904130508;0.25
8875;0.8180100777277213;0.44655165928633805;7;0.356562475947803;[0.7268763595173428;0.3554179410759596;0.9091437959380998;0.5376853774967165];0.7771288582817456;0.25
4953;0.7966151063588446;0.8448294172158501;6;0.5103448594098491;[0.7097358919972582;0.7579502028542637;0.883494320720431;0.9317086315774366];0.7703531248995903;0.25
6393;0.6487248309331529;0.09386859914133472;6;0.4794451911869008;[0.5568629037140443;0.0020066719222261165;0.7405867581522615;0.18573052636044332];0.7757728208746267;0.25
799;0.3651672319071525;0.7685682644528188;6;0.4629278405408712;[0.2808385774995718;0.6842396100452381;0.4494958863147332;0.8528969188603994];0.781689633109864;0.25
6520;0.6858755698863919;0.9048053227607813;6;0.4515130920888076;[0.5996208606636875;0.8185506135380769;0.7721302791090963;0.9910600319834857];0.7782763064097162;0.25
4077;0.25209884655247927;0.2973034510075265;6;0.442450722096726;[0.16299174699253025;0.20819635144757745;0.34120594611242827;0.38641055056747553];0.7816827101187721;0.25
392;0.14723251200802928;0.7462658727153835;6;0.4984724157753495;[0.06069580263406217;0.6597291633414164;0.2337692213819964;0.8328025820893505];0.7802199016382655;0.25
6385;0.9448481483541139;0.8488798900783882;6;0.5254798146474896;[0.8557476422109085;0.7597793839351827;1.0339486544973193;0.9379803962215936];0.7754891009959046;0.25
763;0.589109404939282;0.06273579825551728;6;0.36164429454645064;[0.5000264693437003;-0.026347137340064358;0.6781923405348637;0.15181873385109892];0.7707926229372235;0.25
800;0.957283423109875;0.6674243157535973;6;0.5307449886640527;[0.871874782754688;0.5820156753984103;1.042692063465062;0.7528329561087843];0.7781184342515367;0.25
5221;0.6681122669512554;0.8075007746837847;6;0.6142722166146505;[0.578202468185938;0.7175909759184673;0.7580220657165727;0.897410573449102];0.774534317083392;0.25
9238;0.3451613974699961;0.24631208171420033;6;0.5110286071175595;[0.2605522358465745;0.16170292009077875;0.42977055909341766;0.3309212433376219];0.7746951785861476;0.25
7032;0.7059995492567716;0.15649545122270325;7;0.5057836188478204;[0.6152880088650666;0.06578391083099835;0.7967110896484765;0.24720699161440815];0.7737199281799898;0.25
3040;0.5244780708456931;0.9723546240639056;6;0.31648236498995813;[0.4333494212447833;0.8812259744629959;0.6156067204466028;1.0634832736648154];0.7749915886757786;0.25
7965;0.4832665811305798;0.18076401488745306;6;0.4750456284546923;[0.3968161062587028;0.09431354001557604;0.5697170560024568;0.26721448975933004];0.76691286523688;0.25
8390;0.5323314902052442;0.4684175520511965;6;0.5029183446264603;[0.4459086427370701;0.3819947045830224;0.6187543376734183;0.5548403995193706];0.7775082765901697;0.25
6389;0.8267266476016861;0.7355571309403075;6;0.6295737549217015;[0.7392555074906996;0.648085990829321;0.9141977877126727;0.8230282710512941];0.7741434251031194;0.25
886;0.28485205425953514;0.42419313622319893;6;0.5249540018749776;[0.19838200610105072;0.3377230880647145;0.37132210241801955;0.5106631843816833];0.7771412519682085;0.25
6795;0.6176224726922359;0.9033140397983193;6;0.4919425128324899;[0.5271692451336552;0.8128608122397385;0.7080757002508167;0.9937672673569];0.774051404750933;0.25
4603;0.9008341555595487;0.2521462881789688;6;0.6686774263763271;[0.8157005179721799;0.16701265059159998;0.9859677931469175;0.3372799257663376];0.7732513044009265;0.25
379;0.0931780807685949;0.46832951251093313;6;0.4285163172566978;[0.0018143758342374916;0.3769658075765757;0.18454178570295232;0.5596932174452905];0.7810459313623943;0.25
6108;0.4987693642265708;0.6199520987621943;6;0.44356479090269774;[0.40885106821393824;0.5300338027495617;0.5886876602392034;0.7098703947748268];0.7616152141723053;0.25
4570;0.43692566815553213;0.47714012464172006;6;0.544986134158557;[0.3463070678514382;0.38652152433762615;0.527544268459626;0.5677587249458139];0.7807818414267007;0.25
8251;0.12415063455801845;0.07898747914984627;6;0.4709848925973207;[0.036249539633106426;-0.008913615775065747;0.21205172948293047;0.1668885740747583];0.7758328731630953;0.25
4197;0.9763722439648013;0.4347401748324188;6;0.5690582560132854;[0.8895464265308033;0.34791435739842086;1.0631980613987992;0.5215659922664166];0.7713673134509891;0.25
6346;0.7352115606583646;0.2065168322586147;6;0.4740047673209171;[0.6470373536792441;0.11834262527949423;0.823385767637485;0.29469103923773515];0.7729077413851879;0.25
1499;0.5171563724141326;0.17036587903493547;6;0.48269566004858566;[0.4310462701976838;0.0842557768184867;0.6032664746305814;0.25647598125138427];0.7751506836724197;0.25
359;0.5124824234139539;0.3471816441176863;6;0.47895107015911786;[0.4272401011293647;0.2619393218330972;0.5977247456985431;0.43242396640227543];0.7782629849708512;0.25
659;0.9357337327759313;0.9117337634022205;6;0.5430609437314989;[0.849715763598595;0.8257157942248842;1.0217517019532676;0.9977517325795567];0.774229427727397;0.25
3854;0.011880605793645471;0.57858908522435;7;0.5174991800258036;[-0.07825563607850479;0.4884528433521998;0.10201684766579573;0.6687253270965003];0.7861133160982643;0.25
2546;0.9306852790211624;0.31845106833934567;6;0.49582692140142937;[0.8462822981962361;0.23404808751441947;1.0150882598460886;0.40285404916427187];0.7811457358202352;0.25
7475;0.6315994891999414;0.1600306349361279;5;0.488518884493652;[0.5421529931812439;0.07058413891743043;0.7210459852186388;0.24947713095482538];0.7700543346278288;0.25
2645;0.8396232286702859;0.8327859742391684;6;0.5286582547288108;[0.7534270612953486;0.7465898068642312;0.9258193960452232;0.9189821416141057];0.7762278359854515;0.25
9320;0.2058920657798992;0.10519967944696373;6;0.4084992156950868;[0.11689086601941617;0.016198479686480693;0.29489326554038225;0.19420087920744677];0.778127633827926;0.25
45;0.7251810167291766;0.8473641117876848;6;0.5070970717744626;[0.6351056363141698;0.757288731372678;0.8152563971441833;0.9374394922026915];0.7823772275578692;0.25
3611;0.817736158834386;0.17641830602667957;6;0.6187551941950047;[0.7284062796370592;0.08708842682935278;0.9070660380317128;0.26574818522400634];0.7727230663940053;0.25
9587;0.969821794239069;0.9146047536797032;6;0.5329898588506694;[0.8845264262832416;0.8293093857238758;1.0551171621948965;0.9999001216355305];0.7778107291385215;0.25
5641;0.5739756202815921;0.8823889915843005;5;0.4843109588396017;[0.4868978539794984;0.7953112252822068;0.6610533865836858;0.9694667578863942];0.770506954730438;0.25
4032;0.35758837259333576;0.7801899086762967;6;0.3743310379153444;[0.2718873476225313;0.6944888837054922;0.4432893975641402;0.8658909336471011];0.7774561187417097;0.25
59;0.5346524462966777;0.7422781985586104;6;0.5496456356404542;[0.44410624902961093;0.6517320012915436;0.6251986435637445;0.8328243958256772];0.7796960982942149;0.25
7531;0.44505460733479996;0.25455438265810837;6;0.3417855786741581;[0.3594913349557272;0.16899111027903563;0.5306178797138728;0.3401176550371811];0.7677202768630614;0.25
311;0.1559255694288565;0.47921455400567126;6;0.5750978090570047;[0.0643943181832253;0.38768330276004004;0.24745682067448768;0.5707458052513025];0.7749306724073131;0.25
2151;0.7100911214939649;0.10586974864845311;6;0.5683537525244469;[0.6234988294366398;0.01927745659112802;0.79668341355129;0.19246204070577821];0.7669952525979022;0.25
8129;0.6683957466918785;0.3959163124630665;6;0.368024816333987;[0.5810868021231749;0.3086073678943629;0.7557046912605822;0.48322525703177016];0.7728933290051521;0.25
8867;0.42891487655481875;0.8305988830668428;6;0.540256048323022;[0.33747551276653825;0.7391595192785623;0.5203542403430992;0.9220382468551234];0.7801308559042752;0.25
236;0.7184062946093094;0.3831463673730587;6;0.45503864543493633;[0.6270780673474249;0.29181814011117424;0.8097345218711939;0.4744745946349431];0.7860734014117754;0.25
6920;0.30081630531005543;0.746580412181076;6;0.38139278024235357;[0.21652032856593076;0.6622844354369513;0.38511228205418013;0.8308763889252007];0.7793560861949139;0.25
9041;0.12431002310042039;0.2404520175668342;6;0.33400265113426514;[0.03730779488049135;0.15344978934690517;0.21131225132034942;0.32745424578676324];0.7789130220646717;0.25
418;0.04871023593228585;0.5254334565712427;6;0.4674248061272416;[-0.03828050617494784;0.43844271446400906;0.13570097803951953;0.6124241986784764];0.7697168995241106;0.25
6572;0.8661951391882882;0.5883734140661696;6;0.7009570668961582;[0.7789516008683339;0.5011298757462153;0.9534386775082424;0.675616952386124];0.7811493838497696;0.25
840;0.9262615275041453;0.4841566825818207;6;0.602513528192924;[0.8413066518674133;0.3992018069450887;1.0112164031408772;0.5691115582185526];0.7832176911927442;0.25
6026;0.8103413134780315;0.24452183877354064;6;0.41494600277102756;[0.726205264441702;0.16038578973721107;0.894477362514361;0.3286578878098702];0.7731110469228598;0.25
1908;0.45615312520619344;0.3230219553827224;6;0.4919095164099862;[0.3679188332131399;0.23478766338966883;0.544387417199247;0.41125624737577593];0.7782252770225736;0.25
843;0.6263895912507179;0.5659818369477044;6;0.7394915963867853;[0.5382623944864722;0.4778546401834587;0.7145167880149637;0.6541090337119502];0.7766123053440792;0.25
7843;0.9425515569577985;0.6733420662149696;6;0.37955774214070637;[0.8519651809873039;0.582755690244475;1.033137932928293;0.7639284421854642];0.7779635622863664;0.25
76;0.23027662668472082;0.40192672185551065;6;0.3177787996304804;[0.1448705804246838;0.3165206755954736;0.3156826729447578;0.4873327681155477];0.7697795973796346;0.25
