4708;0.4921512257945633;0.655075113910172;6;0.5202645667583548;[0.4062707332467342;0.5691946213623429;0.5780317183423924;0.7409556064580012];0.7753930563518635;0.25
5136;0.2180701898232344;0.3030964003165045;6;0.3905025768113842;[0.13547083975775132;0.2204970502510214;0.3006695398887175;0.38569575038198756];0.7785727573371082;0.25
2550;0.10248786199556592;0.3420651137744689;6;0.6295936213655074;[0.014833218101259593;0.2544104698801626;0.19014250588987225;0.42971975766877524];0.7805378243186653;0.25
1590;0.308574192519025;0.9439751005891248;6;0.4852393162293011;[0.22288178374931167;0.8582826918194115;0.39426660128873836;1.029667509358838];0.7875564378344654;0.25
2116;0.6080240545899289;0.800838232327471;6;0.5642802940202807;[0.5212294677242598;0.7140436454618019;0.694818641455598;0.8876328191931401];0.7738769015228041;0.25
8323;0.4084393228173266;0.04872984450297657;6;0.6642836693699419;[0.3229621280478376;-0.03674735026651242;0.4939165175868156;0.13420703927246558];0.7809523415826338;0.25
856;0.48783352774326183;0.9780832759263768;6;0.5289164780874817;[0.39588321606891197;0.8861329642520269;0.5797838394176117;1.0700335876007268];0.7689115695007676;0.25
5850;0.7577983752042007;0.7649493591506146;7;0.31458133421654116;[0.6753802395040911;0.682531223450505;0.8402165109043103;0.8473674948507242];0.782467650662738;0.25
3130;0.22319122430036553;0.7783179477321819;6;0.5188514707441657;[0.13669336657191483;0.6918200900037312;0.30968908202881623;0.8648158054606325];0.7741775638100702;0.25
7228;0.21923170550121396;0.7534461714886665;6;0.38686506640718127;[0.139352432941231;0.6735668989286836;0.2991109780611969;0.8333254440486495];0.7705735476517169;0.25
4815;0.7572454957419368;0.966071921419392;6;0.6503046246299256;[0.6702388193906721;0.8790652450681273;0.8442521720932015;1.0530785977706567];0.7718400005072837;0.25
7225;0.8243504372658692;0.18499753207092856;6;0.684062443753191;[0.7389680135129383;0.09961510831799762;0.9097328610188001;0.2703799558238595];0.7781841491847777;0.25
9901;0.8971155005004637;0.7771467812014744;6;0.553352675354652;[0.807652462066564;0.6876837427675747;0.9865785389343634;0.8666098196353741];0.7726318121409509;0.25
7337;0.6641691488939514;0.7750765184423463;6;0.44180049345094446;[0.5778510867056162;0.6887584562540111;0.7504872110822866;0.8613945806306814];0.786157957939778;0.25
3000;0.5571029913715347;0.5221920623201992;6;0.3531489562769553;[0.4699516205835504;0.43504069153221486;0.644254362159519;0.6093434331081835];0.7810158268166632;0.25
6868;0.3682462974034091;0.3511525883590046;6;0.551702525363882;[0.2801539625805939;0.2630602535361894;0.4563386322262243;0.4392449231818198];0.7848631663629029;0.25
5160;0.8246318224677172;0.055140379168500564;7;0.5335819235810891;[0.7352166286992226;-0.03427481459999407;0.9140470162362118;0.1445555729369952];0.766145608764454;0.25
8114;0.9007358272974827;0.8466658965446562;6;0.5089703301489292;[0.8106284493041314;0.7565585185513048;0.990843205290834;0.9367732745380075];0.7793073694665933;0.25
9719;0.8129452957432447;0.38964100143342245;6;0.5252601905920911;[0.7221080804114172;0.2988037861015949;0.9037825110750722;0.48047821676525];0.7736903983148032;0.25
7692;0.7950497763064078;0.2737705921646361;6;0.5224580422319545;[0.7061607390045441;0.18488155486277244;0.8839388136082715;0.36265962946649977];0.7756743918445831;0.25
1762;0.8546071426873822;0.8530638858352606;6;0.5387457858890783;[0.7652252191119333;0.7636819622598117;0.9439890662628312;0.9424458094107095];0.7660116668167545;0.25
372;0.8440353939243846;0.0590161989776371;6;0.52020193775202;[0.7537152303350749;-0.031303964611672674;0.9343555575136944;0.14933636256694688];0.7753045580154239;0.25
2589;0.8351604725015319;0.51337590860638;6;0.47695217367572557;[0.7469385521422102;0.4251539882470583;0.9233823928608537;0.6015978289657018];0.7699312035089568;0.25
8657;0.6822224987495038;0.8778800988295645;6;0.44309347546398886;[0.5931499574761493;0.78880755755621;0.7712950400228583;0.966952640102919];0.7798517269347905;0.25
3283;0.246623280695129;0.41681473248222356;6;0.6282346941122221;[0.1550239011570019;0.3252153529440964;0.3382226602332561;0.5084141120203507];0.7733254945019503;0.25
8232;0.41226202976687165;0.7328653511143226;6;0.4748706925777183;[0.32851978783520974;0.6491231091826607;0.49600427169853356;0.8166075930459845];0.7744884988346393;0.25
2763;0.8923208829187816;0.7449304065456884;6;0.18084731098661738;[0.8025963452313662;0.655205868858273;0.982045420606197;0.8346549442331038];0.7823055022962299;0.25
6408;0.6567484731608499;0.2837791426178137;6;0.43524337418745734;[0.5685417788809967;0.19557244833796036;0.7449551674407032;0.37198583689766695];0.7780586644885552;0.25
42;0.18269404522714466;0.6640378855177792;6;0.44529421870432034;[0.0943971437428682;0.5757409840335027;0.2709909467114211;0.7523347870020557];0.7692403156887522;0.25
4872;0.6688249293017802;0.6764040210339884;6;0.6611013909268966;[0.5821028346196073;0.5896819263518156;0.755547023983953;0.7631261157161613];0.7823246298295159;0.25
9613;0.879219741154032;0.5516853017400373;6;0.6527532669180791;[0.786386701453974;0.45885226203997925;0.97205278085409;0.6445183414400952];0.7773719576214816;0.25
6923;0.07634365360341777;0.752176725855336;6;0.4825733762965146;[-0.010869282871468613;0.6649637893804496;0.16355659007830414;0.8393896623302224];0.7756456231134806;0.25
1587;0.3719052192421489;0.8783418746046596;6;0.43479841718004997;[0.28485780753647877;0.7912944628989894;0.4589526309478191;0.9653892863103298];0.7692804537523124;0.25
3586;0.3064328678881662;0.19409358297865653;6;0.512380332330958;[0.2207700662700099;0.1084307813605002;0.3920956695063225;0.27975638459681285];0.7716451173260869;0.25
1419;0.13446323597994655;0.48969530151067836;6;0.33202187344247713;[0.045941917180618075;0.40117398271134985;0.22298455477927503;0.5782166203100069];0.7642912613240813;0.25
8274;0.1257767413058493;0.9573564621800532;6;0.38473813393931017;[0.0433836639706589;0.8749633848448628;0.20816981864103967;1.0397495395152436];0.7788354808801259;0.25
5913;0.578192376021468;0.5223614795117216;6;0.37181731865147083;[0.4917389627167785;0.43590806620703215;0.6646457893261575;0.6088148928164111];0.7758780591382113;0.25
8494;0.33202173113601813;0.5018987542035915;6;0.3659317389592641;[0.24299459022350284;0.41287161329107624;0.4210488720485334;0.5909258951161068];0.7726011344224809;0.25
2794;0.49466154764202963;0.8424300425705412;5;0.49190790520007316;[0.4080058147648362;0.7557743096933478;0.581317280519223;0.9290857754477346];0.7788234387656985;0.25
5624;0.4287529228661474;0.4769742198657063;6;0.5113923130544418;[0.3397837926495736;0.3880050896491325;0.5177220530827212;0.5659433500822801];0.7759515232706816;0.25
992;0.993166178378746;0.5280068266179515;6;0.5043773604492151;[0.9073166893715743;0.4421573376107798;1.0790156673859177;0.6138563156251232];0.7720705181356194;0.25
8543;0.6077950555455274;0.8493979589389135;6;0.5729279109971733;[0.5207815670669989;0.7623844704603849;0.6948085440240559;0.936411447417442];0.7726345057096015;0.25
3541;0.590598495729461;0.7178646039890181;6;0.3940428898755288;[0.5029686341871111;0.6302347424466682;0.6782283572718109;0.8054944655313679];0.7710979993503566;0.25
8128;0.8703257039256432;0.4891407172692327;6;0.44220153249663985;[0.7823079668655082;0.40112298020909765;0.9583434409857783;0.5771584543293677];0.7653277638691274;0.25
3591;0.8110334413789401;0.8762705594150222;6;0.6469048119011639;[0.7194024515121525;0.7846395695482347;0.9026644312457276;0.9679015492818097];0.7736528454614701;0.25
6213;0.9596833641500213;0.7861006435285559;6;0.4979564975473324;[0.8698082784206635;0.6962255577991981;1.049558449879379;0.8759757292579137];0.7688062516027484;0.25
238;0.14420794886715305;0.3972444827434199;7;0.4823512648505366;[0.055430658407135264;0.30846719228340214;0.23298523932717083;0.48602177320343765];0.7715002735947539;0.25
8018;0.3747132099694976;0.9785046567299901;6;0.5401447616565127;[0.2884424414654197;0.8922338882259122;0.4609839784735755;1.064775425234068];0.7770144587745217;0.25
3529;0.2287665209928861;0.5795131498700088;6;0.7119348735739646;[0.14529198634531898;0.49603861522244164;0.31224105564045324;0.662987684517576];0.7739244344249914;0.25
166;0.1647614349009982;0.6786843300520545;6;0.4975512530421914;[0.07788283761906725;0.5918057327701236;0.2516400321829292;0.7655629273339855];0.7726767852733396;0.25
5609;0.5836434033362937;0.9338689198486478;5;0.4908490669734973;[0.4963645310445989;0.846590047556953;0.6709222756279886;1.0211477921403427];0.7766063111384399;0.25
7094;0.547248643205564;0.21304047647931057;6;0.6706823035484842;[0.4602248951743552;0.1260167284481018;0.6342723912367727;0.30006422451051934];0.7816462987517315;0.25
4119;0.8206161418186809;0.5460891057431725;6;0.4366921343519843;[0.7362582666793978;0.4617312306038894;0.9049740169579641;0.6304469808824555];0.7727649277882132;0.25
1268;0.42518653355672814;0.5554585319536586;7;0.6271489419987885;[0.33655600297456145;0.46682800137149194;0.5138170641388948;0.6440890625358252];0.7764148655156251;0.25
4872;0.052062894627438516;0.9299898384126117;6;0.6611013909268966;[-0.033552053981185756;0.8443748898039874;0.1376778432360628;1.015604787021236];0.7823246298295159;0.25
2176;0.03440228683362789;0.6308823198912061;6;0.48913091999945046;[-0.05763298262476321;0.538847050432815;0.126437556292019;0.7229175893495973];0.7734864528003557;0.25
8080;0.35251821884122664;0.7743604969347443;6;0.5091467724548416;[0.2642014970806738;0.6860437751741915;0.44083494060177947;0.8626772186952971];0.7755670375723771;0.25
5971;0.06202899019552585;0.3328511497557048;5;0.6200663809960096;[-0.0265584941438487;0.24426366541633024;0.1506164745349004;0.4214386340950793];0.7739273135886587;0.25
5964;0.8609522723159764;0.6693368303994028;7;0.49270342488760444;[0.7715743213306743;0.5799588794141008;0.9503302233012785;0.7587147813847048];0.7746486152092219;0.25
2704;0.13362687734736764;0.25927133455872753;6;0.23947249618283628;[0.04531347071789543;0.17095792792925532;0.22194028397683985;0.3475847411881997];0.7832677619884636;0.25
9968;0.16069193174836333;0.8005467389882539;6;0.3561163917261169;[0.07556622863650177;0.7154210358763924;0.2458176348602249;0.8856724421001154];0.767486076700013;0.25
7340;0.37205694210568835;0.9930320844316307;6;0.34200986104502407;[0.28224999939101714;0.9032251417169594;0.46186388482035956;1.082839027146302];0.7782132838666598;0.25
6667;0.06051896819203412;0.9815619070539747;6;0.634893558302109;[-0.025054446187532428;0.8959884926744082;0.14609238257160068;1.0671353214335413];0.7680202191890275;0.25
3758;0.03592325131981455;0.9032409459943399;6;0.5881843176022462;[-0.050001834117414226;0.8173158605571111;0.12184833675704333;0.9891660314315687];0.7739538284162227;0.25
3598;0.561083427596617;0.6345395281174009;6;0.35502466701910373;[0.47279898047688335;0.5462550809976673;0.6493678747163506;0.7228239752371345];0.7827742064952934;0.25
2025;0.500944156710234;0.19957368951245913;6;0.400228889096553;[0.4147801757559167;0.11340970855814186;0.5871081376645513;0.2857376704667764];0.7659079693460619;0.25
9385;0.6675768004952671;0.22961043609148457;6;0.584097823560247;[0.5830564353623078;0.14509007095852522;0.7520971656282265;0.3141308012244439];0.7718410813655026;0.25
9606;0.2645944823097573;0.2004679976457563;6;0.33963642178204645;[0.18129120651365346;0.11716472184965246;0.3478977581058611;0.28377127344186015];0.7666932802216679;0.25
3937;0.17338559561406153;0.6010068879458199;7;0.4303087265484108;[0.08939362644568458;0.517014918777443;0.25737756478243845;0.6849988571141968];0.7663161434846497;0.25
7075;0.36220897401438773;0.1864225499183061;6;0.45958729923341557;[0.27538034855289173;0.09959392445681008;0.44903759947588373;0.2732511753798021];0.7865887902057879;0.25
3468;0.9390734133210608;0.39054789776211385;6;0.38383008271381575;[0.8538121072780239;0.305286591719077;1.0243347193640975;0.4758092038051507];0.7784921576759932;0.25
469;0.2572282745533283;0.5550809229135627;6;0.41777476282358394;[0.16993805582667026;0.46779070418690466;0.34451849327998635;0.6423711416402207];0.7727092522947144;0.25
348;0.5382541893401713;0.37371905872595723;6;0.4526304445312106;[0.44904325609756035;0.28450812548334625;0.6274651225827823;0.4629299919685682];0.7643294599920757;0.25
6938;0.47990912895096616;0.5834634784497534;6;0.49511014512797;[0.39248251095985204;0.4960368604586393;0.5673357469420802;0.6708900964408675];0.7727444451605663;0.25
6892;0.6950774304687348;0.44991473034578083;7;0.34585191221493383;[0.6074487769305947;0.3622860768076408;0.7827060840068749;0.5375433838839209];0.785210988341338;0.25
6846;0.47700441634398705;0.2282647826738024;6;0.5602787261823454;[0.3878241879627766;0.13908455429259195;0.5661846447251975;0.3174450110550129];0.7754271729683503;0.25
4804;0.32553999102820375;0.2074892508595173;6;0.5837223403319074;[0.24055836704868794;0.1225076268800015;0.41052161500771955;0.2924708748390331];0.7694972008704097;0.25
1743;0.6377141251263109;0.7871704281887216;6;0.6225192272143372;[0.5556942931834428;0.7051505962458535;0.719733957069179;0.8691902601315897];0.7749311406692818;0.25
9043;0.8055742198312702;0.961263908517685;6;0.6321375872551125;[0.7216325343159617;0.8773222230023765;0.8895159053465787;1.0452055940329934];0.7800245446348163;0.25
8844;0.8023927080021716;0.2817601871433902;6;0.586976920750168;[0.7136174367702504;0.19298491591146902;0.8911679792340927;0.3705354583753113];0.7740048682311914;0.25
5313;0.7191502446688774;0.38299487053090064;6;0.5106306141767636;[0.6263265738685475;0.2901711997305707;0.8119739154692074;0.4758185413312306];0.7688612096816171;0.25
2731;0.707784778067618;0.2693576681109707;6;0.5969359811535165;[0.6242704028708697;0.1858432929142224;0.7912991532643663;0.35287204330771904];0.7671911138562725;0.25
9957;0.057247364875023465;0.6278120024923606;6;0.4494746664603042;[-0.03128864568843341;0.5392759919289037;0.14578337543848036;0.7163480130558174];0.776170462680962;0.25
6268;0.7557630509937029;0.7992402316521892;6;0.3517483351468097;[0.669562996296783;0.7130401769552692;0.8419631056906228;0.8854402863491091];0.7828146596543412;0.25
5626;0.5096748367823158;0.14676577244334388;6;0.5065867382057208;[0.419752592635932;0.056843528296960016;0.5995970809286997;0.23668801658972774];0.7750227309362492;0.25
9948;0.35563122403786246;0.365821927769898;6;0.4871854454915146;[0.26856759179413175;0.2787582955261673;0.44269485628159316;0.45288556001362873];0.7729708880731536;0.25
1934;0.28695630550320206;0.3188801404531155;6;0.444538758544332;[0.19805845390264284;0.2299822888525563;0.37585415710376124;0.4077779920536747];0.7743157250369119;0.25
1969;0.5128924881684117;0.8097549324795843;6;0.4216362496351011;[0.4221823736833851;0.7190448179945577;0.6036026026534382;0.9004650469646109];0.7735084349859329;0.25
9342;0.23529837624326105;0.7575831410043202;6;0.364087400990194;[0.14700705609347492;0.6692918208545341;0.3235896963930472;0.8458744611541064];0.772753775762018;0.25
8619;0.26240501769339664;0.6964383400089672;7;0.5880031209513431;[0.17639742924420754;0.6104307515597781;0.34841260614258573;0.7824459284581563];0.7665386597064209;0.25
5479;0.3757573231232268;0.8305877895362377;6;0.6291412801129923;[0.28730230514561117;0.7421327715586221;0.4642123411008424;0.9190428075138533];0.7769163804028827;0.25
3048;0.7616435559920351;0.09515312817023469;6;0.35495153806721746;[0.6753975771621606;0.008907149340360188;0.8478895348219097;0.1813991070001092];0.7739714330960696;0.25
7084;0.18239524266898693;0.38288756903282606;6;0.5167057372994618;[0.09615863890832368;0.29665096527216284;0.2686318464296502;0.4691241727934893];0.7690432905386158;0.25
9524;0.5002007568779003;0.040599028681126026;6;0.4339989020543131;[0.41492670382873764;-0.04467502436803669;0.585474809927063;0.12587308173028874];0.7739474734610434;0.25
6971;0.5776526820471317;0.6042346949193222;6;0.544623663349601;[0.49165194670376994;0.5182339595759604;0.6636534173904935;0.6902354302626841];0.7695019078862898;0.25
3440;0.4625324820799783;0.3087579451723548;6;0.5042807190015791;[0.37280381040488575;0.21902927349726223;0.5522611537550709;0.39848661684744735];0.777880125870699;0.25
8818;0.9307759746121456;0.14056214001292588;6;0.5161520553100414;[0.8429382840056202;0.05272444940640056;1.0186136652186708;0.2283998306194512];0.7723226219824273;0.25
3510;0.4084295157736527;0.8450722904009563;6;0.5217524403422521;[0.3180346109672562;0.7546773855945599;0.4988244205800492;0.9354671952073528];0.7822487542288196;0.25
8929;0.22859517249398476;0.27146410429543;6;0.5669100650218665;[0.14387021171531933;0.18673914351676457;0.3133201332726502;0.3561890650740954];0.7758797202425257;0.25
1095;0.20062898705299198;0.5157989338107091;6;0.30844076994180236;[0.11370594260760224;0.42887588936531934;0.2875520314983817;0.6027219782560989];0.77288807489428;0.25
