3969;0.5480781506865942;0.2855601490382778;7;0.5003786834345094;[0.46068685477700094;0.1981688531286846;0.6354694465961874;0.372951444947871];0.775317831634865;0.25
4297;0.3583715912701359;0.8638705440683572;6;0.47221839086769735;[0.27200847920455806;0.7775074320027794;0.44473470333571374;0.950233656133935];0.7754851578814398;0.25
428;0.6317272209532817;0.7853280800222654;6;0.3170649660011665;[0.545238361789487;0.6988392208584707;0.7182160801170764;0.8718169391860601];0.7709355488808057;0.25
8342;0.4670442923947872;0.9336437367335787;6;0.38419745632516483;[0.37794721804882203;0.8445466623876136;0.5561413667407523;1.022740811079544];0.7710172006732586;0.25
6582;0.9675912379671889;0.4382612584577046;6;0.44717606205396765;[0.8788731040031217;0.34954312449363734;1.0563093719312562;0.5269793924217718];0.7664352008895196;0.25
6460;0.18578556102894506;0.7993123471688326;6;0.6005853939003484;[0.09960744705321205;0.7131342331930995;0.27196367500467805;0.8854904611445656];0.7757651772097923;0.25
4179;0.7210346542145658;0.23097271120541657;6;0.37560698294146033;[0.6307187780149491;0.14065683500579995;0.8113505304141825;0.3212885874050332];0.7840618300866569;0.25
1391;0.6317887396972135;0.788204317245581;6;0.5063516249571547;[0.5461204553264514;0.7025360328748189;0.7174570240679756;0.8738726016163432];0.777000322609035;0.25
4441;0.6435855230294755;0.9276936563297877;6;0.3980749786098585;[0.5533701184462078;0.83747825174652;0.7338009276127432;1.0179090609130554];0.7733716850129785;0.25
9969;0.14583815067077976;0.46288562756937385;6;0.5427212752564371;[0.05657678982356465;0.37362426672215876;0.23509951151799488;0.5521469884165889];0.7688754027209885;0.25
4670;0.5680466792406775;0.7033016669165325;6;0.40164125100200926;[0.47793691564099094;0.6131919033168459;0.6581564428403641;0.7934114305162191];0.7825977651605484;0.25
4228;0.4357716487549848;0.8480302185169059;6;0.6787683679391253;[0.35652593307309266;0.7687845028350138;0.515017364436877;0.927275934198798];0.7810238050491987;0.25
9495;0.9428498731759882;0.5927172115733195;6;0.4548205906175701;[0.8557654864790735;0.5056328248764047;1.0299342598729029;0.6798015982702342];0.7779064238758748;0.25
7763;0.22378788049002757;0.5146791645866038;5;0.3770643018711216;[0.13682488471926751;0.42771616881584373;0.3107508762607876;0.6016421603573638];0.7794864249408192;0.25
3433;0.3613926640306153;0.5418643995983776;7;0.6656260222111644;[0.2759162104202422;0.45638794598800453;0.4468691176409884;0.6273408532087508];0.7808793696702996;0.25
1565;0.8038106711928106;0.9607429008216202;6;0.34892525936747676;[0.7199435946361746;0.8768758242649842;0.8876777477494465;1.0446099773782562];0.7709481730733051;0.25
7401;0.7773124605006053;0.09872132627767238;7;0.5712701584067966;[0.6895869210016683;0.010995786778735306;0.8650379999995423;0.18644686577660946];0.7810281952730069;0.25
5174;0.867527400121682;0.08143520175947538;6;0.7404907821473456;[0.7788843406811634;-0.0072078576810431505;0.9561704595622005;0.17007826119999392];0.7732543188253;0.25
1564;0.4271461193700066;0.9244667447301739;6;0.5326961607626227;[0.33818023347187015;0.8355008588320374;0.5161120052681432;1.0134326306283103];0.775197718002642;0.25
8333;0.16440824911183693;0.3665216274593808;6;0.5424713293610633;[0.07854402684157803;0.2806574051891219;0.25027247138209585;0.45238584972963974];0.7771138314555606;0.25
1419;0.7960616968008702;0.5887971896078332;6;0.33202187344247713;[0.7103578523748857;0.5030933451818487;0.8817655412268548;0.6745010340338178];0.7642912613240813;0.25
5060;0.9401237237334027;0.4159325657099041;5;0.46810803680174;[0.8496391899977386;0.32544803197424;1.030608257469067;0.5064170994455682];0.7672763880500231;0.25
2449;0.919493392827385;0.44538586902204347;6;0.36458363582778647;[0.8282287022378547;0.3541211784325132;1.0107580834169152;0.5366505596115738];0.7776765171204074;0.25
7063;0.9828597423670284;0.9561419020116515;6;0.3867166759547857;[0.8908626311824137;0.8641447908270368;1.0748568535516432;1.0481390131962662];0.7753968140478381;0.25
5606;0.7306894685075951;0.042377190995796954;6;0.37403309069796264;[0.6409875579845015;-0.04732471952729668;0.8203913790306887;0.13207910151889057];0.7674661467307398;0.25
1574;0.673616914374761;0.4569425600869353;6;0.5627789586595943;[0.5818214492086651;0.3651470949208394;0.765412379540857;0.5487380252530312];0.7749420987453965;0.25
9180;0.4920230290219113;0.8543007145919477;6;0.5980272438767258;[0.4032368360225869;0.7655145215926232;0.5808092220212357;0.9430869075912721];0.7762177495928446;0.25
7609;0.49962870809118487;0.584478492067275;6;0.6546036257088108;[0.41269258034806194;0.49754236432415205;0.5865648358343079;0.6714146198103979];0.7769402072285628;0.25
2631;0.8926326540878116;0.4673652379578441;6;0.6307293472526543;[0.804990920570563;0.37972350444059555;0.9802743876050601;0.5550069714750927];0.7708579357186988;0.25
8442;0.443110483830143;0.6945486780402147;6;0.5667761770056898;[0.3596814670827015;0.6111196612927732;0.5265395005775845;0.7779776947876562];0.7672114918511977;0.25
7292;0.9169527387351929;0.3015987628657938;6;0.42071921728545275;[0.8276478238625568;0.21229384799315765;1.006257653607829;0.39090367773842993];0.7725888231570947;0.25
3128;0.36055598682832934;0.42569913824526684;6;0.5306665892469696;[0.27521525373553424;0.34035840515247173;0.44589671992112445;0.511039871338062];0.7754942124790419;0.25
8050;0.9029340688403674;0.8234693989474574;6;0.4322918998993609;[0.8175464805427821;0.7380818106498721;0.9883216571379527;0.9088569872450427];0.7703803380564589;0.25
8224;0.7948245771595173;0.3734295289113294;6;0.7823629585740549;[0.7076819857760205;0.2862869375278327;0.881967168543014;0.46057212029482614];0.764883227509978;0.25
3618;0.8745286352627037;0.4118023694581638;6;0.4175188208467381;[0.7859432178607798;0.32321695205623985;0.9631140526646277;0.5003877868600877];0.7787263580207776;0.25
1403;0.025511746319770268;0.4658498871144512;6;0.42339925034685877;[-0.06290404164089532;0.3774340991537856;0.11392753428043585;0.5542656750751168];0.782131494861631;0.25
4355;0.947483390936202;0.5631751404346516;6;0.6903994491155663;[0.8614226383154808;0.4771143878139303;1.0335441435569233;0.6492358930553728];0.7779157055307228;0.25
9794;0.5506317845654188;0.7219973886046178;6;0.6118330205070271;[0.46611792277754405;0.637483526816743;0.6351456463532936;0.8065112503924926];0.7746171819500867;0.25
1707;0.1489917402023316;0.5673364799878644;6;0.501967152205809;[0.06373270922949043;0.48207744901502325;0.2342507711751728;0.6525955109607056];0.7812205948588834;0.25
4451;0.09539181831415924;0.5183796803253091;6;0.5381501424464112;[0.010451783936559239;0.4334396459477091;0.18033185269175925;0.6033197147029091];0.7708656351387813;0.25
606;0.3797877712614185;0.4448813176406109;6;0.5713089290394391;[0.29582679619000285;0.36092034256919525;0.46374874633283414;0.5288422927120265];0.7645352990557163;0.25
7431;0.13520709067584538;0.8837224277996861;6;0.4462224226322862;[0.04619831531744273;0.7947136524412834;0.22421586603424803;0.9727312031580888];0.7751448376365212;0.25
6223;0.5952623788507783;0.2616207664458231;6;0.6704525933033808;[0.5080426352394267;0.17440102283447154;0.6824821224621298;0.34884051005717465];0.773170033216292;0.25
1433;0.42056305934664434;0.5242203307550012;6;0.5255926201194507;[0.33233230620433835;0.4359895776126952;0.5087938124889503;0.6124510838973072];0.7685445484234619;0.25
9476;0.8375082436261861;0.3651704985836775;6;0.6435212131566146;[0.7476373324064356;0.2752995873639269;0.9273791548459367;0.4550414098034281];0.7791347042031165;0.25
8435;0.32888352593083015;0.9924384471561742;6;0.5160861455473279;[0.23782499646812938;0.9013799176934735;0.4199420553935309;1.0834969766188751];0.775903128593372;0.25
9121;0.6220264921264638;0.6916818297919773;6;0.29901089079901355;[0.5326762255114323;0.6023315631769459;0.7113767587414952;0.7810320964070088];0.7689020940102289;0.25
7916;0.0012383191751849654;0.8184317798187077;6;0.5363001608910992;[-0.08524321631933458;0.7319502443241882;0.08771985466970451;0.9049133153132273];0.776867890514898;0.25
8873;0.4132860021927617;0.710550993559767;6;0.6380101402790752;[0.3211597816785571;0.6184247730455624;0.5054122227069663;0.8026772140739716];0.7752562506230706;0.25
3106;0.8594590859437998;0.7016825798589585;6;0.6029370888982315;[0.7698622465412139;0.6120857404563727;0.9490559253463857;0.7912794192615444];0.7799822261120039;0.25
9818;0.383707647880916;0.45482606860860014;6;0.5386433379463744;[0.29880181213299944;0.3699202328606836;0.46861348362883254;0.5397319043565167];0.7749877454221873;0.25
6454;0.7421467161951407;0.09039019762893397;6;0.5022134490390422;[0.6545691728800795;0.002812654313872731;0.8297242595102019;0.1779677409439952];0.770629319931372;0.25
229;0.3027838391767891;0.21201561484248488;6;0.6399288363377627;[0.22005436874298323;0.12928614440867903;0.38551330961059493;0.29474508527629073];0.7725338890196094;0.25
8352;0.0202727601685751;0.8788280785316145;6;0.7738939922383439;[-0.07048103076469649;0.7880742875983429;0.11102655110184668;0.9695818694648861];0.7797494070893027;0.25
5439;0.25747044250024215;0.44595028014783067;6;0.5802358347496037;[0.16878039176563514;0.35726022941322366;0.34616049323484915;0.5346403308824377];0.778376029756914;0.25
9003;0.08846430060763283;0.8899897508063375;6;0.3181473944672376;[0.0025033381515703057;0.8040287883502749;0.17442526306369535;0.9759507132624];0.7796811855748262;0.25
9917;0.8238851991224978;0.7590724640667763;6;0.5259152929364926;[0.7377714201324832;0.6729586850767617;0.9099989781125124;0.8451862430567909];0.7787966755740001;0.25
2830;0.5683152167712875;0.4532288993746166;6;0.5395419059974605;[0.47834924422740754;0.36326292683073663;0.6582811893151674;0.5431948719184965];0.7745505771031911;0.25
1038;0.08216380906240864;0.9914255069697295;6;0.5405427534393722;[-0.007602515642966545;0.9016591822643544;0.17193013376778382;1.0811918316751048];0.7819256289549448;0.25
8770;0.821894114697193;0.24664197032983215;6;0.44736200934524184;[0.7328807261011502;0.15762858173378932;0.9109075032932358;0.33565535892587495];0.7756875158892083;0.25
2238;0.3301383505545985;0.933415842142154;7;0.4720606222176939;[0.24163187655103996;0.8449093681385955;0.41864482455815705;1.0219223161457125];0.7791532738835388;0.25
933;0.2021098042489951;0.4393482596638017;6;0.5071341274449881;[0.11346280716318027;0.35070126257798684;0.29075680133480997;0.5279952567496166];0.7760374979523138;0.25
6422;0.16215127195378307;0.6812256918429027;6;0.5958245830261473;[0.07295468810487835;0.592029107993998;0.2513478558026878;0.7704222756918074];0.7721365428411028;0.25
753;0.4117938982043974;0.6574522884776113;6;0.4283224005650445;[0.3231175137365542;0.5687759040097681;0.5004702826722406;0.7461286729454545];0.776173462417159;0.25
9114;0.020198488508591517;0.804202098728857;6;0.5365368777876532;[-0.06400452276947896;0.7199990874507864;0.104401499786662;0.8884051100069275];0.7729416550815336;0.25
8366;0.630781672929789;0.7594336116969116;6;0.5003148476173179;[0.5416275729664866;0.6702795117336091;0.7199357728930915;0.8485877116602141];0.7764775933745055;0.25
2467;0.7816175363465765;0.8205708425709363;6;0.5029752990150288;[0.6963392413279941;0.7352925475523538;0.8668958313651589;0.9058491375895187];0.7715348288332876;0.25
3077;0.7181609805806733;0.10579441911842447;6;0.3712344223222615;[0.6348389328486178;0.022472371386368956;0.8014830283127289;0.18911646685047998];0.7859275891865455;0.25
8940;0.3853131294988947;0.8086603427280024;6;0.45236745509940574;[0.29710664229722483;0.7204538555263325;0.4735196167005645;0.8968668299296723];0.7731425602442668;0.25
3014;0.602221764803433;0.4785472715970988;6;0.5777602267970217;[0.5148054688416078;0.39113097563527366;0.6896380607652582;0.565963567558924];0.7805454364164737;0.25
1342;0.017814398209383575;0.5370326150744844;6;0.533447153360401;[-0.06606254864343748;0.45315566822166337;0.10169134506220463;0.6209095619273055];0.7796356782111172;0.25
9398;0.6012535716368864;0.10764458041052188;6;0.5135464188430192;[0.5137630164430624;0.02015402521669793;0.6887441268307104;0.19513513560434584];0.7607814349235497;0.25
3765;0.08687064443463943;0.6820353376756474;6;0.39981777362746895;[0.002654535143906789;0.5978192283849147;0.17108675372537208;0.76625144696638];0.784911797503843;0.25
9658;0.4444821808192254;0.7518721886145829;6;0.41743225201329776;[0.35512018369086207;0.6625101914862196;0.5338441779475888;0.8412341857429463];0.776532706904984;0.25
6449;0.5574961259535122;0.9202396209488741;6;0.7379976617747411;[0.46593013947735296;0.8286736344727149;0.6490621124296714;1.0118056074250332];0.7727252433460388;0.25
6028;0.391193238778374;0.26670038773733334;6;0.39155223931360095;[0.3056899308059252;0.18119707976488458;0.47669654675082274;0.3522036957097821];0.7698913928783626;0.25
3812;0.6203193808014971;0.5968660077380854;6;0.6005444808595498;[0.5307787979381927;0.507325424874781;0.7098599636648014;0.6864065906013898];0.777485612166761;0.25
9837;0.9241490323938719;0.8047495446702099;7;0.4711019155163576;[0.8334919242621519;0.7140924365384897;1.014806140525592;0.89540665280193];0.7851085114141486;0.25
5736;0.3809383909615379;0.7908647424181869;6;0.552866303251476;[0.2910220672617885;0.7009484187184375;0.47085471466128737;0.8807810661179364];0.7755360551303436;0.25
4467;0.8598855302811483;0.4529140076853677;6;0.43243451743016437;[0.7702758148248388;0.36330429222905813;0.9494952457374579;0.5425237231416773];0.782155346281599;0.25
9494;0.44618130619766316;0.5124463631609564;6;0.38311381977450504;[0.354962809137986;0.4212278661012792;0.5373998032573403;0.6036648602206335];0.7782993141819792;0.25
5093;0.12280260958296885;0.5943449179645953;6;0.42863512706288587;[0.03303565500434244;0.5045779633859689;0.21256956416159525;0.6841118725432217];0.7826903103429311;0.25
6086;0.19063757108928298;0.5870394195144706;6;0.45837606425542576;[0.10267768254245709;0.4990795309676447;0.2785974596361089;0.6749993080612965];0.777917778470588;0.25
2237;0.11590720425715229;0.8559221609743839;6;0.4663996555379002;[0.02476068592962888;0.7647756426468605;0.2070537225846757;0.9470686793019073];0.7724373014086232;0.25
7789;0.5349227924758496;0.49129109293459694;6;0.4870557757125043;[0.44786770410405996;0.4042360045628073;0.6219778808476393;0.5783461813063866];0.7799629971317165;0.25
3754;0.10067593682963516;0.5780086472745727;6;0.38823488745786916;[0.01260221354697591;0.4899349239919134;0.1887496601122944;0.666082370557232];0.7720351716058833;0.25
1514;0.5256842483994205;0.6528099305411771;6;0.5912897545814111;[0.4392900736051658;0.5664157557469224;0.6120784231936752;0.7392041053354318];0.7808730498973744;0.25
6861;0.7556100482420571;0.9261342126853649;5;0.44348348952232275;[0.6679978313528163;0.8385219957961241;0.8432222651312979;1.0137464295746057];0.7685347572549672;0.25
263;0.7092635297028127;0.4850177910605542;6;0.6262310933226325;[0.6206296064591305;0.39638386781687196;0.797897452946495;0.5736517143042364];0.7685753646801115;0.25
8814;0.29493542194769956;0.46168804518352125;6;0.5463868321623017;[0.21038124325644786;0.37713386649226954;0.37948960063895126;0.546242223874773];0.7657894083108053;0.25
9815;0.0037270715255673936;0.20944505303447442;6;0.6925551625137766;[-0.08641069871651977;0.11930728279238725;0.09386484176765456;0.2995828232765616];0.7712708906941075;0.25
2558;0.6863477587071726;0.5992652254214805;6;0.6238381164503376;[0.5988823238657338;0.5117997905800418;0.7738131935486113;0.6867306602629193];0.7782364996282154;0.25
9014;0.901272892704476;0.6042139833038151;6;0.4554186860699681;[0.8156195822944957;0.5185606728938349;0.9869262031144562;0.6898672937137954];0.7715437790252285;0.25
5280;0.9147157839358808;0.6841842766546086;6;0.4816324979602679;[0.8264209566637504;0.5958894493824782;1.0030106112080113;0.7724791039267389];0.7788328701049354;0.25
1601;0.788020780101161;0.5681744326754041;6;0.2992490781756072;[0.7044211804326409;0.4845748330068841;0.871620379769681;0.6517740323439242];0.7774624868886947;0.25
9679;0.5667049891599842;0.952940994413116;6;0.43524933693039985;[0.48245819089493636;0.8686941961480681;0.6509517874250321;1.0371877926781639];0.7778767669081906;0.25
9616;0.19835026298815428;0.6637074503895375;6;0.4991026745089664;[0.11160896881595664;0.5769661562173398;0.28509155716035195;0.7504487445617352];0.7821633158042236;0.25
3521;0.8077643969879953;0.9894181565099825;6;0.4698713859622724;[0.7207613639932272;0.9024151235152145;0.8947674299827634;1.0764211895047506];0.7698398216726839;0.25
9238;0.13717162465456723;0.8837619475285332;5;0.6466406120460237;[0.04800244214806092;0.7945927650220269;0.22634080716107352;0.9729311300350395];0.7797694027701343;0.25
2271;0.6641479133988993;0.15239660284184275;6;0.45293875701100983;[0.5802098000615405;0.068458489504484;0.7480860267362581;0.23633471617920151];0.7788517953193944;0.25
