8753;0.4926263085819501;0.46970837749382327;6;0.68698194978988;[0.4042332782615985;0.38131534717347165;0.5810193389023017;0.5581014078141749];0.7737727117603604;0.25
7923;0.042208203028771596;0.520057559222338;6;0.289284909291854;[-0.04378919661456114;0.43406015957900523;0.12820560267210435;0.6060549588656707];0.7821878047456888;0.25
5678;0.6631424814230353;0.40461363033317904;6;0.4715542841113348;[0.5745203587301012;0.3159915076402449;0.7517646041159695;0.49323575302611317];0.7775348657807396;0.25
1546;0.6829657105723616;0.04210253716522783;6;0.7652582876864351;[0.5960422198139752;-0.04482095359315856;0.7698892013307479;0.12902602792361423];0.7766902851626143;0.25
7015;0.6044526635605763;0.7701995962430652;6;0.43445700813551874;[0.5155410661484155;0.6812879988309045;0.693364260972737;0.8591111936552259];0.7724902048091858;0.25
4432;0.8722695332207401;0.6773902459958562;6;0.37193178695351203;[0.7852360900695518;0.5903568028446678;0.9593029763719284;0.7644236891470445];0.7710419724620062;0.25
8587;0.8081639417836619;0.13127782986720837;6;0.564805277087575;[0.7212498625877242;0.0443637506712706;0.8950780209795997;0.21819190906314614];0.7669928359576751;0.25
6448;0.3456738110145089;0.8198631561853298;6;0.4721690870483242;[0.2555481588607835;0.7297375040316044;0.43579946316823426;0.9099888083390552];0.7719489928442088;0.25
3375;0.9190534582570473;0.573213225806777;6;0.4911596186912858;[0.8284700696170255;0.4826298371667552;1.0096368468970691;0.6637966144467988];0.7673903595984574;0.25
6371;0.7092455599260554;0.7039242233925687;6;0.5871999618983972;[0.6221215289518185;0.6168001924183317;0.7963695909002924;0.7910482543668056];0.7765794241818958;0.25
1578;0.5850255514651981;0.6245325537213343;7;0.43527570665992776;[0.49761871448436984;0.5371257167405061;0.6724323884460263;0.7119393907021625];0.7775794786925556;0.25
8887;0.9740668327812272;0.5208801497937634;6;0.4995392036542013;[0.8903414821295205;0.4371547991420567;1.0577921834329338;0.6046055004454701];0.7719126185471127;0.25
5756;0.9886410564798396;0.6436522789487795;6;0.5326455543789017;[0.8988928547976156;0.5539040772665556;1.0783892581620635;0.7334004806310035];0.7703482832806752;0.25
260;0.9154933365378015;0.9507131935682165;6;0.8424850053180217;[0.8234303772795193;0.8586502343099343;1.0075562957960837;1.0427761528264987];0.7758003807502987;0.25
9220;0.47234981174899204;0.22327174702392394;6;0.54184064231067;[0.3848477976486069;0.13576973292353878;0.5598518258493772;0.3107737611243091];0.7705719764892637;0.25
5850;0.4580661047907478;0.34707544458804923;7;0.31458133421654116;[0.37346801658659357;0.262477356383895;0.542664192994902;0.43167353279220344];0.782467650662738;0.25
3561;0.0385492244430512;0.4806049664217883;7;0.5038119877026994;[-0.047836236269974866;0.39421950570876224;0.12493468515607727;0.5669904271348144];0.7731253666494726;0.25
7687;0.4983686104095989;0.9622693558124082;7;0.4269815760733927;[0.41058328309896386;0.8744840285017732;0.5861539377202339;1.0500546831230433];0.7721797708208019;0.25
641;0.6312182213910902;0.25939430862133844;6;0.516667172273621;[0.5442216821558805;0.17239776938612877;0.7182147606262999;0.3463908478565481];0.770462868984052;0.25
8595;0.5012682781346818;0.6915538659365394;6;0.5191873971206099;[0.4127241895727146;0.6030097773745723;0.5898123666966489;0.7800979544985066];0.7680415635520784;0.25
2816;0.17066331065391205;0.39608987401556256;6;0.5411038201689843;[0.08150332459481244;0.3069298879564629;0.25982329671301163;0.4852498600746622];0.7762892544183689;0.25
7032;0.9583251629994539;0.8568627658849713;6;0.4535320987788972;[0.8721108474601329;0.7706484503456503;1.044539478538775;0.9430770814242924];0.7760718696620253;0.25
5438;0.6970238796276707;0.7105093565746463;7;0.6001829697712041;[0.6125080296058555;0.6259935065528311;0.7815397296494858;0.7950252065964615];0.774662571842385;0.25
8277;0.35632184070716455;0.3643286756670396;6;0.4836927781578067;[0.26664757345996026;0.2746544084198353;0.44599610795436884;0.45400294291424387];0.7762466188338264;0.25
2880;0.23052500400790693;0.4780257639060762;6;0.5366457393245739;[0.14506203136069143;0.39256279125886073;0.31598797665512246;0.5634887365532917];0.7792881284577081;0.25
8820;0.7711098051916039;0.7942658102630518;6;0.49757013997369914;[0.6807884380623705;0.7039444431338184;0.8614311723208372;0.8845871773922851];0.7762230528132357;0.25
6602;0.7793495129332315;0.8861318488388912;6;0.4174361913761539;[0.6932249003103443;0.800007236216004;0.8654741255561187;0.9722564614617784];0.7818574746933007;0.25
9529;0.9864417433379247;0.674251254073416;6;0.4495839720215426;[0.9029499815181324;0.5907594922536238;1.069933505157717;0.7577430158932082];0.7739170880852212;0.25
1261;0.8774907789618183;0.47713401755939155;6;0.473433180656229;[0.7921276662455101;0.39177090484308347;0.9628538916781264;0.5624971302756997];0.7811752362576938;0.25
9349;0.30459004946539736;0.8887583325834637;6;0.6060495117315149;[0.21838856326664902;0.8025568463847154;0.3907915356641457;0.974959818782212];0.7701818178009457;0.25
3887;0.11785366903983396;0.14559947066810475;6;0.4781655516769789;[0.030926933705299475;0.05867273533357026;0.20478040437436845;0.23252620600263924];0.7727349462456516;0.25
1266;0.754091627249239;0.1651857899748539;6;0.5989189091731154;[0.6638957470577291;0.07498990978334412;0.8442875074407488;0.25538167016636365];0.7791693879745033;0.25
3494;0.25383017718993556;0.7446658567275379;6;0.5252199171384381;[0.1675358190078551;0.6583714985454575;0.34012453537201603;0.8309602149096184];0.7720444313384061;0.25
587;0.303495462106887;0.15988529228432724;6;0.519103674539422;[0.21624255152926533;0.07263238170670558;0.3907483726845087;0.2471382028619489];0.7691215413628361;0.25
4401;0.25297488044279315;0.3560213462122434;6;0.45836477267786196;[0.1635591127603744;0.2666055785298247;0.3423906481252119;0.4454371138946621];0.771069964806667;0.25
9384;0.6141302637351882;0.5188780194695355;6;0.5311069567656336;[0.523032550908314;0.4277803066426613;0.7052279765620624;0.6099757322964097];0.7764262061683354;0.25
3005;0.5691360072088704;0.49155835037610596;6;0.3154168621675586;[0.48337332483461487;0.40579566800185046;0.6548986895831258;0.5773210327503614];0.7758818417160029;0.25
570;0.05538064157970729;0.72204027452041;6;0.5011557848040686;[-0.0369957651467368;0.6296638677939659;0.14775704830615138;0.8144166812468541];0.7742192324861833;0.25
8398;0.29815209878576476;0.5743550982482384;6;0.41763470230448213;[0.21170601161626135;0.48790901107873497;0.3845981859552682;0.6608011854177418];0.7758518742124709;0.25
8053;0.5010283946349906;0.9537492083372074;6;0.29505868517376815;[0.41074069540250346;0.8634615091047203;0.5913160938674777;1.0440369075696947];0.7726046854828917;0.25
5512;0.8258682347743928;0.7547883739477996;6;0.4178232477029796;[0.7340198908834743;0.6629400300568812;0.9177165786653112;0.8466367178387181];0.7711593409986782;0.25
2706;0.8351210504294793;0.9519311904491632;6;0.4594694536559888;[0.7482056250292972;0.8650157650489811;0.9220364758296613;1.0388466158493452];0.7710340167430207;0.25
446;0.842071346444189;0.615334369536163;6;0.6019483308705208;[0.7526241200478037;0.5258871431397778;0.9315185728405744;0.7047815959325483];0.773439120379084;0.25
2269;0.11382158682348129;0.43679570977102533;6;0.29747027452522135;[0.027536590544018816;0.3505107134915629;0.20010658310294377;0.5230807060504878];0.7699784034727687;0.25
7421;0.41142616988465386;0.18187515826529077;6;0.5765263767307074;[0.32571712406655984;0.09616611244719675;0.4971352157027479;0.2675842040833848];0.776248375437475;0.25
2768;0.11083682340909223;0.9148861737072289;6;0.44064304344177097;[0.026412301049314024;0.8304616513474508;0.19526134576887044;0.9993106960670071];0.7746261224577428;0.25
6997;0.5981269139899625;0.9957102230160542;6;0.33545855673350655;[0.5103476896535198;0.9079309986796115;0.6859061383264052;1.083489447352497];0.7806258589588878;0.25
3991;0.72003342212801;0.5377955208801761;6;0.5857592395179338;[0.6369668205017348;0.4547289192539009;0.8031000237542852;0.6208621225064513];0.7723601968708939;0.25
7252;0.9871818054336088;0.542169063916931;7;0.5893183984739229;[0.8963697851514676;0.45135704363478985;1.07799382571575;0.6329810841990722];0.7786820215919072;0.25
1214;0.9929208195053226;0.559763316663586;6;0.4619185457263575;[0.9031122270814749;0.4699547242397382;1.0827294119291704;0.6495719090874338];0.7785399704715674;0.25
8994;0.5929266990472968;0.8556091697185754;6;0.4330242822851902;[0.5073657981667432;0.7700482688380218;0.6784875999278503;0.9411700705991289];0.7823730528035272;0.25
3232;0.4258742556340014;0.3843549144488853;6;0.3565956657101101;[0.3392686668890497;0.29774932570393364;0.512479844378953;0.470960503193837];0.7798836326566968;0.25
8027;0.6276310529862814;0.4656705760648738;6;0.38564977394210864;[0.5389637836211776;0.37700330669977;0.7162983223513852;0.5543378454299775];0.7748706265194274;0.25
6867;0.2643268750572476;0.2999246232485661;6;0.5237550443031088;[0.17641128929300726;0.21200903748432576;0.35224246082148797;0.38784020901280647];0.7717144580224815;0.25
8691;0.5888644586966774;0.8705616998056646;6;0.42843830837489627;[0.5013745572347486;0.7830717983437357;0.6763543601586062;0.9580516012675934];0.7759447969509542;0.25
1293;0.2793464670527089;0.7293281201797174;6;0.6379322721007629;[0.1928803317480347;0.6428619848750432;0.36581260235738305;0.8157942554843916];0.7716384407566094;0.25
6113;0.8329916887217422;0.8214339658131574;6;0.6580208883742237;[0.7468920317737356;0.7353343088651508;0.9190913456697488;0.907533622761164];0.7850167047786901;0.25
1939;0.37713412521849177;0.8277636900350605;6;0.15741418544196184;[0.28695090862357586;0.7375804734401445;0.46731734181340767;0.9179469066299764];0.7811654697457839;0.25
6406;0.37976890586679035;0.4840188606341281;6;0.37168561680004086;[0.29015913427295575;0.3944090890402935;0.46937867746062495;0.5736286322279627];0.7683859561565239;0.25
1207;0.8500049536750376;0.5876514888936921;6;0.5134423005408795;[0.7618285123718296;0.4994750475904841;0.9381813949782456;0.6758279301969001];0.7740814791316153;0.25
78;0.1778707389520399;0.9930639807982151;6;0.344168955810584;[0.08296746608331518;0.8981607079294904;0.2727740118207646;1.0879672536669398];0.7731840689471009;0.25
1250;0.07503409080483817;0.2183590866993279;6;0.5733602641097548;[-0.012143951807905923;0.13118104408658382;0.16221213341758225;0.305537129312072];0.7724967360832521;0.25
8537;0.18901762380553305;0.7519172500491762;6;0.5805081598937885;[0.09571174852709824;0.6586113747707414;0.28232349908396787;0.845223125327611];0.7827288166406214;0.25
4087;0.5761395025764828;0.5857085069982935;6;0.5511825153090462;[0.48693523114541726;0.4965042355672279;0.6653437740075484;0.674912778429359];0.7825460692964668;0.25
713;0.4143991757677548;0.42617339414591787;6;0.378784156807846;[0.32629717663849134;0.3380713950166544;0.5025011748970183;0.5142753932751813];0.777131554053539;0.25
4676;0.11207919931468799;0.6768675121689804;6;0.5376119348900944;[0.026326403492290387;0.5911147163465829;0.1978319951370856;0.762620307991378];0.7740615891520018;0.25
984;0.9823520741418883;0.5898248583159419;6;0.4258554573509246;[0.8945248241288585;0.5019976083029121;1.070179324154918;0.6776521083289717];0.7716760086448979;0.25
8849;0.18224861642005363;0.6987726605912811;5;0.27120459015442244;[0.09361394418388622;0.6101379883551137;0.270883288656221;0.7874073328274485];0.7665861600623779;0.25
1088;0.6744640308392033;0.7808348008787916;7;0.4983394093911026;[0.5890172929369064;0.6953880629764948;0.7599107687415001;0.8662815387810885];0.769011827890454;0.25
7443;0.9408504669584224;0.5758701083650414;6;0.4782273228272222;[0.8514526048347028;0.4864722462413217;1.030248329082142;0.6652679704887611];0.7746167016015173;0.25
4093;0.40698536248738326;0.6465536617446513;6;0.46291500590907747;[0.3209208138424384;0.5604891130997065;0.4930499111323281;0.7326182103895962];0.7640916536458308;0.25
5299;0.17372178355466789;0.20407102036683256;6;0.5207127814835237;[0.08250816139685047;0.11285739820901514;0.2649354057124853;0.29528464252465];0.7687451004081475;0.25
5471;0.7196200254926675;0.15065686220127067;6;0.49202564567782514;[0.6296568560249469;0.060693692733550075;0.809583194960388;0.24062003166899126];0.7752047322392549;0.25
1894;0.8376759365043468;0.3454627768035647;6;0.4434411677949052;[0.74589146035418;0.25367830065339786;0.9294604126545136;0.4372472529537315];0.7744984080332178;0.25
4578;0.7569371115787706;0.6745792461497868;6;0.376464334089545;[0.6732465156356412;0.5908886502066574;0.8406277075219001;0.7582698420929163];0.7671477537028235;0.25
9149;0.6991993027067456;0.37212714988000334;6;0.4779809802058766;[0.6108813809199609;0.2838092280932187;0.7875172244935302;0.460445071666788];0.7771793186852934;0.25
8874;0.04591105055249023;0.9921895810872838;6;0.5490475164612834;[-0.039772544642421914;0.9065059858923716;0.13159464574740237;1.077873176282196];0.7791499532202183;0.25
1060;0.7866748315519946;0.5112973983213754;6;0.6702428681973974;[0.6974016305802712;0.422024197349652;0.875948032523718;0.6005705992930989];0.7723102424866422;0.25
5015;0.7681482525928438;0.7638592335655507;6;0.6215711959023789;[0.6807886517924167;0.6764996327651236;0.855507853393271;0.8512188343659779];0.7741930901306582;0.25
5288;0.44545061456745844;0.8095050894254141;6;0.6712078019168257;[0.35661018284853474;0.7206646577064904;0.5342910462863821;0.8983455211443379];0.7768437630240097;0.25
7294;0.8799102025519129;0.9031798574078569;6;0.49125207940629173;[0.7922452119689076;0.8155148668248516;0.9675751931349181;0.9908448479908621];0.7727582007891768;0.25
3321;0.17318779351053804;0.6852174435469779;6;0.49716253343741246;[0.08524010710590209;0.597269757142342;0.261135479915174;0.7731651299516138];0.7755352283597488;0.25
1126;0.4579065914724446;0.8720004611336782;6;0.4346238782873817;[0.3726872918455283;0.7867811615067619;0.5431258910993609;0.9572197607605946];0.7886071765947191;0.25
2541;0.9007680873472012;0.23510562171429894;6;0.5934746249587045;[0.8179134932669313;0.15225102763402915;0.983622681427471;0.31796021579456873];0.7851836242566688;0.25
9543;0.018528166115885925;0.309306692044109;6;0.414558297518098;[-0.06933270911132437;0.22144581681689868;0.10638904134309622;0.3971675672713193];0.7721218619426912;0.25
4415;0.5456039641686979;0.7031588257829584;6;0.3871154448452803;[0.45630467612710723;0.6138595377413677;0.6349032522102886;0.7924581138245491];0.7821508959976095;0.25
1429;0.7362732064227802;0.19938123706338784;6;0.345615110716467;[0.6446009343072524;0.10770896494786011;0.8279454785383079;0.2910535091789156];0.774980742111147;0.25
6458;0.07760093280290004;0.09747264550653856;5;0.48484511802445224;[-0.011434465002542013;0.008437247701096509;0.1666363306083421;0.18650804331198062];0.7663345641551014;0.25
2735;0.20367824050394912;0.313794406050963;6;0.5303017579162879;[0.11445021134028692;0.2245663768873008;0.2929062696676113;0.40302243521462516];0.7850636814856718;0.25
7525;0.36781323703726115;0.8887670113471136;6;0.49486539475024066;[0.2795834189545631;0.8005371932644155;0.4560430551199592;0.9769968294298116];0.7822821547489163;0.25
3205;0.6849314516496373;0.8500430043770804;6;0.5479338427919505;[0.5933320204941748;0.7584435732216178;0.7765308828050999;0.9416424355325429];0.7749609113855482;0.25
9178;0.6325695715843168;0.9510100268152712;6;0.464795314670564;[0.5391263105778477;0.857566765808802;0.726012832590786;1.0444532878217405];0.783076769368195;0.25
1850;0.4489551067985139;0.5051414686162231;5;0.6286455133966393;[0.36199835338560943;0.4181847152033186;0.5359118602114183;0.5920982220291275];0.7738331273588696;0.25
8010;0.06403986863903288;0.7125662934900551;6;0.5847288707026294;[-0.029084444272585136;0.619441980578437;0.1571641815506509;0.8056906064016731];0.7744681092704472;0.25
7835;0.97258590257707;0.4343371376336374;6;0.564689590150854;[0.8799337236823069;0.3416849587388743;1.0652380814718332;0.5269893165284005];0.7768782013157951;0.25
8724;0.2960713706903577;0.9749852530456262;6;0.46453973360202205;[0.20946984786498313;0.8883837302202516;0.3826728935157323;1.0615867758710007];0.7730273188606038;0.25
9340;0.7488332326457261;0.09915621468301061;5;0.6144093988134496;[0.6639166214662354;0.014239603503519924;0.8337498438252168;0.1840728258625013];0.7795287514993106;0.25
6589;0.7675323506735154;0.7630481213054254;6;0.6247703966281142;[0.6836795632694571;0.6791953339013671;0.8513851380775738;0.8469009087094838];0.7783607322738705;0.25
5134;0.7806552886352198;0.6558923581904501;6;0.600196529603215;[0.689333354029658;0.5645704235848883;0.8719772232407816;0.7472142927960119];0.7868959717694282;0.25
4960;0.6636410602718588;0.6200159395335283;6;0.4366331423965854;[0.5725446579127389;0.5289195371744084;0.7547374626309786;0.7111123418926482];0.7657980663836057;0.25
