6976;0.8235854960520872;0.8640105868810812;6;0.5675459747806684;[0.7380285733985172;0.7784536642275113;0.9091424187056572;0.9495675095346512];0.7745056129344705;0.25
6841;0.462889215534897;0.32064315337537297;7;0.5432886891953876;[0.3767171152747966;0.2344710531152726;0.5490613157949974;0.40681525363547333];0.7751140686103736;0.25
7362;0.4757075213986004;0.35372183254233475;6;0.5073512945801882;[0.38679907815292697;0.2648133892966613;0.5646159646442739;0.4426302757880082];0.7789423875115784;0.25
5892;0.6510310908330627;0.3049143975195104;6;0.36512038429757154;[0.5628890365839596;0.2167723432704074;0.7391731450821657;0.39305645176861337];0.7798336813984394;0.25
3823;0.2355640023282492;0.8347838381602215;6;0.5222224489089714;[0.14952382269222508;0.7487436585241973;0.3216041819642733;0.9208240177962457];0.7762917707436263;0.25
8619;0.48781026910516195;0.664392950436843;7;0.5880031209513431;[0.4017436189440161;0.5783263002756972;0.5738769192663078;0.7504596005979888];0.7665386597064209;0.25
1835;0.1723914625527016;0.5189564602198444;6;0.541874109390481;[0.08343661873266428;0.4300016163998071;0.2613463063727389;0.6079113040398818];0.7672405485146853;0.25
3380;0.8104900623984813;0.9656366386950193;6;0.5059203252442109;[0.719708213418024;0.874854789714562;0.9012719113789386;1.0564184876754765];0.7708500043328965;0.25
2471;0.9240105098564306;0.6201680683538359;6;0.39650083458082397;[0.8363240927520379;0.5324816512494431;1.0116969269608234;0.7078544854582286];0.7736181439424629;0.25
7028;0.7581426628400368;0.4246309224973944;6;0.3810889588659604;[0.6701402237958777;0.33662848345323526;0.846145101884196;0.5126333615415536];0.7675741129347265;0.25
2556;0.16709713979493812;0.671161726416276;6;0.212516945869955;[0.08033322866052418;0.5843978152818621;0.2538610509293521;0.75792563755069];0.7672311946854736;0.25
1925;0.8373035902345944;0.7310225182614556;6;0.5570723013043773;[0.7552634756789135;0.6489824037057746;0.9193437047902754;0.8130626328171365];0.7761500118295929;0.25
1117;0.29817649719559947;0.5671552192202227;7;0.49013219769797595;[0.21442430449967917;0.48340302652430245;0.38192868989151973;0.650907411916143];0.7803126974760797;0.25
1152;0.9780014567351387;0.6930107298141045;6;0.33703176412601726;[0.8903696874764704;0.6053789605554362;1.065633225993807;0.7806424990727728];0.7800357556990316;0.25
968;0.6346011593951122;0.7556399251744252;5;0.4881539761125522;[0.5452890742786816;0.6663278400579946;0.7239132445115428;0.8449520102908559];0.7759253737993338;0.25
9868;0.18193752770563576;0.9076203092914901;6;0.2731058722244266;[0.0960168737960809;0.8216996553819352;0.2678581816151906;0.9935409632010449];0.7769433921265718;0.25
1321;0.9909657526012743;0.031951733506976776;6;0.3792090602716882;[0.9038325309654579;-0.05518148812883965;1.0780989742370908;0.1190849551427932];0.7766452954811853;0.25
2877;0.07830097109875367;0.11492274182407636;6;0.5112127675483733;[-0.004250451250778373;0.032371319474544316;0.16085239344828572;0.1974741641736084];0.7741251931096153;0.25
8382;0.7510007375919496;0.6961104006791942;6;0.6316643878210576;[0.662347638999786;0.6074573020870305;0.8396538361841133;0.7847634992713578];0.7788829708659278;0.25
3601;0.5549785245777336;0.5878969168315751;7;0.5872102383392972;[0.4686910287789807;0.5016094210328222;0.6412660203764864;0.6741844126303279];0.7717947202552393;0.25
2633;0.5295957198310854;0.468919653204454;7;0.5349756672368311;[0.44108340247156025;0.3804073358449288;0.6181080371906107;0.5574319705639792];0.7717771888224227;0.25
7012;0.29028882461935307;0.5433456705832278;6;0.6243417544336831;[0.20139371077063828;0.454450556734513;0.37918393846806786;0.6322407844319426];0.7740492170196802;0.25
1104;0.7056816019552391;0.6091166837155484;6;0.5772598993890175;[0.6203199742444888;0.5237550560047981;0.7910432296659894;0.6944783114262987];0.7746714460363826;0.25
3098;0.3729073689378838;0.6677884801503694;6;0.5708885578279358;[0.2878170484315345;0.58269815964402;0.4579976894442331;0.7528788006567187];0.7755877290354858;0.25
7546;0.8741514448349422;0.6466926753617246;6;0.30360513943493317;[0.791257434173719;0.5637986647005013;0.9570454554961655;0.7295866860229479];0.7753372893309917;0.25
1433;0.6977214817743908;0.28258175518340617;6;0.5255926201194507;[0.6074633635972597;0.19232363700627514;0.7879795999515218;0.3728398733605372];0.7685445484234619;0.25
7668;0.14376687859776505;0.7055048848640115;6;0.47144572736640067;[0.05813997811790762;0.6198779843841541;0.22939377907762248;0.791131785343869];0.7671214280876196;0.25
8545;0.036456220175659526;0.24772737475887585;6;0.445678192096339;[-0.052077923956246955;0.15919323062696938;0.12499036430756601;0.3362615188907823];0.7789033703076947;0.25
4976;0.7785485411212918;0.46524829511999904;6;0.3982891850029907;[0.6904311022908756;0.37713085628958276;0.866665979951708;0.5533657339504153];0.7776986175735794;0.25
9508;0.5897672544658094;0.6593214659875232;6;0.5635223927077251;[0.5052577283239575;0.5748119398456714;0.6742767806076612;0.743830992129375];0.774098574415424;0.25
4728;0.11259962282202396;0.3291434537651299;6;0.38938151798387843;[0.025306485014834484;0.2418503159579404;0.19989276062921343;0.4164365915723194];0.7713218206860544;0.25
3402;0.5640973353887141;0.7250591856329909;6;0.4347155573545014;[0.47473079201780627;0.635692642262083;0.653463878759622;0.8144257290038988];0.7777447283312526;0.25
9757;0.436832403489629;0.34835121772717076;6;0.5494117377446044;[0.34972739166009015;0.2612462058976319;0.5239374153191678;0.4354562295567096];0.7817178293245683;0.25
2099;0.20101816325720695;0.8577936237340048;6;0.5392724622638223;[0.11409299192416707;0.7708684524009649;0.28794333459024685;0.9447187950670447];0.7650473286720204;0.25
7042;0.928443148119081;0.5372961461842418;7;0.5023551270300775;[0.8401629419846588;0.44901594004981965;1.0167233542535032;0.6255763523186639];0.7764566746795506;0.25
2187;0.01376085823735601;0.8854164026328504;6;0.4904847152926325;[-0.07568219509124864;0.7959733493042457;0.10320391156596066;0.9748594559614551];0.7746276773321927;0.25
1154;0.04667589038358466;0.590790780882035;6;0.23007178186573163;[-0.036891420445231665;0.5072234700532187;0.130243201212401;0.6743580917108513];0.780511847649537;0.25
6304;0.20400686511139485;0.09405791060658508;6;0.5075836393607853;[0.11326247082086868;0.0033135163160589176;0.29475125940192104;0.18480230489711125];0.774687341649059;0.25
4661;0.3999826038363425;0.35554021142048414;5;0.5959235069133821;[0.3113912086068994;0.26694881619104105;0.4885739990657856;0.44413160664992724];0.7755982943833215;0.25
6194;0.28042592245350656;0.5896835667245608;6;0.5246723770946892;[0.1965472462944814;0.5058048905655356;0.3643045986125317;0.673562242883586];0.7685644189531473;0.25
2921;0.2536625923453539;0.946850220773067;6;0.44213236819883656;[0.16330440424882353;0.8564920326765366;0.3440207804418842;1.0372084088695974];0.7736365696441887;0.25
4780;0.19778836663014476;0.5521920868183807;6;0.5031429387573765;[0.11200379508065295;0.4664075152688889;0.2835729381796366;0.6379766583678725];0.7764327000244259;0.25
1975;0.2857588195183248;0.8198568641223329;6;0.518717398711598;[0.193502427706403;0.7276004723104111;0.3780152113302466;0.9121132559342547];0.7745115416277135;0.25
7093;0.6673411873321087;0.48617827360018046;7;0.36710766920690613;[0.5805194546187924;0.3993565408868642;0.754162920045425;0.5730000063134967];0.7623576174239424;0.25
473;0.39944520886173573;0.5041389312829275;7;0.39167522411588623;[0.3073402627902248;0.4120339852114166;0.49155015493324666;0.5962438773544385];0.7806402209162963;0.25
9648;0.7155145148706334;0.658015744543575;6;0.6458083448577594;[0.6254674564206948;0.5679686860936364;0.8055615733205721;0.7480628029935137];0.7746296808617869;0.25
9706;0.13325412710889134;0.7700621945387603;5;0.6588975727230681;[0.04769405727959761;0.6845021247094666;0.21881419693818507;0.8556222643680541];0.7772516139303803;0.25
4469;0.37295919164811075;0.2943578104168889;6;0.2584214874315216;[0.28889353779614546;0.2102921565649236;0.45702484550007605;0.3784234642688542];0.7823739622442583;0.25
5115;0.041218629150373276;0.37567499258731685;6;0.47395919751233917;[-0.047243683791731605;0.28721267964521197;0.12968094209247816;0.46413730552942173];0.7785419351556471;0.25
638;0.06970112149887497;0.381559002531463;6;0.5745174332709196;[-0.016042130113642236;0.2958157509189458;0.1554443731113922;0.46730225414398024];0.7822682817090967;0.25
7438;0.7532617265364367;0.8524360048034276;6;0.5214383079207294;[0.6609517464183721;0.7601260246853629;0.8455717066545014;0.9447459849214923];0.7663902601334962;0.25
7285;0.3428003851697162;0.3500002729407117;6;0.36718733455804564;[0.2556226843798211;0.26282257215081656;0.42997808595961134;0.4371779737306068];0.7693023698227641;0.25
9933;0.36446444235535047;0.6766311538962771;6;0.4212105355696676;[0.2782936143106854;0.590460325851612;0.45063527040001555;0.7628019819409423];0.7783317746012273;0.25
8787;0.691358009889919;0.7570732876146872;6;0.4143542330178557;[0.6075538885982074;0.6732691663229755;0.7751621311816307;0.8408774089063988];0.7813605815599549;0.25
254;0.4601834619712071;0.8421696765354857;6;0.36858516407122954;[0.3723546467113271;0.7543408612756057;0.548012277231087;0.9299984917953656];0.7735989623747871;0.25
9971;0.2693432656473819;0.7702162689142081;6;0.26736563189873985;[0.17396093036567795;0.6748339336325041;0.3647256009290859;0.8655986041959122];0.7811638051812609;0.25
1515;0.3307164688424464;0.587216969452224;6;0.45835714471969824;[0.2447651595915532;0.5012656602013308;0.41666777809333955;0.6731682787031172];0.7746593108077366;0.25
3552;0.9603801572665297;0.4866727404337835;6;0.4729944428122449;[0.8745549455792268;0.4008475287464805;1.0462053689538326;0.5724979521210865];0.7726435931331543;0.25
3047;0.010189387234945113;0.7598813126190914;6;0.4862485279402483;[-0.07874172550232242;0.6709501998818239;0.09912049997221264;0.8488124253563589];0.7701716375858058;0.25
5329;0.40974015000634517;0.091210829485322;6;0.4641874833880923;[0.32285061331998227;0.004321292798959098;0.49662968669270807;0.1781003661716849];0.7751914651958446;0.25
1142;0.15067421099789793;0.7739463981407876;6;0.4674660912623936;[0.05949801147594663;0.6827701986188363;0.24185041051984923;0.8651225976627389];0.7649695126989797;0.25
696;0.7340612441830567;0.713004554058864;6;0.5221038606983723;[0.643600289309378;0.6225435991851852;0.8245221990567355;0.8034655089325428];0.7793868866702979;0.25
8967;0.9422233898157539;0.9315761635105536;6;0.5048976004728447;[0.8551513012393415;0.8445040749341411;1.0292954783921664;1.018648252086966];0.7782519319526363;0.25
4102;0.7553474985670598;0.8171119310794546;6;0.6817273461357426;[0.667258291510273;0.7290227240226678;0.8434367056238466;0.9052011381362414];0.7751537704746443;0.25
3076;0.36044133246151;0.9416067990098826;6;0.5659528307009195;[0.273062579454054;0.8542280460024266;0.447820085468966;1.0289855520173385];0.7577957952149006;0.25
8535;0.11740483558955989;0.9477235837507484;6;0.5081786431591956;[0.024478161869305445;0.854796910030494;0.2103315093098143;1.0406502574710028];0.769638087542899;0.25
7340;0.9099514823533279;0.6052687657270155;6;0.34200986104502407;[0.8210741645658691;0.5163914479395567;0.9988288001407867;0.6941460835144743];0.7782132838666598;0.25
5971;0.8569472186141441;0.4575037834562215;5;0.6200663809960096;[0.7672018839753717;0.3677584488174491;0.9466925532529166;0.5472491180949939];0.7739273135886587;0.25
8531;0.7538989718091537;0.10428122783980193;6;0.613297034846728;[0.6644746057847479;0.014856861815396222;0.8433233378335594;0.19370559386420763];0.7773567999259736;0.25
4409;0.7669844480865955;0.2880729919719676;6;0.4919660352506294;[0.6773863143258009;0.19847485821117306;0.8565825818473901;0.3776711257327622];0.773479137477;0.25
4920;0.49469846353400626;0.7533992168519424;6;0.3831374460307725;[0.40581590072565865;0.6645166540435948;0.5835810263423539;0.84228177966029];0.7718881239916107;0.25
33;0.6225373842626989;0.9496887833206935;5;0.5043954228136434;[0.5344417672842176;0.8615931663422122;0.7106330012411802;1.037784400299175];0.7793117338926707;0.25
5723;0.09494652977170592;0.1889110086656502;6;0.537810087898642;[0.010603351510833983;0.10456783040477825;0.17928970803257788;0.27325418692652215];0.7745849956272244;0.25
1615;0.8151018149913759;0.3724610425082677;6;0.3661018623962752;[0.7275612423949784;0.28492046991187026;0.9026423875877734;0.4600016151046652];0.7696211726216182;0.25
310;0.7446562638325005;0.5503113325162824;6;0.47142331872274995;[0.6550755187961358;0.46073058747991763;0.8342370088688652;0.6398920775526471];0.7691582965742693;0.25
1310;0.634817785256774;0.15226646880561562;6;0.45451743154781876;[0.5495431481821907;0.06699183173103232;0.7200924223313573;0.23754110588019892];0.7682134918112984;0.25
3815;0.16920014321749915;0.16236273214352087;6;0.608004710198554;[0.08027924019793178;0.0734418291239535;0.25812104623706655;0.25128363516308827];0.7672556436228528;0.25
2696;0.5759998150938682;0.6697656983456803;6;0.36008408341377685;[0.48873685244977677;0.5825027357015888;0.6632627777379597;0.7570286609897718];0.7743678310759654;0.25
916;0.8943164446825467;0.2524472963410754;6;0.48028009664927646;[0.8046889064398743;0.16281975809840302;0.983943982925219;0.34207483458374777];0.7787685317956595;0.25
3550;0.13283195967973266;0.37999124624502334;6;0.47371563237131;[0.043910739786769765;0.2910700263520605;0.22175317957269555;0.4689124661379862];0.7779458139365047;0.25
2210;0.027902821149465518;0.5427822657028649;6;0.575731840368054;[-0.06027513262944553;0.4546043119239539;0.11608077492837657;0.6309602194817759];0.7771369343298318;0.25
8198;0.3580255751255898;0.20711152284437934;6;0.4817050987239935;[0.2714100905335649;0.12049603825235444;0.4446410597176147;0.29372700743640423];0.7785247442756499;0.25
3943;0.3326496137145488;0.3265942846673734;6;0.4895260317988202;[0.24639559068214717;0.24034026163497174;0.41890363674695047;0.41284830769977504];0.7700898745363152;0.25
1620;0.47471693033246776;0.4967002302041982;6;0.47699594155249353;[0.3892613783571404;0.41124467822887084;0.560172482307795;0.5821557821795255];0.7672075837021674;0.25
8923;0.1694061835665273;0.5661851286065839;6;0.5440868187397585;[0.0796029126375057;0.47638185767756225;0.25920945449554894;0.6559883995356055];0.7672234309567364;0.25
5155;0.5035908193628498;0.4671206994241138;6;0.4252153601073146;[0.4160973083089999;0.37962718837026393;0.5910843304166996;0.5546142104779637];0.7824617611078761;0.25
1585;0.58742635744604;0.6217065483498178;6;0.4865492010968868;[0.4985178524474798;0.5327980433512576;0.6763348624446002;0.7106150533483779];0.7716532244954283;0.25
7906;0.25462929626124536;0.616486118494862;6;0.5346701776247158;[0.16765565119369757;0.5295124734273142;0.34160294132879315;0.7034597635624098];0.7751061696791408;0.25
4827;0.8498450834725328;0.23395001176941604;6;0.4440811862523972;[0.7624028149169787;0.14650774321386187;0.937287352028087;0.32139228032497025];0.7735879069151886;0.25
5632;0.39642575462864266;0.891530073707059;6;0.6599880413786028;[0.3081887547160944;0.8032930737945106;0.4846627545411909;0.9797670736196072];0.7680953199887122;0.25
7538;0.7162136613640151;0.7159552810676194;6;0.5825046063495797;[0.6277370794423454;0.6274786991459497;0.8046902432856848;0.8044318629892891];0.7748036556150064;0.25
4779;0.7178913562644873;0.3268269235581608;6;0.39532920368628605;[0.627184842862627;0.23612041015630045;0.8085978696663476;0.4175334369600211];0.7702790731385635;0.25
551;0.32483164049515506;0.42503773147264634;5;0.5522056658936086;[0.23691094612898334;0.3371170371064746;0.4127523348613268;0.5129584258388181];0.7841234779972431;0.25
6916;0.9109427866272083;0.9613831289922024;6;0.5313593631462473;[0.8226800431617872;0.8731203855267813;0.9992055300926294;1.0496458724576234];0.7699583471854184;0.25
4690;0.09697236906088647;0.3917453884417884;6;0.5544481191044428;[0.009605541227430056;0.304378560608332;0.18433919689434286;0.4791122162752448];0.7777516530070406;0.25
9503;0.9871149090087672;0.5340998193285657;6;0.7093261507156972;[0.9010918402507514;0.44807675057054985;1.073137977766783;0.6201228880865814];0.7720978908862435;0.25
5020;0.7441982915077567;0.18829556491417782;6;0.5166551505233935;[0.6565371716803752;0.10063444508679625;0.8318594113351383;0.2759566847415594];0.7727506858646158;0.25
1575;0.22541502855591267;0.14046812392897862;6;0.5168074435581423;[0.13430462115672998;0.049357716529795925;0.31652543595509536;0.2315785313281613];0.7826374333231654;0.25
2575;0.8299323578551133;0.019689074518395744;6;0.6304534961828419;[0.7413506076745003;-0.06889267566221727;0.9185141080357263;0.10827082469900876];0.7787485744183456;0.25
3284;0.5126075789648072;0.2539992127807882;7;0.4233791964818336;[0.42849790243247216;0.1698895362484531;0.5967172554971424;0.3381088893131233];0.7793965002346561;0.25
