9454;0.39456100718948295;0.6685620352869811;6;0.5827038327925078;[0.30941336461161845;0.5834143927091167;0.47970864976734745;0.7537096778648456];0.7725144150894133;0.25
3180;0.2855439764678413;0.8270766974170547;6;0.3661594696060668;[0.20110383455919684;0.7426365555084102;0.36998411837648576;0.9115168393256992];0.7654887136524734;0.25
7750;0.8495726363620366;0.4364116404215924;6;0.4635513671425476;[0.767615261129038;0.3544542651885938;0.9315300115950352;0.518369015654591];0.7744702181349816;0.25
5736;0.9586830634614696;0.07028689410713296;6;0.4616926167899662;[0.8702859482960932;-0.018110221058243503;1.047080178626846;0.15868400927250942];0.7840000297597206;0.25
7010;0.7219900930393326;0.3631661236842251;6;0.44911811056124584;[0.6345863747544471;0.2757624053993396;0.8093938113242181;0.45056984196911054];0.782072156663638;0.25
9031;0.4355762653373667;0.39364998523356065;6;0.48369505735801865;[0.3516196585118706;0.30969337840806455;0.5195328721628628;0.47760659205905676];0.7730222695044672;0.25
9126;0.6575623321230085;0.23258450424792243;6;0.5628580017106167;[0.5707143876387479;0.1457365597636619;0.7444102766072691;0.31943244873218296];0.7793159715111867;0.25
8857;0.0010937382359834658;0.5077098389922883;6;0.4996701557518958;[-0.08432145634178029;0.4222946444145245;0.08650893281374722;0.593125033570052];0.7755702845175173;0.25
9135;0.9235160912038396;0.29876885315904755;6;0.3478027094477229;[0.8383381116130141;0.21359087356822204;1.008694070794665;0.38394683274987307];0.7723540910644466;0.25
7035;0.4263357988889775;0.9422297126135193;6;0.3821302799066498;[0.3406863698516899;0.8565802835762317;0.5119852279262651;1.0278791416508068];0.7678366752814841;0.25
2035;0.49111837934326585;0.7830418047011648;6;0.40098674791924677;[0.4063679975631185;0.6982914229210174;0.5758687611234132;0.8677921864813122];0.773758736406644;0.25
575;0.7984492745655873;0.3890791316612328;6;0.505777627624296;[0.7139053827590432;0.3045352398546887;0.8829931663721314;0.4736230234677769];0.7667028487207749;0.25
6453;0.688116042220579;0.43936867804068513;6;0.6411378207190745;[0.5983112200303163;0.34956385585042254;0.7779208644108416;0.5291735002309478];0.779091261501076;0.25
1027;0.772426429079121;0.773483264750991;6;0.4321943259611312;[0.6828266010506194;0.6838834367224895;0.8620262571076225;0.8630830927794926];0.7799159449411663;0.25
7026;0.308475229473137;0.5309518542741559;6;0.5915515420493146;[0.219101470547966;0.44157809534898496;0.39784898839830796;0.6203256131993269];0.7729327624376964;0.25
4444;0.6212408334113679;0.5748044057557953;6;0.5660408649138847;[0.5313262199516213;0.48488979229604867;0.7111554468711145;0.6647190192155419];0.7698648428399927;0.25
5260;0.8057289200938202;0.89302207966006;5;0.600042889391448;[0.7170283290391715;0.8043214886054112;0.894429511148469;0.9817226707147088];0.771284076206405;0.25
2218;0.56152201116656;0.48560260389793963;7;0.48543604223887904;[0.46960252949512826;0.3936831222265079;0.6534414928379917;0.5775220855693713];0.765725711391656;0.25
2540;0.3500491891144876;0.3038442174330853;6;0.4585180596566261;[0.2630692285203007;0.21686425683889837;0.43702914970867457;0.39082417802727226];0.7675900934671545;0.25
1159;0.39003243719391445;0.8951080182396374;6;0.3001241734786335;[0.29664700546335576;0.8017225865090787;0.48341786892447314;0.9884934499701961];0.7751844336164188;0.25
6359;0.40924705114931037;0.23115463912089423;6;0.5580010746375283;[0.3216324318024597;0.14354001977404357;0.49686167049616103;0.3187692584677449];0.7689667330262484;0.25
3901;0.46537719730753296;0.3710608462791168;6;0.5872017638366751;[0.3736608863958638;0.27934453536744763;0.5570935082192021;0.46277715719078594];0.7783886813748344;0.25
8733;0.5113475585283301;0.6915135862456709;6;0.6288915201805323;[0.4227945841141999;0.6029606118315407;0.5999005329424604;0.7800665606598012];0.7703171224264964;0.25
5732;0.2605947655138592;0.9767070360773296;6;0.5764751107014808;[0.17443089646220067;0.890543167025671;0.3467586345655177;1.062870905128988];0.7783265404300215;0.25
6945;0.9031088891860017;0.22616867313477995;6;0.5447252547728703;[0.8199315747542797;0.14299135870305785;0.9862862036177238;0.30934598756650206];0.7686680980129595;0.25
3301;0.6054206409378856;0.6863287778104362;6;0.6007036953684127;[0.5161133965008131;0.5970215333733637;0.6947278853749581;0.7756360222475087];0.7739367157430148;0.25
8821;0.8585965495624931;0.6141068412706037;6;0.39118695303520895;[0.7723090092786239;0.5278193009867345;0.9448840898463623;0.7003943815544729];0.7673989428681107;0.25
7896;0.46481431817226193;0.9770175864238122;6;0.43629661849572293;[0.3792044878391003;0.8914077560906506;0.5504241485054235;1.0626274167569738];0.7828492970908796;0.25
920;0.5112194471966911;0.6122476358538825;6;0.35312289588717205;[0.42041704445775324;0.5214452331149446;0.602021849935629;0.7030500385928204];0.7879443872630936;0.25
3179;0.559376762069753;0.41296956971363086;6;0.6488857130830554;[0.4728623056894249;0.3264551133333028;0.645891218450081;0.4994840260939589];0.7791152518297162;0.25
7590;0.6224547912280511;0.7862322588189794;6;0.5647157692158291;[0.5319346810870654;0.6957121486779937;0.7129749013690369;0.8767523689599651];0.7654804063148102;0.25
5994;0.36080930392445604;0.5116995242706206;6;0.40967201004024106;[0.27861326579156526;0.4295034861377298;0.4430053420573468;0.5938955624035114];0.7780517832331942;0.25
5599;0.6573159644143077;0.5650516620938835;6;0.5652057931230093;[0.5728085504251668;0.4805442481047425;0.7418233784034487;0.6495590760830244];0.771191787226967;0.25
431;0.73563195243837;0.612694215719174;6;0.281312796505242;[0.6428369422051938;0.5198992054859979;0.8284269626715461;0.7054892259523502];0.7802439881950791;0.25
8862;0.8782474998213297;0.25950309214051054;6;0.5228401804656375;[0.7919719730522372;0.17322756537141806;0.9645230265904221;0.34577861890960304];0.7679618518585989;0.25
7366;0.074915303414257;0.5699953799153239;7;0.4335368806447486;[-0.008252050850369105;0.48682802565069777;0.15808265767888313;0.65316273417995];0.7804446729007808;0.25
2745;0.9701020196690571;0.927857373605397;7;0.4318571512898875;[0.8855691210770448;0.8433244750133847;1.0546349182610693;1.0123902721974092];0.773627148035469;0.25
180;0.6573699367286683;0.21103457882022475;6;0.7665117001024813;[0.5637589549775767;0.11742359706913313;0.7509809184797599;0.30464556057131637];0.7696048862035071;0.25
3037;0.9702197463983759;0.4258001538257036;6;0.4688925115514753;[0.8842484868245352;0.3398288942518628;1.0561910059722166;0.5117714133995444];0.7766951484470809;0.25
1442;0.6764734301128064;0.4940239600320505;6;0.4528949957317337;[0.5906573459319792;0.40820787585122337;0.7622895142936336;0.5798400442128777];0.7734679829194044;0.25
8452;0.3783028140726483;0.5438929915695349;6;0.5277506060254886;[0.28913859591337543;0.45472877341026197;0.4674670322319212;0.6330572097288077];0.773019008985059;0.25
4203;0.6078708418510541;0.3462761188219266;6;0.5770598996609122;[0.5235166183496505;0.2619218953205229;0.6922250653524578;0.4306303423233303];0.767760316712382;0.25
2727;0.29744303972099867;0.5081014131898773;6;0.5606461962440358;[0.2074885034427103;0.41814687691158897;0.38739757599928704;0.5980559494681656];0.7746896881315439;0.25
8705;0.7269436214560446;0.8965189026430433;6;0.3075980831144832;[0.6361355003903761;0.8057107815773749;0.8177517425217131;0.9873270237087118];0.7768552604125512;0.25
7026;0.9807287435762586;0.8331511015818032;6;0.5915515420493146;[0.892824126140433;0.7452464841459776;1.0686333610120842;0.9210557190176287];0.7729327624376964;0.25
6684;0.870128801607158;0.6191741010420995;6;0.37338847659992136;[0.7834513330865043;0.5324966325214457;0.9568062701278117;0.7058515695627532];0.7685890809029304;0.25
104;0.6856979574214102;0.7746814634543215;5;0.5403414551476055;[0.5992558061660395;0.6882393121989508;0.7721401086767808;0.8611236147096922];0.7741606433458791;0.25
8812;0.7201979671928911;0.4091688358749381;5;0.36200172560662125;[0.6302732974635025;0.31924416614554946;0.8101226369222797;0.4990935056043267];0.7685594185401117;0.25
5913;0.6084271768888551;0.2772171743240939;6;0.4005676707399755;[0.5200149379071999;0.18880493534243864;0.6968394158705102;0.3656294133057491];0.7792193324156469;0.25
1679;0.10095141367959903;0.46708031727441923;6;0.3998206637272702;[0.013675791467765111;0.3798046950625853;0.18822703589143297;0.5543559394862532];0.7817506208860074;0.25
9634;0.6076909762495813;0.380524650060786;6;0.4116966485409681;[0.5227721541543966;0.2956058279656013;0.6926097983447661;0.4654434721559707];0.7790759700857046;0.25
8327;0.3378006537870674;0.8585216110093055;6;0.4706839675138316;[0.25145712122155767;0.7721780784437957;0.42414418635257717;0.9448651435748152];0.7722737441079593;0.25
3589;0.26782964931891384;0.033018458965351494;6;0.5273227522598971;[0.1846678396065002;-0.05014335074706214;0.35099145903132745;0.11618026867776513];0.7819839846690969;0.25
9452;0.4183085221422155;0.7951697497965283;6;0.5072583215251483;[0.3256615855874074;0.7025228132417203;0.5109554586970235;0.8878166863513364];0.7793826358254152;0.25
5962;0.3860181640296645;0.6780481942976361;6;0.48936200275351865;[0.29769698989081794;0.5897270201587895;0.47433933816851104;0.7663693684364826];0.7725945693902162;0.25
1523;0.748270197394551;0.009595195404686452;6;0.5410839890232935;[0.6608909795656739;-0.07778402242419068;0.8356494152234282;0.09697441323356358];0.7754385571548581;0.25
1732;0.7004066706807879;0.9346794239634159;6;0.6107033076995415;[0.6144704301893924;0.8487431834720204;0.7863429111721834;1.0206156644548114];0.7750824672597474;0.25
3583;0.8973614300470719;0.32498328814253785;6;0.5319681444107336;[0.8102198869186967;0.23784174501416266;0.9845029731754471;0.41212483127091304];0.7758512009639664;0.25
2672;0.6161871426033011;0.3918271366946255;6;0.6846207415846718;[0.5272731706344931;0.3029131647258174;0.7051011145721091;0.48074110866343356];0.7710903516819816;0.25
7535;0.7674616149475655;0.3223467898310518;5;0.3914762243107614;[0.6781010540464258;0.23298622892991222;0.8568221758487051;0.4117073507321914];0.7742361445153002;0.25
3313;0.4247171605387013;0.6891035777073053;6;0.4294978450322503;[0.33317424903925014;0.5975606662078542;0.5162600720381524;0.7806464892067565];0.7722956767065988;0.25
722;0.4179179592911664;0.5009483942723041;6;0.5521029948933416;[0.33183714119448404;0.41486757617562176;0.5039987773878487;0.5870292123689864];0.773329369038203;0.25
8963;0.49847184369296416;0.4441178536638739;6;0.4069539778083712;[0.4124211144304003;0.35806712440131006;0.584522572955528;0.5301685829264378];0.7755941590665726;0.25
6980;0.7011617995473273;0.7246456322577828;6;0.709177612949633;[0.6107693204389165;0.634253153149372;0.791554278655738;0.8150381113661935];0.7721853784432086;0.25
2863;0.2360169725960618;0.4028176673956154;6;0.5812250959824967;[0.14804655484378565;0.31484724964333927;0.32398739034833796;0.4907880851478916];0.7757846549649196;0.25
8806;0.5136430356467252;0.7225132580800115;6;0.4481963433062795;[0.42456474716225223;0.6334349695955386;0.6027213241311982;0.8115915465644845];0.7718454025616281;0.25
6986;0.13540343788542708;0.8541834088841949;6;0.5696120344628159;[0.049393607460431366;0.7681735784591992;0.2214132683104228;0.9401932393091905];0.7688001080171337;0.25
2842;0.7636300236984016;0.7753349699258655;5;0.5673048536527384;[0.6775199721623135;0.6892249183897774;0.8497400752344897;0.8614450214619536];0.7698295427375832;0.25
3448;0.7103732001032386;0.7662836966036632;6;0.5077356516627869;[0.6212316474325608;0.6771421439329854;0.7995147527739164;0.855425249274341];0.7777881703560533;0.25
607;0.49735489374369346;0.8007269741326104;6;0.5204816786504488;[0.40873386987666666;0.7121059502655835;0.5859759176107203;0.8893479979996373];0.77234263112922;0.25
5512;0.41494817254322275;0.472177818122814;6;0.5154767895210937;[0.33017460038268553;0.38740424596227674;0.49972174470375996;0.5569513902833513];0.7829551188782005;0.25
6939;0.6655385284743266;0.855919344400746;6;0.30693955444698107;[0.5788858766821099;0.7692666926085293;0.7521911802665433;0.9425719961929627];0.7756034804906646;0.25
1619;0.35205927925403313;0.3311463461084249;6;0.32731035588974955;[0.26568910774091525;0.24477617459530704;0.438429450767151;0.4175165176215428];0.7797949164045318;0.25
5763;0.7269528206740278;0.448015791556965;6;0.291512527356861;[0.6395310052043814;0.36059397608731864;0.8143746361436741;0.5354376070266114];0.7753840165707532;0.25
4151;0.562066779831681;0.3483521589143506;6;0.33282267868274895;[0.47434682464422745;0.2606322037268971;0.6497867350191344;0.43607211410180413];0.7807917041373735;0.25
1572;0.9558800353269611;0.29772457410345177;6;0.5305132624672598;[0.8713988813339614;0.21324342011045205;1.0403611893199607;0.3822057280964515];0.774947613955485;0.25
7084;0.9953823107897058;0.5316525147098268;6;0.6094697618704856;[0.9095089779619072;0.44577918188202814;1.0812556436175045;0.6175258475376254];0.7791061210914743;0.25
9925;0.644262534732354;0.40719830576359833;6;0.4993217485643257;[0.5528103238070429;0.31574609483828725;0.735714745657665;0.4986505166889094];0.7721509815057834;0.25
2073;0.7379389333493152;0.3294079324940947;6;0.5656782861831443;[0.6477109146687845;0.23917991381356402;0.8281669520298458;0.41963595117462543];0.7728919039686221;0.25
2949;0.6290844708046658;0.7460239743904876;6;0.41195261077421863;[0.5383331135707942;0.655272617156616;0.7198358280385374;0.8367753316243592];0.7675984180613799;0.25
2360;0.8938313117159531;0.5368771122928984;6;0.6042579954629539;[0.8067717241896974;0.4498175247666427;0.9808908992422087;0.623936699819154];0.7776735003598472;0.25
6686;0.9417936680242005;0.627050046289012;6;0.5682269139325983;[0.852075143006054;0.5373315212708655;1.031512193042347;0.7167685713071584];0.7858757901049599;0.25
6823;0.13466411535921274;0.01957512025725161;6;0.5072995548112921;[0.048755403207702996;-0.06633359189425814;0.2205728275107225;0.10548383240876136];0.7734955787415385;0.25
6999;0.31470457054181694;0.7429348086488746;6;0.5461155530598506;[0.2265564064894386;0.6547866445964963;0.4028527345941953;0.831082972701253];0.7764479541710052;0.25
1032;0.5108245351378876;0.27911660793290033;6;0.39452737341045946;[0.4218199222268851;0.1901119950218978;0.5998291480488902;0.36812122084390286];0.7757324508912375;0.25
4472;0.6517024548271756;0.7509712928802109;6;0.42566845066842024;[0.5626284669156001;0.6618973049686354;0.7407764427387511;0.8400452807917864];0.7718526927702838;0.25
889;0.23830722062640491;0.9084552854885086;6;0.43371046662446955;[0.1480228612309467;0.8181709260930504;0.3285915800218631;0.9987396448839668];0.7808055713409143;0.25
8439;0.39164116333503685;0.9413620588253683;6;0.48277074233805445;[0.30542807947179285;0.8551489749621243;0.47785424719828085;1.0275751426886122];0.7804230170164663;0.25
8359;0.8558461847615516;0.6119799095050394;6;0.5983640547286632;[0.7692386959864274;0.5253724207299152;0.9424536735366759;0.6985873982801637];0.7764511602120111;0.25
1636;0.1944851158934754;0.6113237344789251;6;0.46808503187758715;[0.1073306791107053;0.524169297696155;0.28163955267624546;0.6984781712616952];0.7729235161409995;0.25
1135;0.8385296389177193;0.45852405055130524;6;0.4037524352683933;[0.7511049773081835;0.3710993889417694;0.925954300527255;0.5459487121608411];0.7730404887868619;0.25
6709;0.6083757755712461;0.9168500467344287;6;0.5538446903367857;[0.5182510718948647;0.8267253430580473;0.6985004792476275;1.00697475041081];0.7673785815791336;0.25
8050;0.35507643862263955;0.09752290702308275;6;0.42499162183580763;[0.2669086582776609;0.00935512667810412;0.4432442189676182;0.18569068736806138];0.7662670989519487;0.25
6281;0.8577245378088989;0.9544585562579306;6;0.36833923030164367;[0.7727596336518898;0.8694936521009216;0.942689441965908;1.0394234604149397];0.7761880276740314;0.25
2175;0.04041041262212963;0.6624750516888483;6;0.5881885270928692;[-0.04288736040903157;0.5791772786576872;0.12370818565329084;0.7457728247200095];0.776327124687593;0.25
5886;0.9836186933672217;0.9293888043081662;6;0.3067211788870925;[0.8973101772745764;0.8430802882155208;1.069927209459867;1.0156973204008115];0.7731721086249598;0.25
6488;0.3932492397506654;0.22331017772000733;6;0.6110705125937261;[0.30988705821236867;0.1399479961817106;0.4766114212889621;0.30667235925830405];0.7740880874118209;0.25
7381;0.9003177809333851;0.9828519872698311;6;0.6168243830202842;[0.8123877017391092;0.8949219080755553;0.988247860127661;1.070782066464107];0.7627808274448206;0.25
2568;0.28069175610570973;0.5883083684570747;6;0.6215282258836188;[0.19273427003982962;0.5003508823911946;0.36864924217158984;0.6762658545229547];0.7745450914204678;0.25
2396;0.9457993892555283;0.17734825493761108;6;0.5232765009932219;[0.8559005367091939;0.08744940239127669;1.0356982418018628;0.2672471074839455];0.7822809132313734;0.25
2912;0.9466589604626378;0.29640378557648384;7;0.6168220101962413;[0.8616300116322824;0.2113748367461284;1.0316879092929931;0.3814327344068393];0.7775047894415034;0.25
7695;0.912702854384491;0.07899233819101809;6;0.2504627167159039;[0.8271585087384203;-0.00655200745505255;0.9982472000305616;0.16453668383708872];0.7745814233506879;0.25
8278;0.6114855268657993;0.03296936233679293;6;0.6240161435413933;[0.5212577660831184;-0.05725839844588804;0.7017132876484802;0.1231971231194739];0.766047806647095;0.25
434;0.5411835639007575;0.2027964846119023;6;0.5536674786844427;[0.4472090153946839;0.10882193610582867;0.6351581124068312;0.2967710331179759];0.7778803188378459;0.25
633;0.37354174149595676;0.2925148813374544;6;0.4650168464309424;[0.2837302017251486;0.2027033415666463;0.4633532812667649;0.38232642110826254];0.775521780548361;0.25
2356;0.943054490468493;0.8351140132853598;6;0.5447477833807634;[0.8588155101802644;0.7508750329971312;1.0272934707567216;0.9193529935735885];0.7768912573281731;0.25
7738;0.8532517648408106;0.8954971390784843;6;0.4025164348833902;[0.7623694481902806;0.8046148224279543;0.9441340814913405;0.9863794557290142];0.77854311409624;0.25
3318;0.278459485084236;0.9527000799614784;6;0.40436034698375484;[0.19016893691960352;0.8644095317968459;0.3667500332488685;1.040990628126111];0.7727360408555187;0.25
3992;0.35178606149564806;0.49586291184774656;6;0.5956326848142862;[0.2634624279063626;0.4075392782584611;0.4401096950849335;0.584186545437032];0.7724728456687957;0.25
9102;0.5324056294295543;0.09728372319165929;6;0.6361391271883541;[0.4440311816412573;0.008909275403362352;0.6207800772178512;0.18565817097995624];0.772298407397297;0.25
6963;0.5743030082467488;0.7510164250504472;6;0.2971698244206777;[0.4891826784553348;0.6658960952590331;0.6594233380381629;0.8361367548418612];0.7851143368077854;0.25
6812;0.9377187268610385;0.7062067591339829;6;0.5465971950561705;[0.8496780215450691;0.6181660538180135;1.0257594321770078;0.7942474644499523];0.7749694164893944;0.25
6724;0.9167712029333672;5.81269482921476E-4;6;0.5221729210090925;[0.8237919914519;-0.09239794199854577;1.0097504144148344;0.09356048096438872];0.7809155642563912;0.25
2238;0.6764340284537074;0.12069792295063692;6;0.5495561043962823;[0.586927507336919;0.031191401833848553;0.7659405495704957;0.21020444406742528];0.7856708976852388;0.25
9396;0.2986431143962307;0.03900522761593517;6;0.5546520073173224;[0.21016708990291597;-0.04947079687737957;0.3871191388895454;0.1274812521092499];0.7719434022184454;0.25
6051;0.47336306721317695;0.7790332757287559;6;0.5197039195628917;[0.3844089703467254;0.6900791788623044;0.5623171640796285;0.8679873725952074];0.7808303707959648;0.25
3507;0.4677318000423334;0.38488067354912786;6;0.5683934486892391;[0.3844218928885188;0.3015707663953132;0.551041707196148;0.4681905807029425];0.7759739306331561;0.25
4847;0.6794433706077048;0.2229697905601945;6;0.6678619530600882;[0.596494344465107;0.14002076441759664;0.7623923967503026;0.30591881670279236];0.7730233617625719;0.25
1798;0.911567297246434;0.41148389799190105;6;0.6201285444200482;[0.8287114550314009;0.32862805577686793;0.9944231394614672;0.49433974020693416];0.775850085226696;0.25
7437;0.9601181624616739;0.9271844649974426;6;0.4822302738234386;[0.8643486376123272;0.8314149401480958;1.0558876873110208;1.0229539898467894];0.7794055938962045;0.25
6960;0.6317538697704035;0.4270981420741258;6;0.2899757983525262;[0.5436845171744493;0.3390287894781716;0.7198232223663577;0.5151674946700799];0.773885770115006;0.25
2494;0.6737771234531006;0.6864321847936026;6;0.47227255538183704;[0.5849423646266234;0.5975974259671254;0.7626118822795778;0.7752669436200798];0.7852416798200019;0.25
1675;0.8926629026864162;0.3038607868505028;6;0.5040618777533417;[0.7998708440594537;0.21106872822354028;0.9854549613133787;0.39665284547746527];0.7742331532401443;0.25
8491;0.5203240003654237;0.6341900686610367;6;0.6497117199835556;[0.4346769527810046;0.5485430210766176;0.6059710479498428;0.7198371162454558];0.7857187408070827;0.25
2247;0.06742293922824638;0.3432683704501456;6;0.39417962877403184;[-0.023341357440104335;0.25250407378179485;0.1581872358965971;0.4340326671184963];0.7773557488795951;0.25
2048;0.41692916109556577;0.5711178956174764;6;0.49458936074942383;[0.3283173683428696;0.48250610286478024;0.5055409538482619;0.6597296883701725];0.7684297184813076;0.25
9086;0.5447900944819511;0.15847849430916477;6;0.6035821455383988;[0.45566209230575805;0.06935049213297168;0.6339180966581442;0.24760649648535787];0.7705205561797784;0.25
4536;0.7116671843310813;0.3250276610207609;6;0.40494912351119894;[0.6222364429066536;0.23559691959633322;0.8010979257555091;0.4144584024451886];0.7794356444913901;0.25
62;0.8658217407664258;0.21293359218676733;6;0.5524347018302591;[0.776117688789988;0.12322954021032952;0.9555257927428636;0.30263764416320516];0.768817925369155;0.25
9288;0.9862155833135211;0.9664381110449887;6;0.5852909210524118;[0.8981003581042712;0.8783228858357388;1.074330808522771;1.0545533362542385];0.7764488850887481;0.25
5056;0.6155040502285121;0.5956222022405546;6;0.5649874873883493;[0.5320129138850657;0.5121310658971082;0.6989951865719585;0.679113338584001];0.7844370827365631;0.25
802;0.83544506949612;0.3395418066994679;6;0.6518576975387115;[0.7497631468077028;0.25385988401105075;0.9211269921845371;0.425223729387885];0.7849300176464336;0.25
7203;0.38323415002945127;0.7174876056330142;6;0.5104353555175349;[0.2934706591567816;0.6277241147603445;0.47299764090212093;0.8072510965056838];0.7737710428893273;0.25
7818;0.13030298154284803;0.4896047245032301;6;0.3780421428609861;[0.048699519142509626;0.4080012621028917;0.21190644394318642;0.5712081869035686];0.7809472333659464;0.25
4790;0.9513235339513451;0.6822939014211482;6;0.6162455848857605;[0.858052233784744;0.5890226012545472;1.044594834117946;0.7755652015877492];0.775680957309529;0.25
1404;0.6350150642523955;0.5954159533356915;6;0.4271545628847316;[0.5510520524076814;0.5114529414909774;0.7189780760971096;0.6793789651804056];0.7728431385075587;0.25
824;0.3672671245269042;0.5227641931348795;6;0.5540559886796843;[0.27851930727984064;0.43401637588781594;0.45601494177396773;0.6115120103819431];0.7715926636393876;0.25
3235;0.8702385581321134;0.8312638044716971;6;0.36515027916602205;[0.7831525986465975;0.7441778449861812;0.9573245176176293;0.918349763957213];0.770411734714412;0.25
7530;0.9475003176675737;0.5341324457787848;6;0.4730885709633535;[0.8592336011322237;0.4458657292434348;1.0357670342029237;0.6223991623141348];0.7806092350394557;0.25
2421;0.8030376090468937;0.7168124021062057;6;0.5618855522474431;[0.7080841987824201;0.6218589918417321;0.8979910193113673;0.8117658123706792];0.7628942001685948;0.25
9815;0.9066465583550598;0.2774271656969365;6;0.6072879296848293;[0.8188532507490224;0.18963385809089908;0.9944398659610972;0.3652204733029739];0.7740335062232585;0.25
2547;0.7100561311380595;0.9821304154914856;5;0.3856927560623617;[0.6252179917273911;0.8972922760808172;0.794894270548728;1.0669685549021541];0.7729143956512571;0.25
3546;0.2382951513872763;0.43583186040666616;6;0.3914607182428976;[0.15045853670573672;0.3479952457251266;0.3261317660688159;0.5236684750882057];0.7712160983954577;0.25
2182;0.370005141216309;0.5682489728179672;6;0.6144813911705954;[0.28715491347775457;0.4853987450794127;0.45285536895486345;0.6510992005565216];0.7733403761513962;0.25
8878;0.3823343287168686;0.8350654937878583;6;0.42443537872732073;[0.2918461207251428;0.7445772857961326;0.4728225367085944;0.9255537017795841];0.7769098920033499;0.25
6512;0.6820114238352276;0.050528955167186584;6;0.6681291499205515;[0.5936394594276477;-0.03784300924039334;0.7703833882428075;0.13890091957476652];0.7643402975457416;0.25
2322;0.5780095239704535;0.08387861229876326;6;0.32532685628200586;[0.4938118418365881;-3.190698351021315E-4;0.6622072061043188;0.16807629443262864];0.7780903992005479;0.25
1729;0.580711156057398;0.7053400080429724;6;0.6094161954585955;[0.4934926563526217;0.618121508338196;0.6679296557621743;0.7925585077477487];0.7710928006035855;0.25
4893;0.617914211663393;0.3162603741905008;6;0.5857848708812844;[0.5280814236433745;0.22642758617048236;0.7077469996834115;0.4060931622105192];0.7734048749754984;0.25
4199;0.3425807446573941;0.6719289297587485;6;0.5603812822041244;[0.2540754650614798;0.5834236501628343;0.43108602425330833;0.7604342093546628];0.7742863434189298;0.25
59;0.8815197679365873;0.18541991973915462;6;0.7492897105756462;[0.7928838328548483;0.09678398465741571;0.9701557030183262;0.2740558548208935];0.7641309684040578;0.25
5725;0.4816722817215594;0.44178276279138096;6;0.5270074772247986;[0.3937119939679462;0.35382247503776776;0.5696325694751726;0.5297430505449942];0.7710707838844716;0.25
4215;0.7074945664920465;0.7248793740164977;6;0.5189499550029001;[0.621679964896275;0.6390647724207262;0.7933091680878179;0.8106939756122692];0.7796321546558452;0.25
5314;0.7557376040605037;0.27507736286446727;6;0.5698787982916763;[0.6742874288348732;0.19362718763883682;0.8371877792861342;0.35652753809009774];0.7749357828132225;0.25
2409;0.9275732313532199;0.02113203009581388;6;0.5354590947590154;[0.8358475936143093;-0.07059360764309669;1.0192988690921305;0.11285766783472445];0.7777557441748024;0.25
3287;0.44324856891866377;0.4904920758088317;6;0.43342635195129603;[0.3547743454615903;0.40201785235175824;0.5317227923757372;0.5789662992659051];0.7747189452043143;0.25
1068;0.6803006123594744;0.663713514020031;7;0.40025456665602177;[0.5925315104933704;0.575944412153927;0.7680697142255783;0.751482615886135];0.7760002081201973;0.25
6311;0.5487107782555172;0.045752932300862414;6;0.490575690977804;[0.46377238515268937;-0.0391854608019654;0.633649171358345;0.13069132540369022];0.7747576943771989;0.25
2336;0.8281858672565731;0.09540220991772702;6;0.35573753101528516;[0.7405832467820479;0.0077995894432018875;0.9157884877310982;0.18300483039225215];0.7794534152611035;0.25
2435;0.2932142430708664;0.052854271116500096;6;0.473653974348415;[0.20209366140657442;-0.03826631054779189;0.3843348247351584;0.14397485278079208];0.7703176571519641;0.25
7666;0.910079295970798;0.5670548989314586;6;0.3679379770426655;[0.8253315387956411;0.4823071417563018;0.9948270531459548;0.6518026561066154];0.7770468512415465;0.25
1984;0.7971327264171235;0.03875465420891866;5;0.6027973685076069;[0.7116710188483044;-0.04670705335990047;0.8825944339859426;0.12421636177773779];0.7786959448695131;0.25
8615;0.2773803656701075;0.9721595365042823;6;0.5220384350038088;[0.19137198904361058;0.8861511598777854;0.3633887422966044;1.0581679131307793];0.7812641510845834;0.25
7182;0.7864541855335652;0.7787958147415461;6;0.4602712595774296;[0.69687382404339;0.689215453251371;0.8760345470237403;0.8683761762317213];0.762874456051652;0.25
642;0.6686739648122958;0.11135328256947241;6;0.4998087573395798;[0.579368182532315;0.022047500289491692;0.7579797470922766;0.20065906484945312];0.7813775929148227;0.25
3736;0.46174383238831096;0.8444122977389054;5;0.4531135556488255;[0.3756609079394958;0.7583293732900902;0.5478267568371261;0.9304952221877205];0.7728183654204337;0.25
1870;0.9589312227910962;0.5063150698421414;6;0.5307600375712391;[0.8740040621264086;0.4213879091774537;1.0438583834557837;0.591242230506829];0.772386424464098;0.25
8523;0.6268703650375441;0.6582102977488691;6;0.4428881324854155;[0.536912528443914;0.568252461155239;0.7168282016311742;0.7481681343424992];0.7749161233967442;0.25
4144;0.8559825802791436;0.571935840924927;6;0.5784444232098204;[0.7686357124127116;0.48458897305849497;0.9433294481455757;0.6592827087913591];0.7788855987292128;0.25
874;0.6693801323138143;0.45563303087271156;6;0.24776140201850638;[0.5844215833857411;0.37067448194463837;0.7543386812418875;0.5405915798007848];0.7737156475147537;0.25
4507;0.6567416446262332;0.6478210459910066;6;0.5103108427987204;[0.5703565023762422;0.5614359037410157;0.7431267868762241;0.7342061882409976];0.7699786525582676;0.25
1726;0.7970624678091316;0.7665262108579889;6;0.5764941054682443;[0.7072960945734494;0.6767598376223067;0.8868288410448137;0.856292584093671];0.7783241219569331;0.25
3139;0.2561740181704846;0.555970659892498;6;0.4398307753636245;[0.1662494774356281;0.4660461191576416;0.346098558905341;0.6458952006273545];0.7787458939760086;0.25
6908;0.7209585725929789;0.08439952494254688;6;0.4529931699970233;[0.6362990193272222;-2.6002832320985714E-4;0.8056181258587356;0.16905907820830363];0.7752068176669952;0.25
5507;0.5332381882526364;0.6658454599285368;6;0.6515082312965511;[0.44809111634513266;0.5806983880210331;0.6183852601601401;0.7509925318360405];0.7736500973683504;0.25
1079;0.9128487969651773;0.1717035732173567;6;0.5441396506604101;[0.8253689739403213;0.08422375019250071;1.0003286199900332;0.25918339624221265];0.7788293477425761;0.25
9017;0.822803737730566;0.7265017393205984;6;0.6116600150392296;[0.7383192800611768;0.6420172816512091;0.9072881953999553;0.8109861969899876];0.7761547671741474;0.25
4933;0.38705180302556547;0.5444380078318343;6;0.420252904326001;[0.3001981585431238;0.4575843633493926;0.4739054475080071;0.631291652314276];0.7716667984688732;0.25
3017;0.9491481341619525;0.8261111345876455;6;0.35053290571844103;[0.8590889173187699;0.7360519177444629;1.0392073510051352;0.9161703514308281];0.7738383463895734;0.25
8707;0.8474422300062044;0.49499061402351746;6;0.6051904832583852;[0.7544215670179794;0.40196995103529237;0.9404628929944295;0.5880112770117425];0.775671551668299;0.25
9892;0.07073615003047673;0.956050195408052;6;0.4642881677346056;[-0.016082027963358794;0.8692320174142165;0.15755432802431224;1.0428683734018875];0.7751561436269804;0.25
2441;0.014414668248587614;0.11021745950162898;6;0.4335930087571189;[-0.07658725481416927;0.019215536438872097;0.1054165913113445;0.20121938256438587];0.7735822225361295;0.25
8706;0.7231266006896422;0.6737013554191214;6;0.5327831275194579;[0.6346432704496395;0.5852180251791187;0.8116099309296448;0.762184685659124];0.766110799259565;0.25
1980;0.9885463328996404;0.288933111543772;6;0.5456092285319216;[0.8997565824336206;0.20014336107775213;1.0773360833656602;0.3777228620097919];0.7749395508868777;0.25
3240;0.45932005937732173;0.4536202980955245;6;0.4685818170200336;[0.37681991262923015;0.3711201513474329;0.5418202061254133;0.5361204448436161];0.7742132783293967;0.25
9859;0.6321122856569267;0.2798611588176502;6;0.5763414105347698;[0.541514546388359;0.18926341954908255;0.7227100249254943;0.3704588980862179];0.7717872237613812;0.25
1032;0.7203929741658157;0.599341712752809;6;0.39452737341045946;[0.6318501549711858;0.5107988935581791;0.8089357933604456;0.6878845319474389];0.7757324508912375;0.25
9494;0.7880521365071349;0.3553586960543714;6;0.5785149418780686;[0.700017447850511;0.26732400739774753;0.8760868251637588;0.4433933847109953];0.7772059894684668;0.25
4646;0.74599641040679;0.7318366466899918;6;0.45001333302755886;[0.6601952390648567;0.6460354753480584;0.8317975817487233;0.8176378180319253];0.7737692779118894;0.25
5780;0.9209010796079846;0.1113159626434766;6;0.5640433760605852;[0.8319290062584124;0.02234388929390431;1.0098731529575569;0.2002880359930489];0.776326884954149;0.25
1;0.539472989280164;0.5681133818135469;7;0.6099695431671482;[0.45542160613776905;0.48406199867115196;0.6235243724225589;0.6521647649559418];0.7802652742026362;0.25
9534;0.45141367790776593;0.9856972879656009;6;0.6062011609789812;[0.3643868938727152;0.8986705039305501;0.5384404619428167;1.0727240720006517];0.7740206362310513;0.25
7291;0.9972599647823139;0.9179424459300516;6;0.5212358392612666;[0.9096946106847315;0.8303770918324691;1.0848253188798964;1.005507800027634];0.7757714194354314;0.25
4691;0.7435722552015164;0.3129890757664032;6;0.4817356124596925;[0.6626398830251725;0.2320567035900593;0.8245046273778602;0.39392144794274714];0.7754957174441595;0.25
7971;0.8694116969755532;0.8988013843957074;6;0.5933307158294415;[0.7858523736143188;0.815242061034473;0.9529710203367876;0.9823607077569418];0.7723881410600898;0.25
128;0.5235626881529098;0.23346262418821123;6;0.4500744249699499;[0.436255066034345;0.14615500206964638;0.6108703102714746;0.3207702463067761];0.7799962482103865;0.25
9606;0.9258113426552047;0.6018950679882821;6;0.42623832273957774;[0.8378162129487069;0.5138999382817843;1.0138064723617024;0.6898901976947799];0.7755941239793182;0.25
6644;0.972527810085249;0.17710653430587925;6;0.3900637412967827;[0.8841566588303558;0.08873538305098605;1.0608989613401423;0.26547768556077245];0.7679073390599775;0.25
5981;0.4351633763147022;0.667175196689937;6;0.49286656979081495;[0.3496842362675818;0.5816960566428167;0.5206425163618226;0.7526543367370573];0.7741208027257889;0.25
3819;0.5268998992403442;0.4448515091669363;6;0.507134828976831;[0.4394551676613364;0.3574067775879285;0.614344630819352;0.5322962407459441];0.7778503301347871;0.25
538;0.6735469594751625;0.32370344109598;6;0.47000501165913233;[0.5870408369869963;0.23719731860781373;0.7600530819633288;0.41020956358414623];0.775503489831967;0.25
5362;0.9476110481692948;0.2818063004218203;6;0.4930491459326462;[0.8583835589618742;0.1925788112143998;1.0368385373767153;0.37103378962924083];0.7744016820691192;0.25
8125;0.19866648169145606;0.42609574847388176;5;0.4998275537550319;[0.1101866032743105;0.3376158700567362;0.2871463601086016;0.5145756268910273];0.7653810112669969;0.25
5240;0.14983996799566945;0.8037774587264832;6;0.37040627348682054;[0.06513846060290598;0.7190759513337197;0.23454147538843292;0.8884789661192467];0.7698626649895448;0.25
2073;0.26802626566110577;0.3692115394115704;6;0.5656782861831443;[0.17850574817482337;0.27969102192528805;0.3575467831473882;0.4587320568978528];0.7728919039686221;0.25
5058;0.9896177609942631;0.26316222163667913;6;0.48767598922189137;[0.8986197218054744;0.17216418244789042;1.080615800183052;0.3541602608254678];0.7815072516172961;0.25
1833;0.8726098936415561;0.4511571642675084;6;0.6532587152658476;[0.7841590794969941;0.3627063501229465;0.961060707786118;0.5396079784120703];0.7715002138553364;0.25
6585;0.7620405405289201;0.36394280484443364;6;0.7189432475387666;[0.6789399119053581;0.28084217622087165;0.8451411691524822;0.44704343346799563];0.7724946759769371;0.25
1721;0.569799072613087;0.5468636695336764;6;0.4449131796036587;[0.4799443011376471;0.4570088980582364;0.659653844088527;0.6367184410091163];0.7835759698957271;0.25
7963;0.676364329068036;0.9101950512173291;6;0.32504372093009926;[0.5902739325552611;0.8241046547045542;0.762454725580811;0.9962854477301041];0.7768219126782265;0.25
1765;0.79640682339459;0.4015436125302547;6;0.49837512409752305;[0.7042729697236116;0.30940975885927635;0.8885406770655684;0.4936774662012331];0.7760735552787594;0.25
5997;0.7379954889422913;0.9167564003547275;6;0.4160315489462804;[0.6500496470008235;0.8288105584132597;0.8259413308837591;1.0047022422961953];0.7717873375454268;0.25
3501;0.6032148638306628;0.5296166522576797;6;0.4912028441543719;[0.5186221011934184;0.4450238896204354;0.6878076264679072;0.6142094148949241];0.771020511882785;0.25
7879;0.9016818126447426;0.0066987211201491315;6;0.4850629644808858;[0.8162585194194313;-0.07872457210516212;0.9871051058700538;0.09212201434546038];0.7737676029581066;0.25
2267;0.5382335967553457;0.6218865257120515;6;0.5728289077566585;[0.4545563000521887;0.5382092290088946;0.6219108934585026;0.7055638224152084];0.7766011038029789;0.25
9033;0.10632743179934523;0.8182145741587576;6;0.4850577838316953;[0.020961582885256444;0.7328487252446688;0.191693280713434;0.9035804230728465];0.7777022145961412;0.25
1046;0.417213116545742;0.5267997349526314;6;0.5474104325419084;[0.3293863056665822;0.43897292407347166;0.5050399274249018;0.6146265458317912];0.7725973070424058;0.25
5325;0.6671448500381119;0.4286989404427116;6;0.645755404371897;[0.5812678935050445;0.34282198390964425;0.7530218065711792;0.514575896975779];0.7788398837276075;0.25
2908;0.09485413377521679;0.6567019779813784;5;0.6453228609860178;[0.01105709258045233;0.5729049367866139;0.17865117496998123;0.7404990191761429];0.7759239294967966;0.25
3;0.11743023285348592;0.2957058668623327;6;0.4317070851293548;[0.02677819958925229;0.20505383359809906;0.20808226611771954;0.38635790012656634];0.7743525925937418;0.25
2317;0.3463371768715181;0.17439225571452988;6;0.476964316299752;[0.2545328140490978;0.08258789289210956;0.43814153969393843;0.2661966185369502];0.7810502947314937;0.25
7850;0.9776574498118733;0.9963229170918226;6;0.41486328357667135;[0.8925837103916296;0.911249177671579;1.062731189232117;1.0813966565120663];0.7908876742849861;0.25
2202;0.5647150177677074;0.6462740677840177;6;0.47482014571319836;[0.478125456671649;0.5596845066879593;0.6513045788637658;0.7328636288800762];0.7691882389104163;0.25
2439;0.7678292956457036;0.3771713050839669;6;0.3282069420629441;[0.6821484434488708;0.29149045288713415;0.8535101478425363;0.46285215728079965];0.7682985969129486;0.25
7181;0.2502897860810331;0.08745201187907992;6;0.7139755832182743;[0.16080483484190228;-0.0020329393600508755;0.3397747373201639;0.17693696311821072];0.7777535384246123;0.25
6349;0.7674745659641546;0.34833739760913707;6;0.4808667708094948;[0.6765158231838504;0.25737865482883276;0.8584333087444589;0.43929614038944137];0.7786452619568177;0.25
3952;0.8138295303109767;0.439856992276872;6;0.3346892056956601;[0.7310260977084014;0.35705355967429675;0.896632962913552;0.5226604248794473];0.7767719819130251;0.25
2028;0.6353035360597982;0.32600743733861104;6;0.460323719297825;[0.5508837645670626;0.24158766584587543;0.7197233075525338;0.41042720883134665];0.7786553481353765;0.25
6918;0.7087453456629365;0.5957882911277893;6;0.5438095210759561;[0.6239875772061686;0.5110305226710214;0.7935031141197043;0.6805460595845572];0.7747325121129299;0.25
8795;0.5970413457896216;0.7233146298909393;6;0.7096605528859921;[0.5044240003663385;0.6306972844676562;0.6896586912129048;0.8159319753142225];0.7755740830984682;0.25
3187;0.18440317622849367;0.5972513998677236;6;0.3571649141230108;[0.09357853793255899;0.5064267615717889;0.27522781452442835;0.6880760381636583];0.7739439582520572;0.25
1392;0.7022651471109291;0.31157123092568184;6;0.4143411790655682;[0.6166275066276351;0.22593359044238778;0.7879027875942232;0.39720887140897587];0.7818512354990568;0.25
4829;0.42383863620238227;0.7860363618564271;6;0.5473635455562932;[0.3333890681141135;0.6955867937681584;0.514288204290651;0.8764859299446959];0.7697230554199322;0.25
2062;0.7781913280651301;0.35492340721084914;6;0.507543117687966;[0.6896055449465202;0.2663376240922392;0.8667771111837401;0.44350919032945907];0.7670250330841191;0.25
5180;0.5596480929329292;0.5945742892516352;6;0.4074615290333967;[0.46980218169604215;0.5047283780147482;0.6494940041698162;0.6844202004885223];0.7722974481671233;0.25
9556;0.176652797304382;0.9359026141066997;5;0.41704535766306783;[0.09002251574998028;0.8492723325522981;0.2632830788587837;1.0225328956611015];0.769116437019183;0.25
9753;0.2797091680778373;0.47344497343063024;6;0.6648597318079967;[0.19100132893027866;0.3847371342830716;0.36841700722539594;0.5621528125781889];0.771626831598119;0.25
3697;0.4407069229639289;0.7279541561402021;6;0.6765286573905511;[0.35523803987061986;0.6424852730468931;0.5261758060572379;0.8134230392335111];0.7692862260957373;0.25
6633;0.441944523860029;0.6472191039682302;6;0.6556071838997097;[0.3504575990444213;0.5557321791526225;0.5334314486756367;0.738706028783838];0.7751707784987647;0.25
666;0.3486585056550821;0.4195276524671805;6;0.4815744326734289;[0.2612260769658377;0.3320952237779361;0.4360909343443265;0.5069600811564249];0.7766190318802455;0.25
1257;0.8291428470992745;0.30908952149150265;6;0.44353805522945566;[0.7461467471117864;0.22609342150401457;0.9121389470867627;0.39208562147899073];0.7741228986606125;0.25
2353;0.4454980525414775;0.9378618767452029;6;0.39658038778490445;[0.35712397023383624;0.8494877944375616;0.5338721348491188;1.0262359590528443];0.7726499446862151;0.25
9885;0.280328602292138;0.7945299958435179;6;0.6070225980625983;[0.19385091678542224;0.7080523103368022;0.3668062877988538;0.8810076813502337];0.7682720915952992;0.25
4127;0.849423913083434;0.9980735222019586;6;0.5145837769085961;[0.7577169379314717;0.9063665470499962;0.9411308882353964;1.089780497353921];0.7815732624946699;0.25
8976;0.05606963360929251;0.6723580869594795;6;0.4932102098615863;[-0.03025848832112199;0.586029965029065;0.14239775553970702;0.758686208889894];0.774484319640462;0.25
5753;0.7190994994662945;0.446280907682839;6;0.5076280714740274;[0.6338828370577404;0.36106424527428493;0.8043161618748486;0.5314975700913931];0.7723174458409323;0.25
2612;0.6577351481766508;0.07139416202749516;7;0.5912404861590761;[0.574747115399047;-0.01159387075010869;0.7407231809542546;0.15438219480509902];0.76418398500237;0.25
5509;0.7239282091070666;0.3853217158725726;6;0.4359059259218028;[0.6344909870848199;0.2958844938503259;0.8133654311293133;0.47475893789481927];0.766500731765634;0.25
2591;0.7655722338930439;0.7230172119540748;6;0.5939251028604047;[0.6721516124462291;0.62959659050726;0.8589928553398586;0.8164378334008895];0.7798651472270101;0.25
8961;0.8091823106908445;0.8565907281195726;6;0.5299021994210512;[0.7211066395145297;0.7685150569432578;0.8972579818671592;0.9446663992958874];0.780242277452916;0.25
5250;0.9163734321095687;0.217061387292596;6;0.4835500090529181;[0.8313635420896377;0.13205149727266505;1.0013833221294997;0.3020712773125269];0.7869951446725729;0.25
7308;0.5458234522462642;0.9796863175880735;6;0.560245380465701;[0.4614603077675361;0.8953231731093454;0.6301865967249922;1.0640494620668015];0.7836385347625734;0.25
4739;0.6459809764181241;0.6637810918881636;7;0.43289409856028255;[0.5632007161450652;0.5810008316151046;0.7287612366911831;0.7465613521612225];0.7720793673030839;0.25
2265;0.23982822659950714;0.6704606700884956;6;0.2834069939868318;[0.15152984923292157;0.5821622927219101;0.3281266039660927;0.7587590474550812];0.7740094966565448;0.25
4505;0.581675676952379;0.4483865062330752;6;0.6339220923247055;[0.495937257541201;0.3626480868218972;0.667414096363557;0.5341249256442532];0.7729064415687138;0.25
3742;0.559970494104947;0.6320049070231011;6;0.6169104679015865;[0.47024838357882015;0.5422827964969742;0.6496926046310739;0.721727017549228];0.7764782288617751;0.25
8013;0.897553234621544;0.1482618677811865;5;0.48715356902119844;[0.8100401065506675;0.06074873971030999;0.9850663626924205;0.23577499585206302];0.7769415746088011;0.25
9438;0.8397559322933618;0.29853397503663465;6;0.4436615101102063;[0.7521152280814856;0.2108932708247585;0.927396636505238;0.3861746792485108];0.7736750136960707;0.25
393;0.5606223618425175;0.8270511956868007;6;0.5242092608079317;[0.47765142038983316;0.7440802542341164;0.6435933032952018;0.9100221371394851];0.7754871689093106;0.25
3962;0.2490583563222844;0.09324896764237445;6;0.5852555855326531;[0.16120860566505776;0.005399216985147809;0.336908106979511;0.18109871829960109];0.7810490863247018;0.25
731;0.26071748007440493;0.6314637812288725;6;0.622319253515671;[0.17108646960574825;0.5418327707602159;0.3503484905430616;0.7210947916975291];0.7733360322403046;0.25
4588;0.8504729173004855;0.990937747398049;6;0.5402122714419637;[0.7613546123446889;0.9018194424422524;0.939591222256282;1.0800560523538454];0.7795381578451425;0.25
8838;0.002173898500096638;0.46089168587950025;6;0.5074685533040425;[-0.08171010164498893;0.3770076857344147;0.08605789864518221;0.5447756860245858];0.778245915535231;0.25
3005;0.246189447974555;0.704128360338568;6;0.5401844370388497;[0.16129900189144009;0.619237914255453;0.3310798940576699;0.7890188064216829];0.7673043363308023;0.25
1473;0.7843157961701843;0.8174739690146328;6;0.43765183353023906;[0.6993932268420008;0.7325513996864492;0.8692383654983679;0.9023965383428163];0.7756629501793952;0.25
9692;0.4959198841868998;0.7276643192257353;6;0.38261992867144295;[0.4061848580739024;0.6379292931127379;0.5856549102998971;0.8173993453387326];0.7666599713769463;0.25
5127;0.7143807475699288;0.25170512570336895;6;0.5129425090397746;[0.6220298606215197;0.15935423875495988;0.8067316345183378;0.344056012651778];0.7823442666595593;0.25
3209;0.8060218123228179;0.4692480369811354;6;0.47425514576798505;[0.7228786448259896;0.38610486948430717;0.8891649798196462;0.5523912044779636];0.7762726235956575;0.25
6291;0.7033308743056058;0.44095264397069867;6;0.5444614379036458;[0.6155338224993339;0.35315559216442677;0.7911279261118778;0.5287496957769706];0.774451962999246;0.25
2725;0.5650105677484112;0.1755261306384195;6;0.4702042530100667;[0.4772305341471711;0.0877460970371794;0.6527906013496513;0.2633061642396596];0.7680329707910465;0.25
3281;0.7518425646979559;0.6631735575189607;6;0.6506961389201907;[0.6657936059295971;0.577124598750602;0.8378915234663146;0.7492225162873194];0.7809770130941265;0.25
105;0.7031354362155863;0.6929171546234096;6;0.4914703788476193;[0.6187632004713206;0.6085449188791441;0.7875076719598519;0.7772893903676752];0.7827728252567966;0.25
5088;0.6373617814405763;0.9748727844891838;6;0.44528983246281706;[0.5499073440319985;0.887418347080606;0.7248162188491541;1.0623272218977617];0.7747694106655806;0.25
1130;0.6387917718117493;0.38866402201798;6;0.5112202264878154;[0.5506015893082234;0.3004738395144541;0.7269819543152751;0.4768542045215059];0.7811233436067572;0.25
8152;0.6280283115030674;0.5349641817662033;6;0.2617189096430236;[0.53963121971471;0.4465670899778459;0.7164254032914248;0.6233612735545607];0.7815799663029972;0.25
959;0.6180276005846781;0.27933194800963024;6;0.47859029476874837;[0.5347569576053613;0.19606130503031352;0.7012982435639948;0.362602590988947];0.7653417153753932;0.25
6681;0.48342280170953594;0.9666847175988245;6;0.3805217223821738;[0.39281161635669004;0.8760735322459785;0.5740339870623818;1.0572959029516704];0.773472309882394;0.25
2622;0.4630824926717817;0.4585850506970132;6;0.43662093650322575;[0.37707236121804505;0.37257491924327657;0.5490926241255183;0.5445951821507499];0.7714528200071391;0.25
1030;0.6455780617909003;0.10195962030306871;6;0.6310557216153019;[0.5598556693488579;0.01623722786102634;0.7313004542329427;0.1876820127451111];0.7683508876356331;0.25
4685;0.7448373020992951;0.5037785939187254;6;0.4381307598953328;[0.6614879509684056;0.4204292427878359;0.8281866532301846;0.5871279450496149];0.7752385286277556;0.25
1137;0.4206791914694301;0.4147314231444372;6;0.46733209225116956;[0.33495584038000326;0.32900807205501026;0.506402542558857;0.5004547742338641];0.7802350069840408;0.25
9391;0.8695520078356533;0.07956025380659437;5;0.27004130269373217;[0.7820058401419803;-0.007985913887078686;0.9570981755293264;0.16710642150026744];0.7772750076940437;0.25
3031;0.8892301564348504;0.5783066157201153;6;0.2541375666515494;[0.7990305314137142;0.48810699069897906;0.9794297814559866;0.6685062407412515];0.7804346945855863;0.25
357;0.25730782453310613;0.5396739576666457;6;0.45768798888002804;[0.16996763550070815;0.45233376863424773;0.3446480135655041;0.6270141466990438];0.7870289019142137;0.25
1254;0.28826007278468047;0.7794651108408871;6;0.47676071818123106;[0.2028427661435116;0.6940478041997182;0.37367737942584933;0.864882417482056];0.7662207488967585;0.25
4122;0.5033902569997111;0.4067751283203289;6;0.47718070393152107;[0.4141532947877463;0.31753816610836416;0.5926272192116758;0.49601209053229367];0.7757386944819566;0.25
1342;0.24420149558810172;0.8522287394578243;6;0.6691797342228673;[0.15414617402997383;0.7621734178996964;0.3342568171462296;0.9422840610159522];0.7720671550407471;0.25
3287;0.5429436321425208;0.5932367000069302;6;0.43342635195129603;[0.45638784603116145;0.5066809138955708;0.6294994182538802;0.6797924861182896];0.7747189452043143;0.25
8817;0.55964807653816;0.5856628972579557;6;0.2561633524857323;[0.46974560035817103;0.4957604210779668;0.6495505527181489;0.6755653734379446];0.7632246532442288;0.25
6353;0.5968835304321809;0.19220595215096659;5;0.5814960810065303;[0.5092501512090681;0.10457257292785388;0.6845169096552937;0.2798393313740793];0.769820882356306;0.25
7204;0.6655470115290352;0.1653336842084175;6;0.36690085735042594;[0.5836914619823053;0.08347813466168759;0.7474025610757651;0.2471892337551474];0.7667688138774377;0.25
2307;0.5328523639730887;0.2123241618345328;6;0.3998612166959764;[0.4416174789627358;0.12108927682417991;0.6240872489834415;0.30355904684488566];0.7774987217126172;0.25
5984;0.7010426514128352;0.06394225880005477;6;0.4527325924203345;[0.6103865277868679;-0.026713864825912564;0.7916987750388025;0.1545983824260221];0.779464867566823;0.25
3887;0.07865745482104547;0.5141055337351512;6;0.6587287387163814;[-0.0067888194647110905;0.42865925944939465;0.16410372910680204;0.5995518080209078];0.7779460548978505;0.25
2648;0.398002053875263;0.05566265881477239;6;0.4049698233575537;[0.31189959395875777;-0.030439801101732805;0.4841045137917682;0.1417651187312776];0.7686603615619938;0.25
9936;0.8336889490021375;0.45874665272366005;6;0.5784579005563012;[0.745790401704553;0.3708481054260756;0.921587496299722;0.5466452000212445];0.7777336569174842;0.25
6111;0.5789053997486795;0.9692501087552413;6;0.40180557832451297;[0.4968486533882822;0.887193362394844;0.6609621461090768;1.0513068551156386];0.7701747695504116;0.25
3921;0.07983776632192985;0.5908208798503751;6;0.4526723992731204;[-0.007289925854549351;0.5036931876738959;0.16696545849840905;0.6779485720268543];0.774608398145851;0.25
7382;0.5182058518082482;0.17222616055431378;6;0.42538582303392636;[0.4324461388088194;0.08646644755488497;0.6039655648076769;0.2579858735537426];0.7897004217053963;0.25
4553;0.3147721600160928;0.889910592666918;6;0.5422674853925947;[0.22915972364305184;0.804298156293877;0.4003845963891338;0.9755230290399589];0.7723680831796962;0.25
