5705;0.25307529283232394;0.7872342465850398;6;0.5579552466492577;[0.16468599200726902;0.6988449457599849;0.34146459365737886;0.8756235474100947];0.7803118900811227;0.25
5321;0.06524472538693116;0.6093148396427626;6;0.39241956582925086;[-0.022212401345595392;0.521857712910236;0.1527018521194577;0.6967719663752892];0.771972230951781;0.25
4280;0.740194568559744;0.9135857914982685;7;0.7059875612157224;[0.6543993665605379;0.8277905894990624;0.8259897705589501;0.9993809934974746];0.7710454674019318;0.25
1942;0.4493508749381144;0.4362197777518445;6;0.513864840291279;[0.3615178806600171;0.34838678347374724;0.5371838692162116;0.5240527720299417];0.7807536712515257;0.25
6425;0.11235823703043735;0.06802946680111865;5;0.559303915245706;[0.023187181584890484;-0.021141588644428208;0.20152929247598422;0.15720052224666553];0.7739457187390979;0.25
2484;0.27206519945304525;0.7571560537150515;6;0.5633599434565916;[0.18370786207708023;0.6687987163390865;0.36042253682901026;0.8455133910910164];0.7749769781823842;0.25
3741;0.6364506373226225;0.7784640286479598;6;0.42119374277782345;[0.5504322423454739;0.6924456336708114;0.7224690322997711;0.8644824236251083];0.765107838492598;0.25
4399;0.29571066546905633;0.7321480985440783;6;0.24946133053957503;[0.20681088731459774;0.6432483203896197;0.38461044362351493;0.8210478766985368];0.7767485445751479;0.25
1937;0.06142192908116373;0.005142817578489445;6;0.5006950121619419;[-0.024339453988015194;-0.08061856549068948;0.14718331215034264;0.09090420064766837];0.7713289391721234;0.25
9848;0.6802590755083141;0.5326327419672103;6;0.4664680590292177;[0.5947165130458424;0.4470901795047386;0.7658016379707858;0.618175304429682];0.7740701618886557;0.25
3745;0.6645253890832515;0.049262171105904584;6;0.5982310732836993;[0.5796767895940813;-0.035586428383265645;0.7493739885724218;0.1341107705950748];0.7719862645749853;0.25
86;0.5375003286615297;0.9983125391465543;6;0.5066203754604548;[0.4446401933174704;0.9054524038024949;0.6303604640055891;1.0911726744906136];0.778946355027793;0.25
8178;0.7502431627887679;0.4411714782959716;6;0.5041875935472003;[0.6651127128046043;0.3560410283118079;0.8353736127729315;0.5263019282801352];0.7756344954693676;0.25
2781;0.49614156964498884;0.6081871582644162;6;0.34453532737201453;[0.41418972254018205;0.5262353111596094;0.5780934167497956;0.6901390053692229];0.7764848356253126;0.25
1365;0.7411744150281967;0.7301653843653391;6;0.36326562254330297;[0.6556301457399303;0.6446211150770726;0.8267186843164631;0.8157096536536055];0.7779248275149448;0.25
8038;0.5359794732379164;0.6798406953738279;6;0.5231444748333732;[0.44691279104302706;0.5907740131789385;0.6250461554328057;0.7689073775687172];0.7740534562480279;0.25
9128;0.40817656803003177;0.28929101008959446;6;0.47539817095755343;[0.31901234054314115;0.20012678260270383;0.4973407955169224;0.3784552375764851];0.77051141712037;0.25
697;0.6301660466350993;0.24295391001493677;6;0.5249774329968415;[0.5414684654374442;0.15425632881728168;0.7188636278327545;0.33165149121259185];0.7699693354589195;0.25
5206;0.7920695275271831;0.5731281066118515;6;0.5097476287576677;[0.701683464704731;0.48274204378939944;0.8824555903496352;0.6635141694343036];0.7786661008729645;0.25
4489;0.8444318138407148;0.7237824617297297;6;0.6933064454055812;[0.7530306937805565;0.6323813416695715;0.935832933900873;0.8151835817898879];0.7800233532264361;0.25
3256;0.5691377328016063;0.7429771680853953;6;0.5735571750276408;[0.481135007674552;0.654974442958341;0.6571404579286606;0.8309798932124496];0.7762516552486979;0.25
2569;0.6039044635549902;0.49774872984822505;6;0.5443823196493272;[0.5180528926824347;0.41189715897566964;0.6897560344275456;0.5836003007207805];0.7799884913200767;0.25
1529;0.8696931055670052;0.5864216371306223;6;0.489151748811003;[0.7792633902327873;0.4959919217964045;0.960122820901223;0.6768513524648402];0.7708622026290458;0.25
3310;0.29935035595392256;0.06272529691017947;6;0.6392832101589612;[0.21547841156474307;-0.02114664747900001;0.38322230034310206;0.14659724129935897];0.7704001739146129;0.25
1673;0.7743582697761426;0.5980776698380726;6;0.3981058127572098;[0.6899405950091728;0.5136599950711029;0.8587759445431125;0.6824953446050424];0.768782701865397;0.25
5746;0.23426088792070732;0.20921081010757714;6;0.740700529081403;[0.14347728783693842;0.11842721002380824;0.3250444880044762;0.29999441019134604];0.7667035646759445;0.25
3233;0.2702802039202749;0.3917724308332808;6;0.6515935585559135;[0.179049252962524;0.30054147987552987;0.3615111548780258;0.4830033817910317];0.776284850519458;0.25
7999;0.38805670002951387;0.4037606079088475;6;0.5171062713123022;[0.3023334749991482;0.3180373828784818;0.47377992505987954;0.48948383293921316];0.7708970892859617;0.25
6746;0.6245737757844129;0.29108670772565126;5;0.45500803818528923;[0.5391887087194354;0.20570164066067376;0.7099588428493904;0.37647177479062877];0.7717318987984789;0.25
41;0.740552156204441;0.7546002199480057;7;0.4572497077284253;[0.6556185372652451;0.6696666010088098;0.825485775143637;0.8395338388872017];0.782694679792632;0.25
8108;0.38439946207233044;0.15578543684186064;6;0.4722662306054699;[0.2971781509304887;0.06856412570001888;0.4716207732141722;0.2430067479837024];0.7733759495523399;0.25
6826;0.3762199124635921;0.760086562403766;6;0.5770407135784985;[0.28932082395618597;0.6731874738963599;0.46311900097099823;0.8469856509111722];0.7730644686940333;0.25
179;0.4245825123038396;0.5003351866336345;6;0.7134557025921198;[0.335464853937204;0.4112175282669989;0.5137001706704751;0.5894528450002701];0.7703360366548622;0.25
6226;0.8829628949820827;0.7435504530855767;6;0.5838359288709462;[0.7961615168132791;0.656749074916773;0.9697642731508863;0.8303518312543803];0.7784878990761215;0.25
6812;0.3456207481139306;0.6187722293931135;6;0.5465971950561705;[0.25548782811255083;0.5286393093917336;0.4357536681153104;0.7089051493944933];0.7749694164893944;0.25
2472;0.9264377127204955;0.9348120156539881;6;0.551485502767976;[0.8376019555752587;0.8459762585087514;1.0152734698657322;1.0236477727992248];0.7717869827567042;0.25
7865;0.9161553219091522;0.9684312351935112;6;0.5463621737959782;[0.8271221886255398;0.8793981019098988;1.0051884551927646;1.0574643684771237];0.7671589397109941;0.25
4876;0.46101131796863815;0.3073147612023873;6;0.3766954778033148;[0.3794415089637831;0.22574495219753227;0.5425811269734933;0.3888845702072424];0.7719664604337947;0.25
570;0.6827673186399399;0.6818564036026232;5;0.3385152638277476;[0.5972362444899394;0.5963253294526227;0.7682983927899404;0.7673874777526237];0.7733409587093872;0.25
8558;0.7498495593741944;0.7380553318098201;6;0.48867556951830826;[0.6599773062500518;0.6481830786856775;0.839721812498337;0.8279275849339627];0.7716481169345125;0.25
1375;0.8854163992940061;0.951051173562978;6;0.41153291608375553;[0.797398444682836;0.863033218951808;0.9734343539051761;1.039069128174148];0.7754093722599371;0.25
8290;0.6283338826733363;0.9020956722640128;6;0.5442673098475505;[0.5438067204740493;0.8175685100647259;0.7128610448726234;0.9866228344632997];0.776273718512122;0.25
3412;0.7563760726083556;0.41542925757845206;6;0.46892645141368433;[0.6714252020349215;0.33047838700501797;0.8413269431817897;0.5003801281518861];0.7718417306763077;0.25
1764;0.45518889996425244;0.6912045253303205;6;0.5038414089494189;[0.3731053374119704;0.6091209627780385;0.5372724625165345;0.7732880878826025];0.7688849144448783;0.25
21;0.6601360881831387;0.7550200035038964;6;0.3771561867141496;[0.5716132107091344;0.6664971260298921;0.7486589656571431;0.8435428809779008];0.7876245719349373;0.25
9022;0.08007936980412556;0.27013315564659585;6;0.12533239433601512;[-0.012176201236884704;0.1778775846055856;0.17233494084513581;0.36238872668760613];0.7768884771706042;0.25
3740;0.4885276131778937;0.09743797816444377;6;0.4374020923661833;[0.3974842300333006;0.00639459501985061;0.5795709963224869;0.18848136130903692];0.7655662267069152;0.25
4958;0.416434979780191;0.921435232040288;5;0.3824060262282333;[0.3274386756265433;0.8324389278866403;0.5054312839338387;1.0104315361939358];0.7716791748274443;0.25
1715;0.13720857729082042;0.9494139476577732;6;0.5005533072968809;[0.05046248712967828;0.8626678574966311;0.22395466745196257;1.0361600378189153];0.7774954661665591;0.25
7261;0.22812010594992504;0.7201710466142922;6;0.32459589311133075;[0.13919822425466835;0.6312491649190355;0.31704198764518177;0.8090929283095489];0.7724493110345689;0.25
1089;0.49357343228305034;0.060433082647457836;6;0.44616836402023785;[0.4070871905918557;-0.026053159043736757;0.580059673974245;0.14691932433865243];0.7715283856241792;0.25
2063;0.5119340991188316;0.6725093887458652;6;0.4630649843724699;[0.4220065917979056;0.5825818814249393;0.6018616064397575;0.7624368960667911];0.772990889526492;0.25
1310;0.31615149288581834;0.010648542081390433;6;0.341563344202641;[0.2254427988652187;-0.0800601519392092;0.406860186906418;0.10135723610199007];0.7800206423756804;0.25
2562;0.9054783170078122;0.6105105739070648;6;0.5638650299986063;[0.8194482634544694;0.524480520353722;0.991508370561155;0.6965406274604076];0.7683471151409929;0.25
1990;0.7622792163881515;0.8237575617677318;5;0.42822543590407625;[0.6734964081803305;0.7349747535599108;0.8510620245959726;0.9125403699755529];0.7737492423221993;0.25
6280;0.5789612082611904;0.6503241588576076;6;0.5399838886859145;[0.48730910253292636;0.5586720531293436;0.6706133139894543;0.7419762645858716];0.770276315858591;0.25
961;0.8188089200838428;0.313513251196699;6;0.4066828325378201;[0.7315726095103037;0.22627694062315984;0.9060452306573819;0.4007495617702381];0.7797699800645618;0.25
8767;0.9078936759700638;0.7853119713449331;6;0.3115039481053155;[0.8211885258450763;0.6986068212199457;0.9945988260950512;0.8720171214699206];0.7784834068804026;0.25
4456;0.9996435090468581;0.5022102132249241;6;0.399987027811408;[0.913031395536917;0.41559809971498307;1.0862556225567992;0.5888223267348651];0.7725240580563719;0.25
2448;0.44976181165749435;0.6645742920458183;6;0.5206791558493133;[0.36263143019519306;0.577443910583517;0.5368921931197956;0.7517046735081196];0.7751748094056597;0.25
9378;0.631390017417369;0.5023366169403782;6;0.5242634196561553;[0.5445441514831497;0.41549075100615895;0.7182358833515883;0.5891824828745975];0.7785207611042175;0.25
4414;0.3611343082946564;0.4901621335128903;6;0.47702346509536425;[0.2718923059630353;0.4009201311812692;0.45037631062627753;0.5794041358445114];0.7714370759288313;0.25
3725;0.8072743238693738;0.5919460418017397;6;0.4376700633310311;[0.7220929488103172;0.5067646667426831;0.8924556989284305;0.6771274168607964];0.7778583506001805;0.25
8389;0.5928189595487343;0.43596337600415125;6;0.4772102730647622;[0.5070046314132735;0.35014904786869044;0.6786332876841952;0.5217777041396121];0.7799740394599408;0.25
6302;0.8826664698454701;0.6833563933935405;6;0.599592927763841;[0.7936919023345007;0.594381825882571;0.9716410373564396;0.7723309609045099];0.7804065099780579;0.25
9737;0.9850809967361694;0.7268492781473422;6;0.5068867719218407;[0.8961249721015818;0.6378932535127546;1.074037021370757;0.8158053027819299];0.7778898785063748;0.25
908;0.3175643190436174;0.7816829181973077;6;0.5950197931501161;[0.22348380793218758;0.6876024070858779;0.41164483015504727;0.8757634293087375];0.7703534844874792;0.25
5492;0.7667166340795891;0.13690011556557868;6;0.6568484081410135;[0.682995624573298;0.05317910605928752;0.8504376435858803;0.22062112507186984];0.7693642140046492;0.25
7367;0.5474688480520691;0.4775521551090287;6;0.5676903721422283;[0.46263492127647043;0.39271822833343006;0.6323027748276677;0.5623860818846274];0.7680035809045463;0.25
960;0.6781694436365305;0.7661857543334296;6;0.49181012645578603;[0.5897286238289063;0.6777449345258054;0.7666102634441547;0.8546265741410538];0.7829849424298975;0.25
7867;0.31830181739122104;0.7629446232359252;6;0.4702046946310044;[0.2325131165235691;0.6771559223682732;0.404090518258873;0.8487333241035772];0.7697847378482581;0.25
9784;0.7898345991349036;0.9455627634170789;6;0.4939275880315791;[0.703329474552284;0.8590576388344593;0.8763397237175232;1.0320678879996985];0.7783903178611531;0.25
771;0.32528097664989264;0.6442157285005807;6;0.5808665315681203;[0.24149088622782341;0.5604256380785115;0.40907106707196184;0.7280058189226499];0.771879086564408;0.25
3200;0.43521937948162326;0.3420426003027858;6;0.5257316295703712;[0.3532381863792087;0.2600614072003713;0.5172005725840378;0.42402379340520036];0.7757013119144682;0.25
906;0.2280161590038542;0.5791904921000262;5;0.6658857706909891;[0.13917304113847276;0.4903473742346447;0.31685927686923565;0.6680336099654076];0.7719597946235273;0.25
2934;0.8391241874846614;0.6699659704283037;6;0.5452041849403111;[0.7489254436795194;0.5797672266231617;0.9293229312898035;0.7601647142334458];0.7696168368139791;0.25
4084;0.44391388909166174;0.24048952397543727;6;0.5116982121260422;[0.3527344599511812;0.14931009483495672;0.5350933182321422;0.3316689531159178];0.7733626113732298;0.25
8974;0.450407463668577;0.4489095401057504;6;0.42479714751343217;[0.36161786722949235;0.3601199436666658;0.5391970601076617;0.537699136544835];0.7859372575266368;0.25
7531;0.09884344185183958;0.5439895519638692;6;0.5832619433661794;[0.012420881759929198;0.4575669918719588;0.18526600194374995;0.6304121120557796];0.7838328633591656;0.25
6871;0.2456221212750061;0.49466829496355347;6;0.6156991035082234;[0.16178892180733878;0.41083509549588615;0.3294553207426734;0.5785014944312208];0.7705180665964856;0.25
9721;0.7744016193371397;0.7381348530733434;6;0.319029122130319;[0.6887666947621556;0.6524999284983592;0.8600365439121238;0.8237697776483275];0.7675633028018903;0.25
9590;0.0642713558085456;0.9526268763226661;6;0.6026694955823481;[-0.021962235647495665;0.8663932848666248;0.15050494726458685;1.0388604677787074];0.7740635922678218;0.25
9030;0.4373907186925196;0.27236335783642573;6;0.3436350827868978;[0.3472288075601048;0.18220144670401095;0.5275526298249344;0.3625252689688405];0.776571291928427;0.25
4433;0.5182158778097062;0.01974083358584766;6;0.571137225425881;[0.43185764031114154;-0.06661740391271702;0.6045741153082709;0.10609907108441234];0.7735255787237022;0.25
2748;0.5270968563392847;0.21590267723894785;6;0.4405681207629948;[0.4396327910003899;0.12843861190005298;0.6145609216781796;0.3033667425778427];0.7681702454950127;0.25
8702;0.40696234482516846;0.6619246960976978;6;0.44642531306947586;[0.31757897374377386;0.5725413250163032;0.49634571590656307;0.7513080671790924];0.7698326729460102;0.25
1216;0.6123762482605032;0.14803504948072133;6;0.4670415050084013;[0.5232325529163879;0.05889135413660601;0.7015199436046184;0.23717874482483664];0.7762006121902129;0.25
5946;0.5580300965932773;0.46715108709599784;6;0.3737778431150145;[0.46936968094475995;0.3784906714474805;0.6466905122417946;0.5558115027445152];0.7743430861456492;0.25
4297;0.3793933238312889;0.4523322889083823;6;0.5053277888371084;[0.2921183285482037;0.3650572936252971;0.46666831911437406;0.5396072841914674];0.7825151246582367;0.25
2984;0.4618553581471858;0.7244045608983924;6;0.5061277778692879;[0.37444305916432014;0.6369922619155267;0.5492676571300515;0.8118168598812582];0.7769321813795951;0.25
6492;0.32602525992694215;0.12392071014699002;6;0.3662914687520694;[0.23798309733177903;0.035878547551826886;0.41406742252210527;0.21196287274215314];0.7790630662056274;0.25
6355;0.4169559285064426;0.739048562859416;7;0.5750177666357075;[0.3249907058349595;0.6470833401879329;0.5089211511779257;0.8310137855308991];0.7735889356757445;0.25
2186;0.12006089800261699;0.35991837592692993;5;0.6438790014937672;[0.03271821789412943;0.2725756958184424;0.20740357811110455;0.4472610560354175];0.7854910415905466;0.25
8316;0.21608740915006563;0.7721108905047218;6;0.4240532528359218;[0.1248943629334699;0.6809178442881261;0.3072804553666614;0.8633039367213176];0.7708621216462154;0.25
5333;0.02601983613327219;0.6512696024616653;7;0.44422864365809517;[-0.06279299634071019;0.5624567699876829;0.11483266860725456;0.7400824349356477];0.7710095718325466;0.25
7084;0.7375149287106249;0.16796020086873514;6;0.6094697618704856;[0.6489592175302494;0.07940448968835978;0.8260706398910003;0.2565159120491105];0.7791061210914743;0.25
1868;0.48853264940207153;0.44543122351913544;6;0.5524310736774323;[0.40520746129110546;0.3621060354081694;0.5718578375130376;0.5287564116301016];0.773517303564487;0.25
7809;0.44831132641947957;0.12114235842378673;6;0.4955345864831228;[0.3600830253101343;0.03291405731444147;0.5365396275288248;0.209370659533132];0.7722203927618562;0.25
4660;0.48715111512142945;0.808369601939421;6;0.44260102045086736;[0.400914824474421;0.7221333112924125;0.5733874057684378;0.8946058925864294];0.7822279824238555;0.25
7402;0.615651760771091;0.9411533803683634;6;0.5256210166405525;[0.5237661086443843;0.8492677282416567;0.7075374128977976;1.03303903249507];0.7825808918848153;0.25
4114;0.6698833122130582;0.6781084965032833;6;0.3818926723245278;[0.581716000450253;0.5899411847404781;0.7580506239758634;0.7662758082660885];0.7772004279285973;0.25
8860;0.692273206565631;0.18041150346169782;6;0.45159332303135047;[0.6041901365670403;0.09232843346310715;0.7803562765642216;0.2684945734602885];0.7680926958078478;0.25
5522;0.5746958843937874;0.5032409369773078;6;0.48989524477526913;[0.4922290634344907;0.42077411601801107;0.6571627053530841;0.5857077579366045];0.7788323549215058;0.25
2487;0.9037465451808967;0.5988227199517931;6;0.40765070845910667;[0.8158286210312805;0.510904795802177;0.9916644693305129;0.6867406441014093];0.7692306991654126;0.25
4038;0.5547438358399859;0.4238955536606812;6;0.7066400267601565;[0.47030453998794136;0.3394562578086367;0.6391831316920304;0.5083348495127258];0.7786429791158035;0.25
1701;0.022692760921282806;0.13492991334986942;7;0.40630282138238194;[-0.06280314264400946;0.049434009784577154;0.10818866448657508;0.2204258169151617];0.7724959268402287;0.25
8628;0.7334415898560063;0.5820760528688609;6;0.5223592159593443;[0.6436411170301354;0.49227558004299;0.8232420626818772;0.6718765256947318];0.7713824228069929;0.25
4295;0.852802982769049;0.1090434759255623;6;0.5663476453134889;[0.7677721806610546;0.0240126738175679;0.9378337848770434;0.1940742780335567];0.7854459445681437;0.25
948;0.8798141782047142;0.22735377392880324;7;0.5709946812142737;[0.7965051346094408;0.1440447303335299;0.9631232217999876;0.31066281752407654];0.764816286146618;0.25
4985;0.3693266735855673;0.31388562342253584;6;0.6071914074496614;[0.2816767191835724;0.22623566902054093;0.4569766279875622;0.40153557782453075];0.769580638921779;0.25
703;0.794717042355058;0.2916876561949773;6;0.5582182056385779;[0.7066247227520395;0.20359533659195866;0.8828093619580766;0.3797799757979959];0.7829693690415361;0.25
6805;0.8249536038383578;0.048509805032313724;5;0.5237486475921276;[0.7349197490695512;-0.04152404973649297;0.9149874586071645;0.13854365980112043];0.7807197980163989;0.25
5831;0.7111832977738369;0.7582311653137087;6;0.5579472236335719;[0.620793490906503;0.6678413584463748;0.8015731046411708;0.8486209721810426];0.7749071785000949;0.25
2215;0.5290544608254975;0.6450637946259407;6;0.38323641825800214;[0.4399066586517453;0.5559159924521885;0.6182022629992496;0.7342115967996928];0.7770305408622937;0.25
5781;0.7332463571703012;0.20511663674035036;6;0.4407375151254492;[0.6449972790540891;0.11686755862413824;0.8214954352865133;0.2933657148565625];0.771073845117117;0.25
3703;0.46251738273968535;0.40667017956977347;5;0.3498439478090951;[0.3717779772962265;0.31593077412631465;0.5532567881831442;0.4974095850132323];0.7732033171563791;0.25
9736;0.39801884596243825;0.7786180466244682;5;0.5466901359308822;[0.30705960353609224;0.6876588041981222;0.48897808838878426;0.8695772890508142];0.7755995366851121;0.25
5334;0.5318440919765663;0.12423174836194956;6;0.3813126713597195;[0.44431499384441286;0.0367026502297961;0.6193731901087198;0.211760846494103];0.7770786602274444;0.25
3547;0.46638842402365943;0.4993256336235533;6;0.47009496280239044;[0.38254554320204526;0.41548275280193914;0.5502313048452736;0.5831685144451675];0.7708004648125659;0.25
1695;0.9331731435022388;0.30987526021713674;6;0.6213020663107709;[0.8452513853575856;0.22195350207248357;1.021094901646892;0.39779701836178993];0.7862094344541642;0.25
6011;0.992531676953888;0.4121348622917089;6;0.5564144716691318;[0.9018390590001688;0.32144224433798974;1.0832242949076072;0.5028274802454281];0.7655159685852405;0.25
3559;0.9545125717646048;0.5979528498466417;6;0.3320638419847156;[0.8676088960090491;0.5110491740910861;1.0414162475201605;0.6848565256021972];0.780637089724907;0.25
5301;0.019067770356110958;0.3519566969619371;6;0.4857672693452371;[-0.06771512786104995;0.2651737987447762;0.10585066857327187;0.438739595179098];0.7830366288752378;0.25
1449;0.821970014127384;0.46015587100895405;6;0.44832618928808377;[0.7346633017710528;0.3728491586526228;0.9092767264837153;0.5474625833652853];0.7799466624817976;0.25
6443;0.08737153981645074;0.4904656395582698;6;0.3837904818987337;[-0.0026261090725456238;0.4004679906692734;0.1773691887054471;0.5804632884472661];0.7763449142960722;0.25
4552;0.505934742440596;0.04669935135948733;6;0.5188231279052316;[0.4182382104018905;-0.04099718067921815;0.5936312744793015;0.1343958833981928];0.7690027592362283;0.25
1875;0.5552682438537146;0.5814899096888486;6;0.5437875964200107;[0.4671532325789112;0.4933748984140452;0.6433832551285181;0.6696049209636521];0.7773078925513943;0.25
9177;0.1446363752986588;0.5176883132807519;6;0.461509489719597;[0.05752585556063072;0.43057779354272385;0.23174689503668688;0.60479883301878];0.7743832957282935;0.25
5960;0.6597318289065959;0.7904978640312249;6;0.41500098329716406;[0.5767672242914171;0.7075332594160462;0.7426964335217746;0.8734624686464036];0.7717293755608192;0.25
3561;0.9096991593263802;0.4049904004245015;6;0.46797461193813583;[0.824906663115142;0.32019790421326333;0.9944916555376184;0.4897828966357397];0.771648418424332;0.25
6119;0.7572007508044953;0.3607682017296742;6;0.46201804247997696;[0.6718734868665462;0.2754409377917251;0.8425280147424444;0.4460954656676233];0.7685337171092721;0.25
2377;0.8649468324654986;0.3068443313215634;6;0.6627012257804166;[0.7753143139878729;0.21721181284393762;0.9545793509431244;0.3964768497991892];0.7845226594842752;0.25
9512;0.8932051924790351;0.3308328406672124;6;0.41169744374339645;[0.804588975420369;0.2422166236085463;0.9818214095377011;0.41944905772587854];0.7650613293061281;0.25
5345;0.6642909412334869;0.2677342038258117;6;0.5618508750685961;[0.5799090390621667;0.18335230165449162;0.748672843404807;0.3521161059971318];0.768721080598744;0.25
1639;0.18410180004133314;0.6222152138365079;6;0.3975221654801774;[0.09412600651284406;0.5322394203080189;0.2740775935698222;0.712191007364997];0.7738705937708042;0.25
7041;0.6771954741850141;0.4455538563120162;6;0.4125199824985743;[0.5884294597717542;0.35678784189875634;0.7659614885982741;0.5343198707252761];0.7709709243644295;0.25
3399;0.9028207228153298;0.40479527021322204;6;0.4842274562871966;[0.8155389359036983;0.3175134833015905;0.9901025097269612;0.49207705712485356];0.7665672391715798;0.25
195;0.12351909427448704;0.38715290272816827;6;0.637838506003228;[0.03614702733368287;0.2997808357873641;0.21089116121529122;0.47452496966897245];0.7787763191011725;0.25
7367;0.6059590352442648;0.7320311263659403;6;0.5676903721422283;[0.5193876861885802;0.6454597773102557;0.6925303842999493;0.8186024754216248];0.7680035809045463;0.25
1355;0.010191033183615472;0.054337534768483575;6;0.4286487250701559;[-0.0803179470476257;-0.03617144546275759;0.10070001341485664;0.14484651499972473];0.7739561650136109;0.25
8040;0.5541276115196606;0.6395832432813461;7;0.7195795875335865;[0.4693629850409578;0.5548186168026432;0.6388922379983635;0.724347869760049];0.7837925609212173;0.25
3096;0.7343019497017875;0.09909884704589239;5;0.503893685291936;[0.6453810762982526;0.010177973642357507;0.8232228231053225;0.18801972044942727];0.7674550536729385;0.25
7206;0.13979550967010235;0.40815136892788395;6;0.37160196449263616;[0.052215431194430825;0.32057129045221244;0.22737558814577385;0.49573144740355546];0.7795287420709766;0.25
4023;0.7214206190262183;0.2775041743659564;6;0.6450064746033414;[0.6318219098524855;0.18790546519222362;0.8110193281999512;0.36710288353968923];0.768361578685708;0.25
5978;0.5576901839295583;0.008353794701810302;6;0.36738610849102027;[0.4699180513508729;-0.07941833787687509;0.6454623165082437;0.0961259272804957];0.7669087762488699;0.25
3364;0.4736689596126528;0.5943949149932479;6;0.6294234861076623;[0.384289654442242;0.5050156098228371;0.5630482647830637;0.6837742201636587];0.77986650623761;0.25
1199;0.4720165070714055;0.48146936007695584;5;0.631780479283623;[0.3810748254045743;0.39052767841012465;0.5629581887382367;0.572411041743787];0.7759832632732468;0.25
2713;0.9198190289692237;0.5915846902643747;7;0.35608009387375594;[0.8330819030830897;0.5048475643782406;1.0065561548553577;0.6783218161505087];0.7801680793036796;0.25
2374;0.8894002857641269;0.35697684005756664;6;0.3102833006068811;[0.8031641322087453;0.2707406865021851;0.9756364393195085;0.4432129936129482];0.781839680180888;0.25
5095;0.7631137781574738;0.09989901325624745;7;0.4753385985774429;[0.6729304176091228;0.009715652707896386;0.8532971387058249;0.19008237380459853];0.7726035799587556;0.25
7309;0.45589298623682234;0.6906635517855368;6;0.6926786063113658;[0.36541939833084436;0.6001899638795589;0.5463665741428003;0.7811371396915148];0.7839726503298654;0.25
7550;0.6575981856027284;0.46647334389166517;6;0.5923810964065371;[0.5726086143386254;0.38148377262756217;0.7425877568668314;0.5514629151557682];0.7745843663960507;0.25
2756;0.5854510177048234;0.49317749408832523;6;0.5254628129464626;[0.49685641155878935;0.40458288794229114;0.6740456238508575;0.5817721002343593];0.772927823445944;0.25
5461;0.7498985905100521;0.4646218243860674;7;0.3224869720761473;[0.6637648951305559;0.3784881290065712;0.8360322858895484;0.5507555197655637];0.7771692144085875;0.25
2268;0.7483220135014323;0.9386561431586622;6;0.5035223202873581;[0.6624514351347932;0.852785564792023;0.8341925918680715;1.0245267215253013];0.7728670214476911;0.25
6546;0.8824326113698081;0.5452311273659769;6;0.5643630426234636;[0.797197719073014;0.4599962350691828;0.9676675036666023;0.6304660196627709];0.7761869185160795;0.25
6368;0.9372006392487873;0.7580966322602971;7;0.3902365064357147;[0.8477356828640598;0.6686316758755696;1.0266655956335147;0.8475615886450246];0.7767552843609196;0.25
179;0.882716820262084;0.541001073104208;6;0.7134557025921198;[0.7965981513437017;0.4548824041858257;0.9688354891804662;0.6271197420225902];0.7703360366548622;0.25
4161;0.7347229112986826;0.7375729518945682;6;0.5642089801239805;[0.6501596113341449;0.6530096519300305;0.8192862112632203;0.8221362518591059];0.7738800678008684;0.25
5924;0.6519549567269622;0.331439072014266;6;0.6216390576234403;[0.5644616449165385;0.24394576020384223;0.739448268537386;0.4189323838246897];0.7723178287271142;0.25
561;0.5464851002964435;0.20096935104419988;6;0.5767394352472481;[0.4586025111746558;0.11308676192241215;0.6343676894182312;0.2888519401659876];0.7758844562168854;0.25
3061;0.8889114982587232;0.005954743248134831;7;0.5556180074025194;[0.802167138674857;-0.08078961633573138;0.9756558578425893;0.09269910283200104];0.7895305630759125;0.25
8813;0.8459312610846517;0.2896566035247987;6;0.3525831727674599;[0.7513357799616658;0.19506112240181286;0.9405267422076375;0.3842520846477846];0.7723037704499781;0.25
7222;0.5912060658759939;0.4887702378199653;6;0.5193286434454647;[0.5044001917282593;0.40196436367223076;0.6780119400237284;0.5755761119676999];0.7789208225114354;0.25
3932;0.2738379121375951;0.17201374647590967;6;0.5457178215160186;[0.18571476803220133;0.08389060237051588;0.3619610562429889;0.26013689058130346];0.7751167558132361;0.25
8177;0.8842520026258399;0.15413983811800852;6;0.4852552893366484;[0.797754620484565;0.06764245597673366;0.9707493847671148;0.24063722025928339];0.7750304797698137;0.25
9353;0.7651723945809469;0.31089518156194695;6;0.33338663189211093;[0.674993984898129;0.22071677187912914;0.8553508042637648;0.40107359124476477];0.7686359874980713;0.25
4930;0.6446037503786148;0.993078773157887;6;0.5532719541168778;[0.558183030616703;0.9066580533959752;0.7310244701405266;1.0794994929197987];0.7610754163542119;0.25
7473;0.24440173896755313;0.46126169911377635;6;0.5184318746765632;[0.15922172710530988;0.3760816872515331;0.32958175082979635;0.5464417109760196];0.7823196818109242;0.25
7540;0.8209982272945417;0.6332360277991074;6;0.6539615180321833;[0.7345051279210404;0.546742928425606;0.9074913266680431;0.7197291271726087];0.7736963486854209;0.25
1297;0.10816647919918632;0.8617287108420781;6;0.3867163391649915;[0.019590633152871254;0.7731528647957631;0.1967423252455014;0.9503045568883932];0.763434059000318;0.25
5440;0.5295348823020911;0.973866899356987;6;0.501187351534247;[0.44084085844369764;0.8851728754985935;0.6182289061604846;1.0625609232153805];0.7790929471632405;0.25
9903;0.8358497645919335;0.3551708794849476;6;0.39070359061000987;[0.7491547808101507;0.2684758957031649;0.9225447483737163;0.4418658632667303];0.7737892327306759;0.25
1380;0.7757745108663002;0.3053241623485229;6;0.44828593565729463;[0.6847388046437345;0.21428845612595712;0.866810217088866;0.3963598685710886];0.7774688065511788;0.25
8188;0.8108763881202543;0.5228483799487137;6;0.5013015368049893;[0.7218613354808396;0.4338333273092991;0.899891440759669;0.6118634325881283];0.7708412398674261;0.25
7181;0.4130082905663685;0.8288320245212815;6;0.7139755832182743;[0.32745026064781046;0.7432739946027234;0.49856632048492655;0.9143900544398396];0.7777535384246123;0.25
8644;0.8709106154010076;0.5527789939799456;6;0.4904870432136649;[0.7817664112031258;0.46363478978206385;0.9600548195988893;0.6419231981778273];0.767176148062544;0.25
7463;0.2884742775391276;0.7783939125257175;6;0.5775964856990596;[0.20217472367515243;0.6920943586617424;0.3747738314031027;0.8646934663896927];0.780559257433397;0.25
5173;0.2214933034757931;0.08479177791698844;6;0.5109434449525998;[0.13396774749644721;-0.002733778062357445;0.30901885945513896;0.17231733389633433];0.7728965812650752;0.25
4681;0.10589415107730404;0.8169212572954776;6;0.5876796163392745;[0.01753382768308598;0.7285609339012595;0.1942544744715221;0.9052815806896957];0.7658064116215604;0.25
7404;0.8597176153366702;0.8891130736019204;6;0.5897574384063148;[0.7731082174732842;0.8025036757385344;0.9463270132000563;0.9757224714653063];0.7706638922037629;0.25
6767;0.596198077148568;0.7464528655350573;6;0.5489061746255259;[0.508928253623625;0.6591830420101144;0.6834679006735109;0.8337226890600002];0.7764871877875272;0.25
8731;0.31527979296417974;0.31851147591080115;6;0.5082533665945553;[0.22903180423714653;0.23226348718376794;0.40152778169121295;0.40475946463783435];0.7771540451297889;0.25
8827;0.6872400811110811;0.16540512703150984;6;0.5594756759760905;[0.601644765149016;0.07980981106944471;0.7728353970731463;0.25100044299357493];0.7823978145851066;0.25
9673;0.5456246308960906;0.5227756405874661;6;0.5938343018674026;[0.4554032523275756;0.4325542620189511;0.6358460094646056;0.612997019155981];0.7815166608006512;0.25
512;0.6006316759076697;0.6379643499737369;6;0.6601681324758863;[0.51663669852713;0.5539693725931971;0.6846266532882095;0.7219593273542766];0.777926860148803;0.25
4172;0.6249672611787008;0.6827182919353895;6;0.42094578595211546;[0.5360744247939129;0.5938254555506015;0.7138600975634888;0.7716111283201774];0.7788276961288163;0.25
8606;0.7536467401234025;0.46072466841350673;6;0.47353141205823324;[0.6625814655578383;0.3696593938479425;0.8447120146889667;0.5517899429790709];0.7776852737064155;0.25
5146;0.7364730598123268;0.5773856461407427;6;0.44795997644503516;[0.6477353631118276;0.4886479494402434;0.825210756512826;0.666123342841242];0.7661880952410135;0.25
3052;0.8057860834912693;0.6572444500467259;6;0.4637765460254416;[0.7185858666508256;0.5700442332062822;0.8929863003317131;0.7444446668871697];0.7754152655841539;0.25
7202;0.5342200600201714;0.5440436092775283;6;0.41079768161966645;[0.4478614385991849;0.45768498785654177;0.6205786814411579;0.6304022306985148];0.7757858232687133;0.25
9054;0.27604552634097845;0.6690136582914127;6;0.6181704300877393;[0.18764747721495886;0.5806156091653931;0.364443575466998;0.7574117074174322];0.7773456670665263;0.25
8324;0.5917772099985641;0.11795191003249206;6;0.560231292773708;[0.503320055127803;0.029494755161730946;0.6802343648693252;0.20640906490325317];0.7747641689067677;0.25
4690;0.11121153058295863;0.7086819738837101;6;0.3172970149589105;[0.016780202267725627;0.6142506455684771;0.20564285889819162;0.8031133021989432];0.778445938878344;0.25
6970;0.7797901749503624;0.36138599344492595;6;0.47905305241062274;[0.6930732005985736;0.27466901909313707;0.8665071493021512;0.4481029677967148];0.7722962462702894;0.25
6304;0.6991799376651184;0.46251486790336793;6;0.40096389336733235;[0.6148130829572219;0.3781480131954714;0.7835467923730149;0.5468817226112644];0.7747922215856738;0.25
7989;0.9243896926595772;0.9876061859723966;6;0.5118904075356367;[0.8371061673328075;0.9003226606456269;1.0116732179863468;1.0748897112991662];0.773517746057514;0.25
7836;0.1965371147336915;0.4878671138552619;6;0.41408595000800313;[0.10760835690298752;0.3989383560245579;0.2854658725643955;0.5767958716859659];0.7771605027125156;0.25
103;0.8167567436176197;0.9168679438393565;6;0.47701897100706436;[0.7272319142985347;0.8273431145202715;0.9062815729367047;1.0063927731584414];0.780516032477938;0.25
5987;0.6040227090292378;0.3777684150070233;6;0.5554790328664735;[0.5208154045463528;0.2945611105241383;0.6872300135121229;0.4609757194899083];0.7736571712040348;0.25
3478;0.14458845007866994;0.9852739300046041;6;0.5444098640348153;[0.05895753967360057;0.8996430195995346;0.2302193604837393;1.0709048404096735];0.7766651765874345;0.25
8051;0.8849491535346368;0.819168403007693;6;0.43649700362942134;[0.8005468141557206;0.7347660636287768;0.9693514929135529;0.9035707423866092];0.7784079032101788;0.25
5017;0.1556342318875526;0.9832635827259096;6;0.482060514658742;[0.07078521827541427;0.8984145691137713;0.2404832454996909;1.068112596338048];0.7736030114177298;0.25
1189;0.18852721224065416;0.7767395299085849;6;0.37314818952345896;[0.10425325488829297;0.6924655725562237;0.27280116959301537;0.8610134872609461];0.7690742818378158;0.25
1139;0.8566606914223039;0.7958289487849595;6;0.483234076259694;[0.7661476354900613;0.7053158928527168;0.9471737473545466;0.8863420047172021];0.7715599118755806;0.25
8244;0.8487754575939571;0.4159869110036325;6;0.6570351187308339;[0.7560294716395547;0.3232409250492301;0.9415214435483595;0.5087328969580349];0.7792478050878937;0.25
5621;0.4414557236250716;0.522023741672319;6;0.36975842066222453;[0.354617210309753;0.43518522835700046;0.5282942369403902;0.6088622549876376];0.773752927054798;0.25
9758;0.6356989628333414;0.8964873558491858;5;0.4850851493054988;[0.547894512661282;0.8086829056771264;0.7235034130054008;0.9842918060212452];0.77647587847521;0.25
1396;0.3975118873091952;0.8968001195950446;6;0.32033641918594025;[0.313383149672193;0.8126713819580424;0.48164062494619736;0.9809288572320467];0.7786518548253918;0.25
2903;0.84924070947384;0.8041978270497361;6;0.40595933298783843;[0.765329456999964;0.7202865745758601;0.933151961947716;0.8881090795236121];0.7772836275621283;0.25
2140;0.3964905814791566;0.26287468390092517;6;0.4842654437028194;[0.31203467460559464;0.1784187770273632;0.4809464883527186;0.34733059077448714];0.7862052328121132;0.25
2563;0.9981191530691387;0.26634238842724195;6;0.4677855120154884;[0.9114996384243182;0.17972287378242152;1.0847386677139592;0.3529619030720624];0.7763174467450179;0.25
5357;0.5903378616822152;0.4758793654912621;6;0.5528271392842433;[0.5059099143444572;0.3914514181535041;0.6747658090199733;0.5603073128290201];0.7831507910783551;0.25
482;0.7253736954462451;0.7187711751526066;6;0.5410769682091354;[0.6393936142679221;0.6327910939742836;0.8113537766245681;0.8047512563309296];0.7787489747657921;0.25
82;0.9214972198336915;0.43000976512444755;6;0.43949080127809337;[0.8325368260690675;0.3410493713598236;1.0104576135983154;0.5189701588890715];0.7717718953060059;0.25
5794;0.27227975546563266;0.7399087808474005;5;0.4788303708219471;[0.18497113809920432;0.6526001634809722;0.359588372832061;0.8272173982138289];0.7769624841686075;0.25
1704;0.19466767853141526;0.6586481734640706;6;0.49893712820128017;[0.10897838590943115;0.5729588808420865;0.28035697115339936;0.7443374660860547];0.7688959164891819;0.25
5608;0.38835944104896103;0.6401485635079005;6;0.5065112984253318;[0.29798137635940913;0.5497704988183486;0.4787375057385129;0.7305266281974524];0.7677779531913916;0.25
28;0.012356418120760049;0.30087695443220164;6;0.26452689136514346;[-0.07703890374369891;0.21148163256774266;0.10175173998521901;0.3902722762966606];0.7687950461196923;0.25
6381;0.49220094778116263;0.9540456156757129;6;0.6086726892193923;[0.4016667635938483;0.8635114314883985;0.582735131968477;1.0445797998630273];0.7683009508935905;0.25
2145;0.7711268317858931;0.8764645776808493;6;0.5451245453399666;[0.6831995994445921;0.7885373453395482;0.8590540641271942;0.9643918100221504];0.7741743228422889;0.25
8704;0.8435707227649547;0.41233677676231695;6;0.6000402723851799;[0.7579000734932176;0.3266661274905799;0.9292413720366918;0.498007426034054];0.7696596542489457;0.25
2400;0.3110884970914989;0.94615570498227;6;0.40699882640984797;[0.2251900652567037;0.8602572731474748;0.39698692892629406;1.032054136817065];0.7832225510269906;0.25
2423;0.5040219680345953;0.7313530306836005;6;0.5377723888635988;[0.4197046853329679;0.647035747981973;0.5883392507362227;0.8156703133852279];0.7795098581376261;0.25
2102;0.3677974733259286;0.6098662065798278;6;0.4151597174421953;[0.27992128306839736;0.5219900163222966;0.45567366358345984;0.6977423968373591];0.7773762249642542;0.25
8659;0.4120200286848196;0.25896087787343663;6;0.45152382880703623;[0.32162354193949644;0.1685643911281135;0.5024165154301427;0.34935736461875977];0.7696700893223036;0.25
8006;0.39536480607216606;0.8574703406083379;6;0.4698905926755057;[0.308040437664371;0.7701459722005428;0.4826891744799611;0.944794709016133];0.7797456186055256;0.25
8205;0.3140054201253856;0.6684318945512763;5;0.4680370250963063;[0.22135268460926305;0.5757791590351538;0.4066581556415082;0.7610846300673988];0.7647844383154961;0.25
1394;0.16021532516489867;0.9761718463142578;6;0.3259469393615676;[0.07268130755583004;0.8886378287051891;0.24774934277396732;1.0637058639233263];0.775152706002159;0.25
6490;0.8022246185009989;0.6935396393169417;6;0.46237043783573695;[0.7168994022270109;0.6082144230429537;0.887549834774987;0.7788648555909298];0.772832142018027;0.25
1857;0.6759209181039578;0.9173493699527001;6;0.4899784964507157;[0.5876847120274934;0.8291131638762357;0.7641571241804223;1.0055855760291645];0.7748876845645387;0.25
5764;0.875726000216431;0.3194021344361625;6;0.6421610869123613;[0.7886581552075467;0.2323342894272782;0.9627938452253153;0.4064699794450468];0.7727093531316808;0.25
3620;0.5682727155401284;0.9631943961278752;6;0.47702246633511197;[0.47703672725892715;0.871958407846674;0.6595087038213296;1.0544303844090763];0.7746641234153563;0.25
675;0.5132377616210039;0.4476546070544929;6;0.5500373529818706;[0.4218648241595753;0.35628166959306434;0.6046106990824324;0.5390275445159214];0.7761652541942763;0.25
2492;0.49977200841571395;0.9543141655227904;6;0.3483053411992535;[0.4112568199053307;0.865798977012407;0.5882871969260972;1.0428293540331737];0.7673610512875159;0.25
890;0.15209016662639935;0.0768110838677778;6;0.4421729714553292;[0.0675115515354192;-0.0077675312232023536;0.23666878171737948;0.16138969895875793];0.7652583444073238;0.25
3382;0.34983354892440965;0.5795443382941732;6;0.5811227221536006;[0.2586302133728963;0.48834100274265985;0.441036884475923;0.6707476738456865];0.7792826539060637;0.25
415;0.6701049026405513;0.9166971083419948;6;0.3817763876722202;[0.5819913218250263;0.8285835275264698;0.7582184834560763;1.00481068915752];0.7824595775337755;0.25
314;0.5193412699145109;0.5794941751152537;6;0.5614372401951904;[0.43229689886673456;0.49244980406747735;0.6063856409622872;0.66653854616303];0.7751745138368098;0.25
2370;0.4484433817346855;0.04458791905425752;6;0.39719992911032287;[0.3590585297100278;-0.044796932970400216;0.5378282337593432;0.13397277107891525];0.7767642025045117;0.25
5615;0.23783200168034163;0.7746075908888499;6;0.31300144427526533;[0.15275005182578766;0.6895256410342959;0.3229139515348956;0.8596895407434039];0.7716291663779893;0.25
6029;0.807572161156989;0.8206744910739683;6;0.47253618014595916;[0.7190011940419057;0.7321035239588849;0.8961431282720724;0.9092454581890517];0.7807840321151159;0.25
8074;0.11605268244218697;0.3397087072174866;6;0.42429274088746294;[0.02324080536872733;0.24689683014402694;0.20886455951564661;0.4325205842909462];0.7826164354854681;0.25
3059;0.6056998966836618;0.6873747864093961;6;0.6204220672641735;[0.5196623766421926;0.601337266367927;0.6917374167251309;0.7734123064508652];0.77703418332983;0.25
2564;0.6299754186737561;0.3537679331714755;6;0.36749855472420356;[0.5435843592444667;0.2673768737421861;0.7163664781030454;0.44015899260076485];0.7780947014118609;0.25
4491;0.38496818285027;0.2153044935314209;6;0.20914027686523157;[0.30024900365890417;0.13058531434005508;0.46968736204163586;0.30002367272278674];0.7686514428083756;0.25
8436;0.6828455233360543;0.6327182585280128;6;0.4790178971386614;[0.5970427096457469;0.5469154448377054;0.7686483370263617;0.7185210722183202];0.7728501547365461;0.25
8206;0.8589082163839616;0.5191893110326367;6;0.5280297256860249;[0.7713110189739779;0.43159211362265293;0.9465054137939454;0.6067865084426204];0.7724035774191561;0.25
5978;0.15369933578600253;0.5288921782232762;6;0.36738610849102027;[0.06458461100122373;0.4397774534384974;0.24281406057078134;0.6180069030080549];0.7669087762488699;0.25
7925;0.5441679432693828;0.9444675474076161;6;0.5969743571043102;[0.4544907870948615;0.8547903912330949;0.633845099443904;1.0341447035821374];0.7711253417571434;0.25
7824;0.9101492980450641;0.2056843752120548;6;0.6776947405219887;[0.8234680625709545;0.11900313973794521;0.9968305335191736;0.2923656106861644];0.7779956897710089;0.25
590;0.15656493653885656;0.9153247905294071;6;0.5490454246872513;[0.06917723937669668;0.8279370933672472;0.24395263370101644;1.002712487691567];0.769730208512699;0.25
2583;0.26929578446190217;0.6741255530829623;6;0.6256361353778005;[0.17572620980984113;0.5805559784309012;0.3628653591139632;0.7676951277350234];0.7756076196618581;0.25
2422;0.29960458927801037;0.19238520312041246;6;0.2561164976375617;[0.21392322108562634;0.10670383492802843;0.3852859574703944;0.2780665713127965];0.7741689474056145;0.25
8762;0.2528461815611432;0.341860098435951;6;0.5918137395036107;[0.1685461898833672;0.257560106758175;0.33714617323891916;0.426160090113727];0.7761510265651377;0.25
575;0.6236024359179759;0.4147593485517007;6;0.505777627624296;[0.538473426557383;0.32963033919110774;0.7087314452785689;0.4998883579122937];0.7667028487207749;0.25
4599;0.31438514695687253;0.5775350627889688;5;0.3587124117350593;[0.22789919301285155;0.49104910884494785;0.4008711009008935;0.6640210167329899];0.7781910442343785;0.25
9219;0.9969647884103114;0.7097321732815377;5;0.4625039717730865;[0.9090178329991669;0.6217852178703931;1.084911743821456;0.7976791286926823];0.7745388592957667;0.25
1484;0.6348945748619196;0.8082078774888637;6;0.6171555744518272;[0.5484371543538606;0.7217504569808048;0.7213519953699785;0.8946652979969226];0.7678000736957683;0.25
628;0.3978882640919593;0.989186996779855;5;0.3242794251536406;[0.3105888874696997;0.9018876201575954;0.48518764071421894;1.0764863734021146];0.7687068381703153;0.25
3191;0.8149141706856184;0.715216756681864;6;0.3729955406917347;[0.72984818327997;0.6301507692762156;0.8999801580912669;0.8002827440875124];0.7720815739486762;0.25
9426;0.0685450471597453;0.2409276177133433;7;0.5869961704926564;[-0.021841455086030803;0.1505411154675672;0.1589315494055214;0.3313141199591194];0.77093271371892;0.25
9658;0.2838650851267964;0.9158095677104823;6;0.31633337841938636;[0.19505661694487872;0.8270010995285646;0.3726735533087141;1.0046180358924];0.7743746685125344;0.25
1994;0.49380713791357295;0.3261946099376897;6;0.41876680159720325;[0.4057675879163424;0.2381550599404591;0.5818466879108035;0.41423415993492024];0.7770623663903251;0.25
8056;0.8780160363823297;0.028479960039775043;6;0.543220431542183;[0.7899125452762918;-0.05962353106626281;0.9661195274883676;0.1165834511458129];0.7656626751778131;0.25
7530;0.061689847956689636;0.48151022248653147;6;0.4730885709633535;[-0.02579117155962654;0.39402920297021526;0.1491708674730058;0.5689912420028477];0.7806092350394557;0.25
2529;0.9943328871374155;0.6552203984643669;6;0.6064149339142654;[0.9096024761064944;0.5704899874334457;1.0790632981683366;0.739950809495288];0.7809333081778855;0.25
5854;0.7467583741911572;0.7572197399738169;6;0.6423404066030642;[0.6632151904106377;0.6736765561932974;0.8303015579716767;0.8407629237543364];0.7719299839542549;0.25
3082;0.7306731119122094;0.47128058820670815;6;0.3385016749282832;[0.6446974623848832;0.385304938679382;0.8166487614395356;0.5572562377340343];0.7723000607430175;0.25
9701;0.6214930968754787;0.5004161181036093;7;0.45420431935029687;[0.5338847873718177;0.4128078085999482;0.7091014063791398;0.5880244276072704];0.7762510924743701;0.25
3900;0.3020403219867353;0.658466538989252;6;0.545894717227029;[0.209754003038223;0.5661802200407396;0.3943266409352476;0.7507528579377644];0.7791138158493734;0.25
8644;0.5448623541745149;0.8292599743030725;6;0.4904870432136649;[0.4585026363575001;0.7429002564860577;0.6312220719915297;0.9156196921200873];0.767176148062544;0.25
8457;0.33857036198913404;0.7444295609239041;6;0.4269641121745857;[0.2534729303677183;0.6593321293024884;0.4236677936105498;0.8295269925453198];0.7687579485416967;0.25
8490;0.8702832111480419;0.7938312756949982;6;0.6712931829817141;[0.7812001883058083;0.7047482528527647;0.9593662339902754;0.8829142985372318];0.7703438944047304;0.25
5868;0.3389175416383869;0.6711103925100396;6;0.4681736868095056;[0.2502529562991916;0.5824458071708443;0.4275821269775822;0.7597749778492349];0.7708590140676957;0.25
2350;0.7699028254812921;0.4435369172006941;6;0.7493676927565818;[0.6829938723205757;0.3566279640399777;0.8568117786420084;0.5304458703614104];0.773342779545439;0.25
9394;0.409527439405165;0.2806807265991952;6;0.5069348557353303;[0.32301587111743196;0.19416915831146214;0.49603900769289805;0.3671922948869282];0.7715911048239202;0.25
8380;0.7722328986633638;0.9323570163606756;6;0.503802705770594;[0.687534389592434;0.8476585072897458;0.8569314077342935;1.0170555254316054];0.7711480068479137;0.25
9063;0.38777761751821355;0.65866125652349;6;0.5002605047917641;[0.3029460673533184;0.5738297063585949;0.4726091676831087;0.743492806688385];0.7839915450207849;0.25
5591;0.6001529709625002;0.8655897538629607;6;0.47232467771148096;[0.5142213175879733;0.7796581004884338;0.6860846243370271;0.9515214072374876];0.7738286987304043;0.25
9816;0.9298517457396764;0.8858556751014786;6;0.6039249099919749;[0.8436952271894818;0.7996991565512839;1.0160082642898711;0.9720121936516732];0.7656764713520635;0.25
7556;0.5100079322567975;0.7094229819094825;6;0.5082524342041167;[0.42951291185972074;0.6289279615124057;0.5905029526538743;0.7899180023065593];0.7777536311475397;0.25
4703;0.6390770505136585;0.763944481611353;5;0.6021935119772377;[0.5517749160960893;0.6766423471937838;0.7263791849312277;0.8512466160289222];0.7755979665261492;0.25
4505;0.24873014267540733;0.03616098081836572;6;0.6339220923247055;[0.16266598409618116;-0.049903177760860465;0.3347943012546335;0.1222251393975919];0.7729064415687138;0.25
753;0.5728027605761974;0.08206970066610897;6;0.43201856591141546;[0.48649997484929053;-0.004233085060797892;0.6591055463031043;0.16837248639301583];0.7787610473555745;0.25
1031;0.1298627698941794;0.2270997604152405;6;0.5544419479429611;[0.03920819685374233;0.13644518737480343;0.22051734293461644;0.31775433345567755];0.7730677971226592;0.25
2590;0.34343199260495083;0.7582914115926129;7;0.37329545456166746;[0.25645723135739673;0.6713166503450588;0.43040675385250493;0.845266172840167];0.7741036195910768;0.25
2217;0.7927273593228261;0.6435582634309792;6;0.5176590276525069;[0.7078710050703155;0.5587019091784686;0.8775837135753367;0.7284146176834898];0.7784785479690678;0.25
6520;0.23937303556601736;0.1264201024730746;6;0.23016701593535854;[0.1528253364639971;0.039872403371054355;0.3259207346680376;0.21296780157509487];0.7726095220775238;0.25
2189;0.7804390186287159;0.4710792193204948;6;0.6080481574911647;[0.6926941690046933;0.38333436969647217;0.8681838682527385;0.5588240689445174];0.7679312041024278;0.25
6252;0.3393975753630905;0.30822913900737897;6;0.3055804213197074;[0.25139466084647544;0.22022622449076387;0.4274004898797056;0.39623205352399404];0.7812059221444109;0.25
3469;0.5636300767939612;0.5799668825264402;6;0.5374364944467755;[0.4761645597003689;0.492501365432848;0.6510955938875534;0.6674323996200325];0.7693981005040634;0.25
6804;0.7183662746735977;0.32121630210075663;6;0.4500833872404827;[0.6320926079547309;0.23494263538188986;0.8046399413924645;0.4074899688196234];0.7767709873172348;0.25
3420;0.23487836809165252;0.31967590173415716;6;0.5321785202788312;[0.14747757656484714;0.23227511020735178;0.3222791596184579;0.4070766932609625];0.7716124964564264;0.25
1266;0.58883359645812;0.9519238482219152;6;0.5049138776514085;[0.5012230070276917;0.864313258791487;0.6764441858885482;1.0395344376523434];0.7796131406718378;0.25
5332;0.2527175026115864;0.6097374803387213;6;0.5973086258526633;[0.1642716824904334;0.5212916602175683;0.34116332273273936;0.6981833004598743];0.7747684105419251;0.25
7561;0.14053929838276147;0.7014343491349219;5;0.6140554348116001;[0.05347357370908942;0.6143686244612498;0.22760502305643351;0.7885000738085939];0.7707516150118614;0.25
4423;0.6111737345065769;0.3674037393579841;6;0.4812911470056283;[0.521874830959739;0.2781048358111462;0.7004726380534148;0.456702642904822];0.7725095596304816;0.25
7694;0.342370816676713;0.3445197287702912;6;0.43727860787502426;[0.256570800320427;0.2587197124140052;0.42817083303299897;0.43031974512657717];0.7814313346013686;0.25
1681;0.625524003514565;0.45052979207115484;6;0.5614861951889686;[0.5370001991531811;0.3620059877097709;0.714047807875949;0.5390535964325388];0.774617729916842;0.25
