3712;0.10370564818496653;0.8113286022756757;6;0.43975279595652944;[0.017125605165984104;0.7247485592566933;0.19028569120394895;0.8979086452946581];0.7828981132413557;0.25
337;0.9086512507646785;0.3980547979372445;6;0.6234875287306076;[0.8247560799131727;0.31415962708573875;0.9925464216161842;0.4819499687887503];0.7782263301685237;0.25
8171;0.18938275683999128;0.9806256719397244;6;0.5864210625215345;[0.10187741014088904;0.8931203252406221;0.27688810353909354;1.0681310186388266];0.7781387525040507;0.25
2935;0.8902360243845733;0.896147624595167;6;0.4403499446081057;[0.8009929122849117;0.8069045124955053;0.9794791364842349;0.9853907366948286];0.7743916838116592;0.25
1345;0.20695473207418408;0.5072790388754077;6;0.5335968832500024;[0.12011303819999501;0.42043734500121865;0.29379642594837313;0.5941207327495968];0.7714314279275444;0.25
1640;0.5035450210087099;0.5716919114607983;6;0.5598625770313238;[0.41012136744636657;0.478268257898455;0.5969686745710533;0.6651155650231417];0.7833313087612102;0.25
7755;0.08385529500064415;0.5567324564294507;6;0.4354997225393844;[-0.00404367089631652;0.46883349053249;0.17175426089760482;0.6446314223264114];0.7659514406532115;0.25
4667;0.22341988258740453;0.4750389756684743;6;0.6260416780989229;[0.13381972491819027;0.38543881799926005;0.3130200402566188;0.5646391333376886];0.7744268210749303;0.25
9837;0.6889921874433015;0.30781694451412334;6;0.40932170289192576;[0.6020395967873855;0.22086435385820735;0.7759447780992175;0.3947695351700393];0.782870843048913;0.25
9412;0.9490140046925543;0.8553289267925216;6;0.5766195640077012;[0.8597040036169799;0.7660189257169472;1.0383240057681287;0.944638927868096];0.7804202838425824;0.25
5381;0.4436082473683277;0.979759449596364;6;0.5253212409966342;[0.35280507025197005;0.8889562724800063;0.5344114244846854;1.0705626267127215];0.7796765225168958;0.25
3348;0.1498758457764166;0.8930796133167433;5;0.5473166948640917;[0.06169353287223796;0.8048973004125647;0.23805815868059527;0.981261926220922];0.7784787728922338;0.25
8950;0.262079070591783;0.4361030614140834;6;0.6121056357179898;[0.16860368321275906;0.34262767403505945;0.35555445797080687;0.5295784487931073];0.7691445590002419;0.25
8599;0.4565356906851673;0.48650964076225833;6;0.4759484106189575;[0.36303249151617034;0.39300644159326137;0.5500388898541643;0.5800128399312553];0.7659281132383622;0.25
824;0.8451964349598936;0.48493568601440995;6;0.5540559886796843;[0.7527491503766535;0.39248840143116986;0.9376437195431337;0.5773829705976501];0.7715926636393876;0.25
9358;0.9071601552098886;0.16379142573796734;6;0.4178426279424695;[0.8177450600293042;0.07437633055738306;0.9965752503904729;0.2532065209185516];0.7824144546892092;0.25
2584;0.296264217204423;0.30838339597581377;6;0.6296033005928027;[0.20545640346175026;0.21757558223314105;0.3870720309470957;0.3991912097184865];0.7727437029740586;0.25
243;0.2724646776146093;0.10359858353759588;6;0.3746905287352644;[0.1852206803737776;0.016354586296764173;0.359708674855441;0.19084258077842758];0.7710563482873869;0.25
34;0.3669446514940412;0.7626694651178721;6;0.47172421324476443;[0.2801367039122256;0.6758615175360565;0.4537525990758568;0.8494774126996878];0.7788673424016226;0.25
7642;0.5011591451514266;0.24958298825644987;6;0.6395417272118931;[0.41177466491002607;0.16019850801504937;0.5905436253928271;0.33896746849785037];0.7781557051819261;0.25
3065;0.7166836908590283;0.8252185080149448;6;0.603925116459084;[0.6254189839478645;0.733953801103781;0.807948397770192;0.9164832149261086];0.7687247280505994;0.25
9302;0.34043831647170625;0.9638649032668811;6;0.504473241709646;[0.25175245189552603;0.8751790386907009;0.42912418104788647;1.0525507678430612];0.7754408127210373;0.25
5814;0.32857525252791214;0.8482937712433365;6;0.46974782415627336;[0.241633800666181;0.7613523193816054;0.4155167043896433;0.9352352231050676];0.7850028200345963;0.25
970;0.8121698599906044;0.3779607314350843;6;0.5959383353038341;[0.7265838745856498;0.2923747460301297;0.8977558453955591;0.4635467168400389];0.7622029897119553;0.25
9062;0.78763889118931;0.8871679786936325;6;0.6117038097705674;[0.6981935434323413;0.7977226309366638;0.8770842389462786;0.9766133264506012];0.774227061882832;0.25
7204;0.6558894830041052;0.53375685579078;6;0.36690085735042594;[0.5652468130694834;0.4431141858561583;0.746532152938727;0.6243995257254018];0.7667688138774377;0.25
6085;0.09196506480259548;0.6949303108542612;6;0.4861609350503294;[0.00720426090575188;0.6101695069574176;0.17672586869943907;0.7796911147511048];0.777439563005999;0.25
1989;0.05394506057151449;0.04862894172337251;6;0.36180575954384875;[-0.03663337066953702;-0.041949489517679;0.14452349181256602;0.13920737296442404];0.7773967097652535;0.25
7840;0.7396807074505256;0.641473752842616;6;0.5955314476175101;[0.6497273806582762;0.5515204260503666;0.829634034242775;0.7314270796348654];0.7727212426259722;0.25
8813;0.4734998985896081;0.34033138795233486;6;0.3525831727674599;[0.3897032635479647;0.2565347529106914;0.5572965336312515;0.42412802299397834];0.7723037704499781;0.25
1231;0.8657648975155128;0.44504108840363915;6;0.4773846563894138;[0.7784701299368261;0.3577463208249524;0.9530596650941995;0.5323358559823259];0.7770099645346007;0.25
543;0.31878674675158686;0.7444439046390636;6;0.6454775616651023;[0.23698114356831246;0.6626383014557892;0.40059234993486126;0.8262495078223381];0.7753245577943483;0.25
3780;0.7522532682870848;0.47759392052677735;6;0.3606489800900705;[0.6645284162931252;0.38986906853281766;0.8399781202810445;0.565318772520737];0.7703464409247645;0.25
302;0.06652612769963462;0.3095724028794544;6;0.602828710965505;[-0.021590503661843424;0.22145577151797638;0.15464275906111266;0.3976890342409325];0.7845046264185982;0.25
8165;0.26174383995496253;0.8421167940292937;6;0.4375210236004048;[0.17323485617478698;0.7536078102491182;0.3502528237351381;0.9306257778094693];0.77375662642461;0.25
8703;0.2094613681701486;0.9775048982785006;6;0.4815960692454908;[0.11903632206113285;0.8870798521694849;0.29988641427916435;1.0679299443875163];0.7748901995796331;0.25
2022;0.9376936538474477;0.9473507203567446;6;0.449109700830763;[0.854018536357738;0.8636756028670348;1.0213687713371575;1.0310258378464545];0.7774358270969949;0.25
942;0.6615745026859057;0.6794358629693467;6;0.5471330159552046;[0.5742846697279713;0.5921460300114123;0.74886433564384;0.766725695927281];0.7753410649400758;0.25
7486;0.6725387211230807;0.7967122107956546;5;0.5515251832097111;[0.5864301166927351;0.7106036063653091;0.7586473255534262;0.8828208152260001];0.7735742950574069;0.25
2435;0.7470288692500358;0.527891006960592;6;0.473653974348415;[0.658313857588267;0.43917599529882323;0.8357438809118045;0.6166060186223608];0.7703176571519641;0.25
1094;0.14147162513448053;0.9830949411841645;6;0.6330981395373498;[0.054520316193941584;0.8961436322436256;0.22842293407501946;1.0700462501247034];0.7817439198424345;0.25
7306;0.7524077027967208;0.9453146378707609;6;0.6086077253619167;[0.6639464321013344;0.8568533671753745;0.8408689734921071;1.033775908566147];0.7743818548683723;0.25
949;0.6535631378262519;0.9624076426761748;6;0.6409475196449992;[0.5705904422580335;0.8794349471079564;0.7365358333944703;1.0453803382443934];0.770926210753724;0.25
9275;0.4693121695058482;0.2705714625933255;6;0.6741711476204856;[0.38037022778105384;0.18162952086853112;0.5582541112306426;0.35951340431811984];0.7743081402571593;0.25
2725;0.026871626557854023;0.6316668288767672;6;0.4702042530100667;[-0.058928783013140446;0.5458664193057727;0.11267203612884849;0.7174672384477616];0.7680329707910465;0.25
2185;0.8855738096161645;0.9220481259106246;6;0.498111811473688;[0.7989820927310416;0.8354564090255017;0.9721655265012874;1.0086398427957475];0.7713807493076034;0.25
740;0.9928118601770504;0.19209546476537154;6;0.5040432431481069;[0.9062907388721821;0.10557434346050326;1.0793329814819186;0.2786165860702398];0.7721529966510707;0.25
5292;0.035389884692286544;0.3692646648530293;6;0.511609838002293;[-0.0536609531986561;0.28021382696208663;0.12444072258322919;0.4583155027439719];0.7718231940983981;0.25
967;0.4976209241881039;0.6771004725367108;6;0.36792308837072607;[0.40193795628603096;0.5814175046346379;0.5933038920901768;0.7727834404387837];0.7752348048189484;0.25
7153;0.27205545028239425;0.6135963312288891;6;0.7294360223842745;[0.186738127223796;0.5282790081702908;0.3573727733409925;0.6989136542874874];0.7749236028091081;0.25
3003;0.7371243652043886;0.7267287270506304;5;0.5317882926392352;[0.6470704550583367;0.6366748169045785;0.8271782753504405;0.8167826371966823];0.7781111868394078;0.25
70;0.5489279043657529;0.8891450607993683;6;0.5115372038395715;[0.46752517952249395;0.8077423359561093;0.6303306292090118;0.9705477856426272];0.7732821087682682;0.25
6838;0.06843871691750947;0.5025622180805109;6;0.550012523829411;[-0.019261323395912452;0.414862177767089;0.1561387572309314;0.5902622583939329];0.76956388263244;0.25
3688;0.9101080257712113;0.2677686305191867;6;0.4020642875483843;[0.8170093862224321;0.1746699909704075;1.0032066653199905;0.36086727006796593];0.7767282325147147;0.25
1526;0.4830888516955195;0.44201785407801153;6;0.525111756929747;[0.3947298639776954;0.3536588663601874;0.5714478394133437;0.5303768417958357];0.7663973412534512;0.25
6492;0.7928318201018065;0.9513542025070889;6;0.3662914687520694;[0.7047854311570947;0.8633078135623771;0.8808782090465184;1.0394005914518007];0.7790630662056274;0.25
2728;0.7816601875274303;0.02321949446528182;6;0.5401842565784836;[0.6946784574842834;-0.06376223557786505;0.8686419175705772;0.11020122450842869];0.7770356760423134;0.25
3587;0.7936743588969768;0.6297193862049931;5;0.5818522542382013;[0.7060147917605323;0.5420598190685486;0.8813339260334213;0.7173789533414376];0.781509089646244;0.25
1988;0.11388379717973662;0.08134963330747347;6;0.35363565655178986;[0.026914793909654233;-0.005619369962608922;0.200852800449819;0.16831863657755586];0.7730849584211075;0.25
7586;0.9799938668634527;0.7376119135463408;6;0.38521036572094725;[0.8915745611657953;0.6491926078486834;1.0684131725611101;0.8260312192439982];0.7793868189637618;0.25
5334;0.30167495633356783;0.5634541512803484;6;0.3813126713597195;[0.21542171668546428;0.4772009116322448;0.3879281959816714;0.6497073909284519];0.7770786602274444;0.25
2775;0.8695282916773599;0.7842073687997503;6;0.5317152605246647;[0.7828920715360993;0.6975711486584897;0.9561645118186205;0.8708435889410109];0.7736332724356452;0.25
8242;0.5704204310064345;0.6909382471765264;6;0.46204105421769326;[0.4881569817023028;0.6086747978723948;0.6526838803105661;0.7732016964806581];0.7783351664963521;0.25
6336;0.8691388188139155;0.8063781499734051;6;0.30989336274191903;[0.7809528526614056;0.7181921838208951;0.9573247849664255;0.894564116125915];0.7667315907750248;0.25
5235;0.7317040276226228;0.9601674773685007;7;0.48841281263204983;[0.641464978504641;0.869928428250519;0.8219430767406045;1.0504065264864824];0.7770647338529024;0.25
7699;0.77867625343501;0.9531150658231079;5;0.45194507199236256;[0.6868921371790924;0.8613309495671903;0.8704603696909277;1.0448991820790257];0.7818188437848997;0.25
5662;0.9267247766994788;0.6999088761078947;6;0.47839014819798914;[0.8348120311612766;0.6079961305696924;1.0186375222376811;0.7918216216460969];0.7685433449285781;0.25
3049;0.4599648110851787;0.6697469016403075;6;0.6175147061532784;[0.37301785445337765;0.5827999450085064;0.5469117677169798;0.7566938582721086];0.7735997476928964;0.25
9385;0.5296405311683174;0.4594642271301781;6;0.6408604749274698;[0.44357214462430816;0.3733958405861688;0.6157089177123267;0.5455326136741874];0.7903331913507545;0.25
5718;0.4706484315769762;0.07298932787184798;6;0.575450125914815;[0.3825890372304436;-0.015070066474684674;0.5587078259235089;0.16104872221838062];0.775699946067784;0.25
3940;0.6981087206906893;0.6490770476407285;6;0.4263991044905103;[0.6113694823398623;0.5623378092899015;0.7848479590415163;0.7358162859915555];0.7740819263073432;0.25
494;0.5468446927841943;0.2938559940533432;6;0.46564248830595945;[0.46099582904003994;0.20800713030918877;0.6326935565283487;0.3797048577974976];0.7769197722994364;0.25
6327;0.6478914655353681;0.3232439925121679;6;0.5502781322320045;[0.5577214905556676;0.23307401753246731;0.7380614405150687;0.4134139674918685];0.7747184397560002;0.25
9784;0.8442467718502404;0.5464399707447952;6;0.4939275880315791;[0.7595594864233252;0.46175268531788;0.9289340572771557;0.6311272561717105];0.7783903178611531;0.25
594;0.30176909557767356;0.8727417094860904;6;0.5141758334523547;[0.21045441603877083;0.7814270299471877;0.39308377511657633;0.9640563890249931];0.7837262059004874;0.25
6811;0.7934014195011554;0.6855627074318066;6;0.47705507703416783;[0.7053054139829632;0.5974667019136144;0.8814974250193476;0.7736587129499988];0.772097096572647;0.25
371;0.5464055805179164;0.7418397740446319;6;0.4644403608119294;[0.4582604178991275;0.653694611425843;0.6345507431367053;0.8299849366634208];0.7723321946644809;0.25
6462;0.8504055390910294;0.5800957400648281;6;0.2670694655156413;[0.7601456874311096;0.4898358884049082;0.9406653907509493;0.670355591724748];0.7760196364680747;0.25
7046;0.7628978429768114;0.8533259240197022;5;0.6526471715330355;[0.6751950831938492;0.76562316423674;0.8506006027597736;0.9410286838026644];0.7731890756935985;0.25
1019;0.9065061974478404;0.557629668948422;6;0.6892455945041913;[0.8192116485498405;0.4703351200504221;0.9938007463458404;0.644924217846422];0.771884348431944;0.25
7355;0.5080790097474635;0.6205458349282136;6;0.5601092713364715;[0.4223041019979534;0.5347709271787036;0.5938539174969735;0.7063207426777236];0.7734355813062226;0.25
3978;0.826183375767211;0.5947574669725246;6;0.4320479792042307;[0.7402665480553925;0.5088406392607061;0.9121002034790295;0.6806742946843432];0.7761122943286154;0.25
2532;0.7031201893653742;0.047210376921764885;6;0.3780833134960879;[0.6187228183743337;-0.037186994069275586;0.7875175603564147;0.13160774791280536];0.7840953935695889;0.25
8346;0.10714315867579172;0.9963339764102424;6;0.4940586746926998;[0.01866957608646551;0.9078603938209161;0.1956167412651179;1.0848075589995685];0.7743229147316794;0.25
7340;0.11181538537633884;0.7684039602254129;6;0.6085341136529323;[0.024646323485716243;0.6812348983347903;0.19898444726696143;0.8555730221160355];0.775452222315735;0.25
356;0.2886457680515444;0.5546861034737461;6;0.5150868737483196;[0.2016770622394236;0.46771739766162534;0.3756144738636652;0.6416548092858669];0.7808370476148035;0.25
6182;0.2533633298233338;0.7896949620874737;6;0.6154239287155294;[0.16379263867968574;0.7001242709438256;0.3429340209669819;0.8792656532311218];0.7784993882768856;0.25
6938;0.9091824158978692;0.8418204489760034;6;0.5584350779218916;[0.8201890866706527;0.7528271197487869;0.9981757451250857;0.9308137782032199];0.7733006579582782;0.25
1683;0.7620545070104703;0.16000067658890427;5;0.35399854774972095;[0.6731272127868972;0.07107338236533123;0.8509818012340433;0.2489279708124773];0.7777407130326726;0.25
8035;0.40788603134388424;0.794038290915425;6;0.5336952227394168;[0.32098424902163547;0.7071365085931762;0.494787813666133;0.8809400732376738];0.7772679591879036;0.25
1896;0.37691336449424007;0.554089016129326;6;0.30205761078041027;[0.29386884829943644;0.4710444999345224;0.4599578806890437;0.6371335323241297];0.7680451736550251;0.25
8107;0.3665547601078395;0.9388318237847296;6;0.5321138323401361;[0.28046180905357576;0.8527388727304659;0.45264771116210323;1.0249247748389934];0.7662816414111014;0.25
7460;0.416439249874291;0.14597374960615794;6;0.6138937248924392;[0.3269933269047985;0.05652782663666543;0.5058851728437835;0.23541967257565044];0.7795439148521608;0.25
5567;0.9463979836390756;0.9973175824214043;6;0.47725682329136715;[0.8585200594747336;0.9094396582570624;1.0342759078034174;1.0851955065857464];0.7761966937582344;0.25
1135;0.36127355814670864;0.8302016755262898;6;0.4037524352683933;[0.2722651932551592;0.7411933106347404;0.4502819230382581;0.9192100404178392];0.7730404887868619;0.25
7063;0.8241966842710288;0.5566357326684501;6;0.43115464078992405;[0.7367561982175884;0.4691952466150098;0.9116371703244691;0.6440762187218905];0.7729115250022053;0.25
627;0.05653264926188295;0.27876700242139907;6;0.46665139031224667;[-0.0363053391977597;0.18592901396175643;0.1493706377215256;0.3716049908810417];0.7736999253460686;0.25
1516;0.5911131047475878;0.6089465530507673;6;0.4722851456955537;[0.5024810097480938;0.5203144580512733;0.6797451997470818;0.6975786480502613];0.7682614724044697;0.25
7613;0.5571954460016803;0.6792096562046172;6;0.5285225720956672;[0.4714047933353495;0.5934190035382865;0.6429860986680109;0.7650003088709478];0.7777363936058496;0.25
6639;0.14520420493675923;0.5574674557564857;6;0.4333638072403432;[0.058851696063419834;0.4711149468831463;0.23155671381009862;0.643819964629825];0.778883821619561;0.25
2251;0.9514090806577504;0.1157359503379069;6;0.4553912923666979;[0.8649283614355031;0.029255231115659544;1.0378897998799979;0.20221666956015427];0.7807557332103318;0.25
6829;0.34011073503669276;0.3367226239997892;6;0.30596018161783567;[0.25441046777823995;0.2510223567413364;0.42581100229514557;0.422422891258242];0.7781194307485908;0.25
6065;0.8788790921559487;0.3964633756662035;6;0.5867736534168934;[0.7916180975035754;0.30920238101383013;0.9661400868083221;0.48372437031857685];0.7711510448384578;0.25
3225;0.5927185048837436;0.36596279189755976;6;0.3886399321565469;[0.5062172975918517;0.2794615846056679;0.6792197121756354;0.4524639991894516];0.7736728698595771;0.25
6334;0.8999644332164245;0.6515882806946591;6;0.6130275816904489;[0.8152502802952358;0.5668741277734705;0.9846785861376132;0.7363024336158478];0.7684010740039255;0.25
7541;0.506619960702015;0.3924685669007155;6;0.523557181757018;[0.4182232689490632;0.30407187514776374;0.5950166524549667;0.4808652586536673];0.7707468752633677;0.25
4494;0.26156537586867656;0.21983256851871819;6;0.3522796050865636;[0.17186714164978528;0.1301343342998269;0.35126361008756785;0.30953080273760947];0.7742850284681103;0.25
7184;0.43269356836093875;0.1647360691074482;6;0.6152272117309819;[0.34302134734204753;0.07506384808855698;0.5223657893798299;0.2544082901263394];0.7801514612125876;0.25
3073;0.4424429050761135;0.7745012201945328;6;0.5668595801283185;[0.34873890589457246;0.6807972210129918;0.5361469042576545;0.8682052193760739];0.7790140920482745;0.25
3780;0.9020033695608427;0.12714925858025944;6;0.3606489800900705;[0.8159272943574207;0.04107318337683749;0.9880794447642647;0.2132253337836814];0.7703464409247645;0.25
8148;0.44185462213332105;0.8218154277310812;6;0.7141733912350546;[0.3543476159495663;0.7343084215473265;0.5293616283170758;0.9093224339148359];0.7787066514350325;0.25
4707;0.3560624675044495;0.5448703725362404;6;0.4553115586856006;[0.2648345331230225;0.4536424381548134;0.44729040188587643;0.6360983069176673];0.7739134470449093;0.25
2863;0.47184024689317733;0.36347386194986075;6;0.5812250959824967;[0.38710564356735006;0.2787392586240335;0.5565748502190047;0.44820846527568803];0.7757846549649196;0.25
8186;0.5368656312804498;0.6495361200890006;6;0.401700671742913;[0.45129636683607466;0.5639668556446255;0.622434895724825;0.7351053845333758];0.7734502048490781;0.25
8951;0.3208240928362879;0.734919359845466;6;0.43565495775043345;[0.2359004337249065;0.6499957007340845;0.40574775194766927;0.8198430189568474];0.7805769589723035;0.25
5403;0.90360934821403;0.4150259957643232;6;0.5761352689936043;[0.8194735428243;0.3308901903745931;0.9877451536037601;0.4991618011540533];0.7724936419692212;0.25
9000;0.5479035092272468;0.30183373611350117;7;0.4396194306976954;[0.46057162801259355;0.21450185489884788;0.6352353904419001;0.38916561732815447];0.7816854141180831;0.25
9177;0.8103516903583531;0.2063221119571828;6;0.461509489719597;[0.7244073208827458;0.1203777424815756;0.8962960598339603;0.29226648143279];0.7743832957282935;0.25
1844;0.8720305066736225;0.26734033682460123;6;0.5266424254162583;[0.784243477254868;0.17955330740584674;0.959817536092377;0.3551273662433557];0.7723337558418321;0.25
2236;0.8948484780038942;0.8198172374934702;6;0.48022633197303677;[0.8067600389616747;0.7317287984512507;0.9829369170461137;0.9079056765356898];0.7743722962896138;0.25
2435;0.33969536650007315;0.13053033448889245;6;0.473653974348415;[0.2470463537805013;0.0378813217693206;0.43234437921964497;0.2231793472084643];0.7703176571519641;0.25
4988;0.9422889366421199;0.28968220034136655;7;0.4732194410973641;[0.8538962440316028;0.2012895077308495;1.0306816292526368;0.37807489295188357];0.7755530149711952;0.25
3187;0.9722867069195894;0.1959045262068923;6;0.3571649141230108;[0.8843474092895283;0.10796522857683113;1.0602260045496505;0.2838438238369535];0.7739439582520572;0.25
9886;0.8421374251249863;0.3540263214095721;6;0.5644999339720489;[0.7539306709361477;0.2658195672207335;0.930344179313825;0.44223307559841063];0.7695693318287936;0.25
5215;0.8751425352079235;0.2809575084221002;6;0.42035488169790824;[0.787885782689855;0.19370075590403169;0.962399287725992;0.36821426094016874];0.7780554184255153;0.25
5655;0.004280241377798921;0.3718418596491283;6;0.6004884154940062;[-0.08075939617167777;0.2868022220996516;0.08931987892727561;0.456881497198605];0.7807062497234863;0.25
2458;0.12102628206775934;0.29039831894483625;6;0.5409053640937836;[0.03272938994393726;0.20210142682101417;0.20932317419158142;0.37869521106865833];0.7649622254573655;0.25
5962;0.6925261513896296;0.1351048548587876;6;0.48936200275351865;[0.6074597207210097;0.05003842419016778;0.7775925820582494;0.2201712855274074];0.7725945693902162;0.25
4374;0.5382109428227622;0.5193822955678762;6;0.3252361153284782;[0.4528998143288353;0.4340711670739493;0.623522071316689;0.604693424061803];0.7759347203551226;0.25
1047;0.5034651503240439;0.5526203278314578;6;0.5614354659341417;[0.4138443378711042;0.462999515378518;0.5930859627769837;0.6422411402843975];0.7688373134152897;0.25
9451;0.22767775935885248;0.23076003417621505;6;0.2755494715852589;[0.13879022144478592;0.14187249626214848;0.31656529727291904;0.3196475720902816];0.7779387068260176;0.25
7307;0.8908225782705349;0.7721366640665344;6;0.4978772138664582;[0.8070966990503282;0.6884107848463277;0.9745484574907416;0.855862543286741];0.770119648604362;0.25
4049;0.7850029206451226;0.7644761472150817;6;0.2951158996049248;[0.6958098573825912;0.6752830839525503;0.874195983907654;0.8536692104776131];0.7647013337083808;0.25
4284;0.9065034392500102;0.49382016002640206;6;0.4336995851793348;[0.820739608151286;0.4080563289276779;0.9922672703487344;0.5795839911251263];0.77247321869947;0.25
2307;0.2743517381372367;0.1983017458016305;6;0.3998612166959764;[0.18496205278927996;0.10891206045367378;0.3637414234851934;0.28769143114958723];0.7774987217126172;0.25
868;0.9596639889771759;0.1598683824555015;6;0.42269609691578347;[0.8702562116865394;0.07046060516486512;1.0490717662678122;0.24927615974613787];0.7763427131547682;0.25
2103;0.6852285740327155;0.5868118445803248;6;0.47033599767534245;[0.5986498689988312;0.5002331395464404;0.7718072790665998;0.6733905496142091];0.7779731474028867;0.25
8810;0.6523501788297333;0.7990499531786599;6;0.2574562471053171;[0.5627679653197912;0.7094677396687178;0.7419323923396755;0.888632166688602];0.773869384538532;0.25
4863;0.7557720122592968;0.11162225716356677;6;0.3845720515308333;[0.6682677767142764;0.024118021618546356;0.8432762478043172;0.19912649270858718];0.7752797973156518;0.25
2449;0.5439780354837414;0.14098044545689903;6;0.5336023044938223;[0.4554245094529814;0.05242691942613911;0.6325315615145013;0.22953397148765894];0.7735545012217546;0.25
947;0.04031912588613307;0.5663858072439517;6;0.5012113427745534;[-0.044767241711573424;0.4812994396462452;0.12540549348383956;0.6514721748416582];0.7669118670491537;0.25
4770;0.5139208217394986;0.2691138019772135;6;0.5982619006622029;[0.42666497477371523;0.18185795501143012;0.601176668705282;0.35636964894299694];0.7775606908535461;0.25
4896;0.25305257808973614;0.2100354185651283;6;0.62752221300168;[0.16471786518763537;0.12170070566302753;0.3413872909918369;0.29837013146722907];0.7721567018491602;0.25
8228;0.36201643255078886;0.41764430944497927;6;0.41018996312381045;[0.2720025656294298;0.32763044252362017;0.4520302994721479;0.5076581763663384];0.7726579427274776;0.25
5484;0.2692678093979689;0.40262421192330605;6;0.4929981287650487;[0.1802689439102712;0.31362534643560835;0.3582666748856666;0.49162307741100375];0.7725621853083366;0.25
5619;0.7001699480748402;0.2176965177556729;6;0.4495701523783996;[0.6138279986225363;0.13135456830336906;0.7865118975271441;0.3040384672079767];0.7767557743172547;0.25
786;0.5478983680950751;0.1196037823607764;6;0.41137351343381906;[0.4638020097200697;0.03550742398577103;0.6319947264700805;0.20370014073578177];0.774577667974691;0.25
8621;0.6978366379558789;0.41674436161712924;6;0.5087372556616964;[0.6135326790367619;0.3324404026980122;0.7821405968749959;0.5010483205362463];0.7741231262970623;0.25
4320;0.9149274731252558;0.7242622076104532;6;0.4390877431492485;[0.8305945662772852;0.6399293007624827;0.9992603799732264;0.8085951144584238];0.7739539017616427;0.25
9775;0.5271400290048712;0.8154788503361114;6;0.42991468257611315;[0.4416417117550851;0.7299805330863253;0.6126383462546574;0.9009771675858976];0.7780646278946007;0.25
8429;0.8894829789138184;0.39173679737844713;6;0.5694130201584895;[0.799146227157078;0.30140004562170664;0.9798197306705589;0.48207354913518763];0.7778706880630669;0.25
5306;0.2019219940651803;0.20478654796038043;6;0.4721721167995203;[0.11416440008768908;0.1170289539828892;0.2896795880426715;0.29254414193787165];0.7776331368121706;0.25
3610;0.6805257901606805;0.870516490418744;6;0.32804242194888233;[0.5903011260621674;0.780291826320231;0.7707504542591935;0.9607411545172571];0.7818208912209279;0.25
1988;0.7233612616393842;0.5797001225582001;6;0.35363565655178986;[0.6352370494417386;0.4915759103605546;0.8114854738370297;0.6678243347558457];0.7730849584211075;0.25
9140;0.4623873583430966;0.4779542480287197;6;0.7680256717991448;[0.3752142775076431;0.3907811671932662;0.54956043917855;0.5651273288641732];0.7713333506961011;0.25
3708;0.9148741836271369;0.2991831484402432;6;0.397842578930077;[0.8280854067098067;0.2123943715229129;1.0016629605444671;0.38597192535757346];0.7695082834059788;0.25
1867;0.6075980091190767;0.3520841386066159;6;0.43582127345772814;[0.5169327186089382;0.2614188480964774;0.6982632996292152;0.4427494291167544];0.7725639932318589;0.25
6398;0.9947557639052472;0.29147938488355657;7;0.44550206053943875;[0.9091446559611277;0.20586827693943707;1.0803668718493666;0.37709049282767604];0.7788504437564415;0.25
2726;0.364988681238875;0.8453186819086358;6;0.28724373275919557;[0.28122557221685474;0.7615555728866156;0.4487517902608953;0.929081790930656];0.7752230563654438;0.25
9176;0.9562925533196953;0.3551290150533657;6;0.44905124609714264;[0.8669596813526863;0.2657961430863567;1.0456254252867043;0.4444618870203747];0.7786396783794765;0.25
5022;0.9620826981579838;0.691573560630755;7;0.5351859336760242;[0.8742643804018976;0.6037552428746689;1.0499010159140698;0.7793918783868412];0.7833500950359987;0.25
4536;0.3116740589272985;0.8857320351192042;6;0.40494912351119894;[0.21976772404415743;0.7938257002360631;0.40358039381043953;0.9776383700023452];0.7794356444913901;0.25
2383;0.38273996175094377;0.7745006442536596;6;0.39516922113131214;[0.29547102461418506;0.6872317071169008;0.4700088988877025;0.8617695813904184];0.7627872696899684;0.25
7693;0.8403478266677842;0.6597782156560392;6;0.3783326109032285;[0.7542700394425736;0.5737004284308287;0.9264256138929947;0.7458560028812498];0.7790480873084867;0.25
7043;0.7157462925390776;0.9835329328480551;6;0.5491030616165491;[0.6281014918860798;0.8958881321950573;0.8033910931920755;1.0711777335010528];0.7715084689411297;0.25
4958;0.469941151077539;0.6483790168814613;5;0.3824060262282333;[0.3784885408490857;0.556926406653008;0.5613937613059923;0.7398316271099146];0.7716791748274443;0.25
9001;0.8728528767412181;0.39680746961910435;7;0.3466147852595226;[0.7866909929166144;0.3106455857945005;0.9590147605658219;0.48296935344370817];0.7731569981178897;0.25
5309;0.9979040516132148;0.7836883999456901;6;0.4228682686175811;[0.9083070316996763;0.6940913800321515;1.0875010715267535;0.8732854198592286];0.7724925302040088;0.25
2042;0.9571259310263566;0.5435416530066266;6;0.3067000856780139;[0.8723323903832025;0.45874811236347257;1.0419194716695106;0.6283351936497806];0.7727376031676713;0.25
8578;0.3135998176877146;0.3722289776103873;6;0.4394665143146665;[0.22267671717349474;0.28130587709616744;0.4045229182019345;0.4631520781246072];0.7728632376093415;0.25
3913;0.9833421179879491;0.4008724589353123;6;0.3233227135742883;[0.8991658428707057;0.3166961838180688;1.0675183931051926;0.48504873405255583];0.7759378014251428;0.25
64;0.025516772613108807;0.32503001716892305;6;0.41087524608490356;[-0.06228362471555657;0.23722961984025767;0.11331716994177418;0.4128304144975884];0.7797617669585979;0.25
9376;0.557270064069825;0.009897763581577235;6;0.26698990657101285;[0.47095495163157297;-0.07641734885667482;0.6435851765080771;0.0962128760198293];0.7841345170104257;0.25
8963;0.9407971708529106;0.45387299937124526;6;0.4069539778083712;[0.8547525791242356;0.3678284076425703;1.0268417625815855;0.5399175910999202];0.7755941590665726;0.25
2570;0.45522246832265983;0.14713013821021914;6;0.6736456740794625;[0.3686001023864458;0.0605077722740051;0.5418448342588739;0.23375250414643317];0.7774025456913911;0.25
8262;0.5188500885256638;0.09296971055355857;6;0.6344089243248686;[0.42761107118230846;0.0017306932102031658;0.6100891058690192;0.18420872789691398];0.7698104094148841;0.25
8244;0.42083786049194055;0.05151195056294705;6;0.6570351187308339;[0.33237461475511865;-0.036951295173874854;0.5093011062287625;0.13997519629976896];0.7792478050878937;0.25
1557;0.28103267668091014;0.2914667040260329;7;0.6209798114058073;[0.19141247738031578;0.20184650472543855;0.37065287598150454;0.3810869033266273];0.7641929934618843;0.25
9735;0.5832082776098335;0.28680408200888385;7;0.5119154051999705;[0.4960431116955697;0.19963891609462;0.6703734435240973;0.3739692479231477];0.7769409222137869;0.25
6872;0.694487430489043;0.24872069672244201;6;0.470101454044775;[0.6043705357623257;0.15860380199572466;0.7846043252157604;0.33883759144915937];0.7804321876307195;0.25
4771;0.8883774800630753;0.7179115168704256;6;0.5360236237115844;[0.8028498806291131;0.6323839174364635;0.9739050794970374;0.8034391163043878];0.7740530621133258;0.25
4039;0.9974869595006726;0.6903064383983927;6;0.5604436408345427;[0.9100060742640901;0.6028255531618103;1.084967844737255;0.777787323634975];0.7748455665580325;0.25
9244;0.8706937248793546;0.05877543861188572;6;0.4702416734062428;[0.7814972617612456;-0.030421024506223304;0.9598901879974636;0.14797190172999475];0.770899422105012;0.25
4520;0.7397244891426792;0.5956305409948299;6;0.47694866149816706;[0.6487863244440693;0.50469237629622;0.8306626538412891;0.6865687056934399];0.7789942575342196;0.25
2658;0.8311844213728616;0.3813891799313346;6;0.5270332884626021;[0.7451437498992837;0.2953485084577566;0.9172250928464396;0.46742985140491256];0.7755223158548153;0.25
9493;0.7823394360388037;0.9760892575342639;6;0.5166841370281451;[0.6930785951549872;0.8868284166504473;0.8716002769226203;1.0653500984180804];0.7687150222187789;0.25
289;0.4841084718674535;0.13987936211285334;5;0.469485571218056;[0.3998830445039927;0.05565393474939259;0.5683338992309143;0.2241047894763141];0.7798204350471404;0.25
5935;0.6158280886620924;0.07992642069299433;6;0.46094805410417056;[0.5254942432456465;-0.010407424723451478;0.7061619340785382;0.17026026610944012];0.7784754300177256;0.25
8245;0.9999136860653254;0.8228998947209973;6;0.34387935737942166;[0.9109385433848599;0.7339247520405319;1.088888828745791;0.9118750374014628];0.768272892529432;0.25
9444;0.40539930784177963;0.8543207339901062;6;0.5411844309915349;[0.3221567704862397;0.7710781966345663;0.48864184519731957;0.9375632713456461];0.7699601405485059;0.25
6801;0.07994157705818761;0.11451920892948114;6;0.4677328463288338;[-0.008091919344593843;0.026485712526699692;0.16797507346096907;0.2025527053322626];0.7708544400259247;0.25
7130;0.4947539366466564;0.5756455222726431;6;0.5315717493185458;[0.41038168548795106;0.49127327111393776;0.5791261878053617;0.6600177734313484];0.7735497112575489;0.25
7658;0.8720337649248457;0.6949715774012041;6;0.33646185788510785;[0.7854536095257999;0.6083914220021582;0.9586139203238916;0.7815517328002499];0.7761846902547123;0.25
5062;0.5405238683418142;0.2624302112163765;6;0.4493659233524972;[0.45783654821285;0.17974289108741234;0.6232111884707784;0.3451175313453406];0.7677213105378474;0.25
7534;0.8829262190177947;0.520404188590554;6;0.585925979720558;[0.7990981817229031;0.4365761512956625;0.9667542563126862;0.6042322258854456];0.7767774284265904;0.25
4739;0.7995064778689082;0.2075741572407419;7;0.43289409856028255;[0.7093240043211491;0.11739168369298279;0.8896889514166673;0.297756630788501];0.7720793673030839;0.25
5234;0.741527214186327;0.4830573774479486;6;0.4278583746042117;[0.6551599240332334;0.39669008729485494;0.8278945043394207;0.5694246676010422];0.7778410557459335;0.25
6165;0.74001125249669;0.4606272570355737;6;0.4746920748564561;[0.653568247697695;0.3741842522365787;0.826454257295685;0.5470702618345687];0.7756101220885345;0.25
3422;0.8301959478554549;0.1526823127060407;6;0.5709172336754208;[0.7454340463114938;0.0679204111620796;0.914957849399416;0.23744421425000184];0.7774226093061682;0.25
3199;0.232702340945392;0.6245088105205248;6;0.5711624664028665;[0.14814458682400022;0.539951056399133;0.31726009506678376;0.7090665646419165];0.7802593376306503;0.25
7657;0.14834113301370938;0.027293078905910817;6;0.4943043659645425;[0.05582266316075474;-0.06522539094704383;0.24085960286666402;0.11981154875886546];0.7706604096349804;0.25
3349;0.4453088217124044;0.4576614870475905;6;0.4720475459442037;[0.3549099559699272;0.36726262130511333;0.5357076874548816;0.5480603527900677];0.7782978491756165;0.25
7575;0.6729299071035917;0.14374393096931137;6;0.33398322037838074;[0.5836696533622516;0.054483677227971344;0.7621901608449317;0.2330041847106514];0.7761906139298094;0.25
5813;0.8377486771383637;0.38607341300441533;6;0.5489718970555129;[0.7463718680833068;0.2946966039493585;0.9291254861934205;0.4774502220594722];0.7752120627093241;0.25
2696;0.7111170252734189;0.05214186219210937;6;0.5300321280405202;[0.6186209610222392;-0.040354202059070324;0.8036130895245986;0.14463792644328904];0.7739503359102538;0.25
6832;0.7826891268531584;0.5198474611268661;6;0.48518081197996527;[0.6925198739987977;0.42967820827250536;0.8728583797075191;0.6100167139812268];0.7794096871838344;0.25
4476;0.5394144874446359;0.3363114979656152;6;0.48488482785136516;[0.4548562589932907;0.25175326951426996;0.6239727158959811;0.42086972641696047];0.7705784147926882;0.25
2049;0.14891621659772558;0.19624721001645729;6;0.7245154255492342;[0.0635933042002186;0.1109242976189503;0.23423912899523258;0.2815701224139643];0.782192010407209;0.25
7994;0.5398019631878685;0.3230230314965602;6;0.4685893207985215;[0.452201589716821;0.23542265802551268;0.6274023366589161;0.41062340496760774];0.7863412408263278;0.25
8702;0.7155860065544166;0.3755232404241113;6;0.44642531306947586;[0.6270740645833524;0.28701129845304696;0.8040979485254809;0.4640351823951756];0.7698326729460102;0.25
3548;0.7804013794084977;0.8760759616873326;6;0.5620791116141334;[0.6951490481732109;0.7908236304520457;0.8656537106437846;0.9613282929226195];0.7788026453698026;0.25
7021;0.3789492372491713;0.6449977624870127;6;0.46818849401047025;[0.2925077652790139;0.5585562905168553;0.4653907092193287;0.7314392344571701];0.7720966788330624;0.25
5794;0.6657083716626468;0.07741099791752193;5;0.4788303708219471;[0.5754400636689783;-0.01285731007614671;0.7559766796563154;0.16767930591119057];0.7769624841686075;0.25
7055;0.9424040771787112;0.32658969420663586;6;0.5018949818275004;[0.8548428090351163;0.23902842606304095;1.029965345322306;0.41415096235023074];0.7732622456769395;0.25
2806;0.7769955497984016;0.3394187724188909;6;0.468682746429363;[0.6907020598899097;0.253125282510399;0.8632890397068934;0.4257122623273828];0.7781843808960754;0.25
2497;0.025283775343373782;0.8642817784261522;6;0.5093310863962615;[-0.058888142191981366;0.780109860890797;0.10945569287872893;0.9484536959615073];0.7733733660618838;0.25
5796;0.7558141625209598;0.8726614883414;6;0.5193183927904208;[0.6718726139069415;0.7887199397273817;0.839755711134978;0.9566030369554183];0.7693379498909374;0.25
249;0.20896559324927122;0.3215512688438923;7;0.5642121660815247;[0.11917684843723435;0.23176252403185543;0.2987543380613081;0.41134001365592915];0.7771243030816107;0.25
809;0.7532596099275577;0.05352959470472052;6;0.5665077902769616;[0.6665872679759431;-0.033142747246894005;0.8399319518791722;0.14020193665633504];0.7720098999167144;0.25
7209;0.49683075529325493;0.6356603148444343;6;0.6129677960239063;[0.4122900155991377;0.5511195751503171;0.5813714949873722;0.7202010545385515];0.7791847837944444;0.25
8452;0.9371156592708012;0.41375795523659437;6;0.5277506060254886;[0.8477886926265591;0.32443098859235225;1.0264426259150434;0.5030849218808365];0.773019008985059;0.25
9393;0.9706578850323153;0.32685476279581227;6;0.5232505110215958;[0.8818629294110518;0.23805980717454875;1.0594528406535788;0.41564971841707576];0.770569682694559;0.25
8583;0.47803402540057294;0.5480383583769819;6;0.43239516113856696;[0.38518133507220903;0.455185668048618;0.5708867157289368;0.6408910487053459];0.7688786963017064;0.25
9279;0.8325288474700037;0.09992602942980033;5;0.3148535155993297;[0.7453880326465467;0.012785214606343437;0.9196696622934606;0.18706684425325723];0.7756556045252364;0.25
5926;0.9028526409794697;0.4865514540589257;6;0.5070567043753565;[0.8223172492399483;0.40601606231940435;0.9833880327189911;0.567086845798447];0.7795276362057104;0.25
6073;0.07662858454428079;0.7404180215908998;6;0.5095720565228447;[-0.012340729866378367;0.6514487071802406;0.16559789895493993;0.8293873360015589];0.7791942810787428;0.25
227;0.3990297058881451;0.6394749844120865;7;0.31223394464258025;[0.3077597673766055;0.5482050459005469;0.49029964439968476;0.7307449229236261];0.7661700812870442;0.25
7294;0.4945957359545983;0.8206436542915775;6;0.42448095581599987;[0.407964596787523;0.7340125151245022;0.5812268751216736;0.9072747934586528];0.7683580829565992;0.25
5137;0.7507560166809683;0.29944462683503803;6;0.6699586745473097;[0.6611175275688671;0.20980613772293685;0.8403945057930694;0.3890831159471392];0.7825930419582874;0.25
9415;0.6998686977499824;0.0012925858349175368;6;0.5918752501024381;[0.6079034761393401;-0.09067263577572471;0.7918339193606246;0.09325780744555978];0.7660866036141754;0.25
6074;0.8454940687285617;0.8916947102130972;6;0.4249989572569203;[0.7582945687504675;0.804495210235003;0.9326935687066559;0.9788942101911914];0.7643311559176698;0.25
3389;0.5148808618152725;0.43038261725935467;6;0.5999765633858631;[0.42481532486300666;0.34031708030708885;0.6049463987675383;0.5204481542116205];0.7834481233947395;0.25
7814;0.1390096710109348;0.33926742323437553;6;0.3940238036898034;[0.05193180979879854;0.25218956202223924;0.2260875322230711;0.4263452844465118];0.7667995645602019;0.25
5091;0.8082474014964782;0.5759844810499274;5;0.5720471040664639;[0.7234555584934417;0.49119263804689084;0.8930392444995148;0.6607763240529639];0.7769851583934573;0.25
1511;0.6871277668285167;0.4382251767703259;6;0.27366758038843897;[0.5999809767886888;0.35107838673049796;0.7742745568683447;0.5253719668101539];0.770802547556826;0.25
5040;0.44828913840145945;0.32446805014910224;6;0.44283808983350104;[0.3641545765645462;0.24033348831218898;0.5324237002383727;0.4086026119860155];0.7682212340810806;0.25
3776;0.17618086648788;0.6512935388453983;6;0.6360323387448212;[0.08659282272387699;0.5617054950813953;0.26576891025188304;0.7408815826094013];0.7714127955261567;0.25
7619;0.523550179061593;0.6199651353634038;6;0.4727838926475059;[0.43342075556913134;0.5298357118709422;0.6136796025540545;0.7100945588558654];0.770729596163465;0.25
6814;0.4399559653210673;0.5583925154448174;7;0.5448540151958877;[0.35159639947776167;0.47003294960151176;0.5283155311643729;0.646752081288123];0.7866457798896852;0.25
9575;0.46433796286578444;0.26554237848077983;6;0.44987750321136794;[0.37787959840989094;0.17908401402488633;0.5507963273216779;0.3520007429366733];0.7740228347640556;0.25
8990;0.6730163553675742;0.6238898679191129;6;0.4056560931790115;[0.5841833959726807;0.5350569085242194;0.7618493147624678;0.7127228273140065];0.7742418854822243;0.25
4535;0.2252745653458868;0.5053425794129464;6;0.23892313528754477;[0.14093922413472226;0.4210072382017818;0.30960990655705134;0.589677920624111];0.7782556183284326;0.25
1137;0.9613732506044425;0.6023236501898009;6;0.46733209225116956;[0.8786824875995626;0.5196328871849211;1.0440640136093224;0.6850144131946808];0.7802350069840408;0.25
6125;0.3591993005353603;0.8769500608922746;6;0.33125231866931515;[0.2726101518022054;0.7903609121591196;0.44578844926851524;0.9635392096254295];0.7688494914727295;0.25
3349;0.2908626853881501;0.5333225948776823;6;0.4720475459442037;[0.2025690104997632;0.4450289199892954;0.379156360276537;0.6216162697660692];0.7782978491756165;0.25
8538;0.1011465942175036;0.8967258136566106;6;0.5139058243701448;[0.018965498390676377;0.8145447178297834;0.18332769004433083;0.9789069094834378];0.7765299472953056;0.25
9288;0.11663251667959595;0.2596653772336254;6;0.5852909210524118;[0.03295855581849429;0.17599141637252375;0.20030647754069764;0.3433393380947271];0.7764488850887481;0.25
2176;0.3100724138959777;0.48513841309927075;6;0.3506624934021837;[0.22501456885069981;0.40008056805399284;0.39513025894125564;0.5701962581445487];0.7656340579324;0.25
18;0.9386454579296944;0.5757896284524213;6;0.35733065616125803;[0.847012383346385;0.4841565538691118;1.030278532513004;0.6674227030357308];0.7761517939253062;0.25
6836;0.3207318654304645;0.7470303213906827;6;0.576046454556609;[0.23060243060712715;0.6569008865673454;0.41086130025380185;0.8371597562140201];0.7779352353382748;0.25
4947;0.7428806857436221;0.45644729510712845;6;0.458574646872159;[0.6573820081434373;0.37094861750694363;0.8283793633438069;0.5419459727073133];0.7714766689755786;0.25
9966;0.1524582952866022;0.9935570606978067;7;0.29952254324840966;[0.05833845862297085;0.8994372240341754;0.24657813195023356;1.0876768973614381];0.7924342960875734;0.25
1648;0.6248866059667488;0.9926363834394036;6;0.49561677734757426;[0.532980065805529;0.9007298432781838;0.7167931461279686;1.0845429236006234];0.7797431466118794;0.25
8608;0.191802943370869;0.8387671747719876;5;0.5308503204986001;[0.1036016074914302;0.7505658388925488;0.2800042792503078;0.9269685106514264];0.7686850654923078;0.25
6937;0.6724649542955321;0.5566425341173126;6;0.5187778514382183;[0.5809764936313586;0.46515407345313914;0.7639534149597056;0.648130994781486];0.773147035317719;0.25
8707;0.8451297699755477;0.6252667372623274;6;0.6051904832583852;[0.759275639821547;0.5394126071083267;0.9309839001295483;0.7111208674163281];0.775671551668299;0.25
3845;0.44382608900748155;0.6967310079756226;6;0.5170862528336958;[0.3547717378112231;0.6076766567793641;0.53288044020374;0.7857853591718811];0.7797896906272382;0.25
3556;0.05624406922652736;0.7514393361081608;6;0.4709140475092416;[-0.030380135554168214;0.6648151313274653;0.14286827400722293;0.8380635408888564];0.7793196731226572;0.25
6237;0.16896724390445744;0.05243796576918158;6;0.4854627490060018;[0.07978295505705063;-0.03674632307822523;0.25815153275186425;0.1416222546165884];0.775695338801182;0.25
2909;0.051875301654862094;0.008850616573305548;6;0.506796771627255;[-0.030029050486462483;-0.07305373556801903;0.13377965379618667;0.09075496871463012];0.7709134957590028;0.25
1663;0.8958142960552244;0.8882604520956005;6;0.5718559131743206;[0.8073700087062231;0.7998161647465991;0.9842585834042258;0.9767047394446018];0.7688788571858102;0.25
9365;0.713504342248613;0.5096220429394568;6;0.329346479219234;[0.6282458497045185;0.42436355039536217;0.7987628347927076;0.5948805354835514];0.7709003200544574;0.25
4954;0.32104742349334475;0.2645391238243476;7;0.457728698114363;[0.23644185367368736;0.1799335540046902;0.40565299331300214;0.34914469364400497];0.7725531501743363;0.25
5923;0.41081388265812147;0.5596405713379501;6;0.3306995130211643;[0.3200226165145854;0.46884930519441403;0.5016051488016575;0.6504318374814861];0.773194897948573;0.25
4390;0.9506190571645486;0.8053164898456988;6;0.4815246776621724;[0.8596910075532869;0.714388440234437;1.0415471067758104;0.8962445394569606];0.7656366252331513;0.25
1378;0.22618521456446505;0.3693950562604683;6;0.5881971079622296;[0.14093286458532173;0.284142706281325;0.3114375645436084;0.45464740623961164];0.768824653493396;0.25
7031;0.1424377298278392;0.7194057387266344;6;0.6911335127749372;[0.054339608533610376;0.6313076174324056;0.23053585112206804;0.8075038600208632];0.7676198826529085;0.25
5718;0.12005046222125326;0.6723087756951902;6;0.575450125914815;[0.030520221934682318;0.5827785354086192;0.2095807025078242;0.7618390159817612];0.775699946067784;0.25
5165;0.7279512844765531;0.5931513535445767;6;0.35745994010648097;[0.6442066471635276;0.5094067162315512;0.8116959217895786;0.6768959908576022];0.7746877746002208;0.25
7964;0.8969007927344752;0.5656962018514883;6;0.5528760937793052;[0.8080043867234032;0.4767997958404163;0.9857971987455472;0.6545926078625602];0.7690133279536876;0.25
8482;0.27152950252144414;0.41199914994198517;6;0.49466059380897903;[0.18274985455738746;0.3232195019779285;0.36030915048550083;0.5007787979060419];0.7749487242998349;0.25
5060;0.33271522300985507;0.6376580276395856;6;0.3874853790410289;[0.24254091318236287;0.5474837178120934;0.42288953283734726;0.7278323374670778];0.781293057784499;0.25
661;0.09217977386564302;0.8267916138401756;6;0.5442493203646026;[0.007851188333171222;0.7424630283077038;0.17650835939811482;0.9111201993726474];0.7776703014081825;0.25
8940;0.35515317113022216;0.06806021242785187;6;0.7557521020287723;[0.2663068562838642;-0.020786102418506064;0.4439994859765801;0.1569065272742098];0.7798885521628433;0.25
6618;0.6363361889007494;0.6285644754668396;6;0.5118234950032794;[0.5480532133703612;0.5402814999364514;0.7246191644311376;0.7168474509972278];0.7778573090366621;0.25
6714;0.5227964239048232;0.17542166078882476;6;0.37587683407621914;[0.4353800520969688;0.08800528898097038;0.6102127957126775;0.26283803259667915];0.7769490908680352;0.25
9229;0.7054862009266286;0.9053241962835832;6;0.6270731391458246;[0.6184382279854771;0.8182762233424317;0.7925341738677801;0.9923721692247347];0.7712723675076671;0.25
8317;0.8723601549567137;0.3668112435157449;7;0.6270974351918455;[0.7857061857640538;0.280157274323085;0.9590141241493736;0.4534652127084048];0.7750935958477218;0.25
5256;0.7799282198350219;0.8463856761891746;6;0.4777348335584849;[0.6910574545858987;0.7575149109400514;0.8687989850841451;0.9352564414382978];0.7741394490008566;0.25
6966;0.5457309248179454;0.3195309851799064;6;0.486176808180893;[0.45682880259410025;0.23062886295606128;0.6346330470417905;0.40843310740375155];0.7849793510184823;0.25
6950;0.695974256694008;0.0325330452289091;7;0.4929031276148931;[0.6052327638637646;-0.058208447601334395;0.7867157495242515;0.12327453805915259];0.7794159957818876;0.25
3470;0.648590715609567;0.378151510931076;6;0.5153994672241718;[0.5578541111677288;0.28741490648923773;0.7393273200514053;0.4688881153729143];0.7740526291265747;0.25
7512;0.23682788266042204;0.7024335632528282;6;0.5674130114616697;[0.15298745752614118;0.6185931381185473;0.3206683077947029;0.7862739883871092];0.7757678739560575;0.25
8287;0.7640388926384765;0.9349715973890373;7;0.631443571244161;[0.6778474598160283;0.8487801645665892;0.8502303254609246;1.0211630302114856];0.7790325122849914;0.25
5070;0.5696827500683187;0.7947460868464058;6;0.5781657501334584;[0.4848961152721274;0.7099594520502145;0.65446938486451;0.8795327216425971];0.7708391650806936;0.25
8909;0.5978045222668691;0.3514863570121231;6;0.36089868923553414;[0.5100262503096812;0.2637080850549352;0.685582794224057;0.439264628969311];0.7767660818216029;0.25
4942;0.28824803678674094;0.862613022798213;6;0.582010277050799;[0.2029034891838723;0.7772684751953444;0.37359258438960957;0.9479575704010815];0.7758854975005693;0.25
6111;0.1974173976877271;0.795388948677614;6;0.40180557832451297;[0.109010238573301;0.7069817895631879;0.2858245568021532;0.8837961077920401];0.7701747695504116;0.25
9330;0.7777036046308041;0.810062381568764;6;0.6837966083010255;[0.6894384462257148;0.7217972231636747;0.8659687630358934;0.8983275399738533];0.77128817185836;0.25
5185;0.5612380434302056;0.25893660248802913;6;0.3988672069469186;[0.47142896753846836;0.16912752659629193;0.6510471193219427;0.34874567837976633];0.7834394968742876;0.25
1745;0.5738024458239349;0.9510121495525548;6;0.3848963348512304;[0.48036226004669297;0.8575719637753128;0.6672426316011769;1.0444523353297968];0.7793874968641821;0.25
920;0.7769810670312001;0.6008698358544368;6;0.35312289588717205;[0.6875844236980216;0.5114731925212583;0.8663777103643785;0.6902664791876152];0.7879443872630936;0.25
6813;0.41882039794261705;0.6137204920828048;6;0.4140761212381878;[0.3346719087949557;0.5295720029351434;0.5029688870902784;0.6978689812304661];0.7745612847015519;0.25
181;0.224909827279007;0.5024440201879232;6;0.40331971193516286;[0.1380131281478191;0.4155473210567353;0.3118065264101949;0.5893407193191111];0.7788750826236667;0.25
9725;0.2798470295634171;0.33898151531706966;6;0.4489058921735243;[0.19617441690055581;0.25530890265420836;0.3635196422262784;0.42265412797993096];0.7742950072519994;0.25
3132;0.21252486581533586;0.6519826201003862;6;0.38605196830316957;[0.12619791210723147;0.5656556663922818;0.29885181952344025;0.7383095738084906];0.769573580074399;0.25
8662;0.2919215581994547;0.9549062549586662;6;0.48833370894890993;[0.20565915985295755;0.868643856612169;0.3781839565459518;1.0411686533051634];0.7817862323432738;0.25
7294;0.6965254215599785;0.5490927722435028;6;0.42448095581599987;[0.6121654606766012;0.4647328113601254;0.7808853824433559;0.6334527331268802];0.7683580829565992;0.25
3883;0.8296749491387612;0.11882426203843077;6;0.45369202412247406;[0.7398537445240262;0.0290030574236958;0.9194961537534961;0.20864546665316575];0.768285173936113;0.25
284;0.5696685474716388;0.38037024805195907;6;0.3764910738193701;[0.48484023735482285;0.29554193793514316;0.6544968575884547;0.465198558168775];0.7752920725536241;0.25
