3493;0.11939851479719865;0.1735668802017602;6;0.5179767366817353;[0.029404158552755313;0.08357252395731686;0.209392871041642;0.26356123644620355];0.7769102655816017;0.25
4930;0.8166403913497111;0.878070203527603;6;0.5532719541168778;[0.729077898410085;0.7905077105879768;0.9042028842893373;0.9656326964672293];0.7610754163542119;0.25
6877;0.78522701728028;0.5269805227016489;6;0.35395142228976784;[0.6972121398696101;0.438965645290979;0.8732418946909499;0.6149954001123188];0.7706335645988144;0.25
5666;0.43179683342874087;0.8965829722672342;6;0.48785516627896913;[0.344330752074771;0.8091168909132643;0.5192629147827107;0.984049053621204];0.7695857443340439;0.25
7731;0.051458096802280306;0.28902618632079313;6;0.4829673613474524;[-0.03806502864590415;0.19950306087260866;0.14098122225046478;0.3785493117689776];0.7762880706370157;0.25
5739;0.6043664713606836;0.49223654018117224;5;0.3385936008071938;[0.5145238736780574;0.4023939424985461;0.6942090690433097;0.5820791378637984];0.7802608927852066;0.25
5832;0.5424453354912828;0.9449812195069099;6;0.6282292102545189;[0.4580670210327196;0.8606029050483467;0.6268236499498461;1.029359533965473];0.7709665761268047;0.25
6812;0.6478324142085636;0.5191252530261063;6;0.5465971950561705;[0.5589138209221742;0.430206659739717;0.736751007494953;0.6080438463124958];0.7749694164893944;0.25
5665;0.08942646998501136;0.4997354614017787;6;0.3249041316747421;[0.0031933985612712656;0.4135023899780386;0.17565954140875145;0.5859685328255189];0.7739988128993801;0.25
1066;0.9573383088169268;0.644799309981058;6;0.4618988433646808;[0.8675145243686676;0.5549755255327988;1.047162093265186;0.7346230944293173];0.7785404280771296;0.25
5163;0.38461594899375984;0.429842867493458;6;0.5026108970999771;[0.29423999081680535;0.33946690931650353;0.4749919071707143;0.5202188256704126];0.7738493198646513;0.25
133;0.3874417314014339;0.8306698839036811;6;0.43028049529203105;[0.3009513230950358;0.744179475597283;0.473932139707832;0.9171602922100792];0.7827957759983779;0.25
2573;0.38108194811634843;0.8715865228908207;6;0.49136537175757455;[0.29432304843041;0.7848276232048823;0.46784084780228685;0.9583454225767591];0.7800849701723485;0.25
4171;0.8666592402052229;0.5429544498293565;6;0.45375542607477637;[0.7794576038485725;0.4557528134727061;0.9538608765618732;0.6301560861860069];0.7740444881074326;0.25
1841;0.292781131685936;0.32668510998832534;6;0.39519339619765104;[0.2085381451195755;0.24244212342196483;0.37702411825229654;0.4109280965546859];0.7723286171356983;0.25
9935;0.15141968851237986;0.9157079513249609;6;0.6531591353458523;[0.06211670105464501;0.826404963867226;0.2407226759701147;1.0050109387826958];0.7808388044723739;0.25
4425;0.709518653969577;0.29010620725781977;7;0.4577952505574588;[0.6223045680314446;0.20289212131968737;0.7967327399077094;0.37732029319595217];0.7647464916001231;0.25
2028;0.6633434121052881;0.5583643193305181;6;0.460323719297825;[0.5697655355651798;0.4647864427904098;0.7569212886453964;0.6519421958706264];0.7786553481353765;0.25
6512;0.4519179312083785;0.11988032748065314;6;0.6681291499205515;[0.3623163511473719;0.030278747419646534;0.5415195112693851;0.20948190754165974];0.7643402975457416;0.25
1687;0.9978238602854825;0.8153851610480132;6;0.5390367048542491;[0.9081679686093903;0.725729269371921;1.0874797519615749;0.9050410527241054];0.777521644426613;0.25
5322;0.37570994673414243;0.2715619643796255;6;0.4084938369253379;[0.2853880785447685;0.18124009619025155;0.46603181492351636;0.3618838325689994];0.7865122105470749;0.25
9899;0.41235298291426337;0.12469644433936766;6;0.3812023462400838;[0.32617606241075864;0.03851952383586292;0.4985299034177681;0.2108733648428724];0.7715764610058078;0.25
9834;0.1612103594825094;0.7442104563989935;6;0.6073218837573293;[0.07409615507415229;0.6570962519906365;0.2483245638908665;0.8313246608073506];0.7790357563672754;0.25
3849;0.45981472370994736;0.7587098565974539;6;0.33707957677606026;[0.376474067485157;0.6753692003726636;0.5431553799347377;0.8420505128222443];0.7681665192984243;0.25
6252;0.6731003639809354;0.9091757413439417;6;0.3055804213197074;[0.5912997411533673;0.8273751185163736;0.7549009868085036;0.9909763641715099];0.7812059221444109;0.25
3566;0.6817941773335608;0.45039319327780847;6;0.41248229052398344;[0.5946190891049298;0.3632181050491774;0.7689692655621919;0.5375682815064395];0.7806790768497854;0.25
9955;0.9020267706085028;0.6444246082107893;6;0.388378311910647;[0.8195078264063866;0.5619056640086731;0.9845457148106189;0.7269435524129054];0.7674494464729541;0.25
4937;0.2418887091644628;0.7146211132685083;6;0.5183315931594888;[0.15723990187632766;0.6299723059803731;0.326537516452598;0.7992699205566435];0.7792974753007398;0.25
7380;0.5125003340078306;0.47177869677554773;6;0.6286833578501311;[0.424133116489716;0.3834114792574332;0.6008675515259452;0.5601459142936623];0.7814733020205661;0.25
4436;0.5719542447403486;0.4719544421029776;6;0.5662425442017289;[0.48858451385885326;0.38858471122148225;0.655323975621844;0.5553241729844729];0.7758011850251767;0.25
2253;0.22924555595829227;0.3320047649067873;6;0.6927561008854591;[0.1433294018956175;0.24608861084411254;0.31516171002096705;0.4179209189694621];0.7669354970842435;0.25
3937;0.6672322111125256;0.7644615607101181;6;0.4968914706820787;[0.5786833228120193;0.6759126724096117;0.755781099413032;0.8530104490106244];0.7805718730197784;0.25
801;0.5566189455533119;0.4991234086200885;6;0.46388144772761364;[0.47350734330367394;0.41601180637045054;0.6397305478029499;0.5822350108697265];0.7702416922348297;0.25
373;0.7267021489178331;0.945501486097964;6;0.588127862389028;[0.6333143148739523;0.8521136520540832;0.820089982961714;1.0388893201418448];0.7746989774853084;0.25
898;0.5909886673872506;0.38629276807398866;6;0.6410467379723582;[0.50960711778631;0.304911218473048;0.6723702169881913;0.46767431767492934];0.7692058142540664;0.25
1429;0.18870557342031152;0.6678588514405912;6;0.4363092964291423;[0.10308329324875819;0.5822365712690378;0.27432785359186485;0.7534811316121446];0.7838825143646261;0.25
3815;0.4874178525279566;0.481916990624728;6;0.5235777577766593;[0.3998015141294965;0.39430065222626787;0.5750341909264167;0.5695333290231881];0.7709154121194064;0.25
8227;0.82857407896995;0.3114158569306363;6;0.4333989194912343;[0.7410121489668027;0.22385392692748904;0.9161360089730972;0.3989777869337835];0.7674817039174243;0.25
3111;0.5612182290352377;0.14732840529710045;6;0.5153441484049806;[0.47579542104043465;0.06190559730229746;0.6466410370300406;0.23275121329190346];0.7720868994433674;0.25
8182;0.03921439578180297;0.4385149183395619;6;0.5252456200410375;[-0.04734596834761291;0.35195455421014604;0.12577475991121884;0.5250752824689778];0.7749000311007388;0.25
4954;0.8530728964018301;0.6168687383924893;7;0.457728698114363;[0.765730309515746;0.5295261515064053;0.9404154832879142;0.7042113252785734];0.7725531501743363;0.25
937;0.8261370157740741;0.8669122635339308;5;0.5926317117588401;[0.7396989191096679;0.7804741668695246;0.9125751124384802;0.953350360198337];0.7767653909743493;0.25
4269;0.6592769894354187;0.39389681915447644;6;0.49422374168284056;[0.57162640140567;0.3062462311247278;0.7469275774651674;0.48154740718422506];0.7737408045668612;0.25
4201;0.9097491324979159;0.9381885135119213;6;0.5372115638770989;[0.821224599122859;0.8496639801368644;0.9982736658729728;1.0267130468869783];0.7738735198565885;0.25
8415;0.15164987372010857;0.23822175696894532;6;0.5833431293351917;[0.061811748270547445;0.1483836315193842;0.2414879991696697;0.3280598824185065];0.7806124681329063;0.25
971;0.9543501902752243;0.5596049816740567;6;0.46834159804551645;[0.8646985271066672;0.46995331850549965;1.0440018534437814;0.6492566448426138];0.7811711857016155;0.25
99;0.715930797310858;0.5839726486996129;6;0.32972586670748616;[0.6259482602219721;0.493990111610727;0.8059133343997438;0.6739551857884987];0.7794471086798106;0.25
6259;0.5900250700228445;0.37795529489543084;6;0.6166292273367804;[0.5013743103194531;0.28930453519203936;0.678675829726236;0.4666060545988223];0.7747525759433476;0.25
5593;0.5128789615934762;0.375286905050206;6;0.4752724141121922;[0.42447409430263694;0.2868820377593667;0.6012838288843155;0.4636917723410453];0.7751055640020731;0.25
5525;0.38580771276235915;0.9601506852542425;6;0.3581395293428185;[0.297415616136646;0.8717585886285294;0.47419980938807227;1.0485427818799558];0.7670684068186078;0.25
140;0.9397760200474496;0.4335760879072623;6;0.4676857817570742;[0.8494140381957858;0.3432141060555985;1.0301380018991135;0.5239380697589262];0.772543567710945;0.25
2450;0.37844357721507615;0.6258844620842424;6;0.5009572480956145;[0.29160476886483266;0.5390456537339989;0.46528238556531964;0.7127232704344859];0.7769754300733613;0.25
9821;0.783391383127227;0.031284058088305144;6;0.41273637177386974;[0.6938978132482801;-0.05820951179064167;0.8728849530061739;0.12077762796725196];0.7733284661710444;0.25
7063;0.20337789366211412;0.5087129781647226;6;0.43115464078992405;[0.1166819023062321;0.4220169868088406;0.29007388501799614;0.5954089695206046];0.7729115250022053;0.25
4345;0.3323119732031839;0.2877732254191696;6;0.3990084600040671;[0.24366553468874436;0.19912678690473007;0.42095841171762344;0.37641966393360915];0.7751250266178826;0.25
3320;0.7733150642199251;0.30578552783547364;6;0.5442790094850147;[0.6877727216791237;0.2202431852946722;0.8588574067607265;0.39132787037627503];0.7789437045261489;0.25
727;0.8346406890300468;0.8119391756445513;6;0.48525965897020573;[0.7484508798021765;0.725749366416681;0.9208304982579172;0.8981289848724217];0.7757841146950231;0.25
805;0.8862221771535324;0.7360671207451701;7;0.5033684203995165;[0.7966662440107588;0.6465111876023966;0.9757781102963059;0.8256230538879437];0.7701813965607783;0.25
2380;0.4207029231029291;0.9103454082840827;6;0.6343133715115021;[0.3332151889055396;0.8228576740866932;0.5081906573003186;0.9978331424814723];0.7766893248118897;0.25
5758;0.5389246283760682;0.7970140335583786;6;0.4255742252736088;[0.4518126406408299;0.7099020458231402;0.6260366161113067;0.8841260212936171];0.7724368845284558;0.25
587;0.9052984563488861;0.8551269769148105;7;0.5956634428599347;[0.8185564147259592;0.7683849352918837;0.9920404979718129;0.9418690185377374];0.7712551294383481;0.25
5299;0.9586559036930167;0.9495276591556133;6;0.5245936368412916;[0.8726736051466418;0.8635453606092385;1.0446382022393914;1.0355099577019882];0.7816730404808018;0.25
35;0.6821708685550554;0.23231028029094247;6;0.4656325899406093;[0.5922214217180193;0.14236083345390638;0.7721203153920915;0.32225972712797857];0.7745631267545937;0.25
7256;0.19369331931639944;0.7447524941515662;7;0.520702648033877;[0.10734834162773209;0.6584075164628989;0.28003829700506677;0.8310974718402335];0.7653186938343832;0.25
4751;0.13141292286518264;0.7056880560731899;6;0.47047994074483634;[0.04583893095027834;0.6201140641582855;0.21698691478008691;0.7912620479880942];0.7756002692360938;0.25
9688;0.31373846801333416;0.5076622374757573;5;0.6421511658242491;[0.23103478857972382;0.424958558042147;0.3964421474469445;0.5903659169093677];0.770034863866732;0.25
9722;0.16716364066550193;0.43894554113694206;6;0.4909075482451727;[0.07805969427688675;0.3498415947483269;0.2562675870541171;0.5280494875255572];0.7757304341866692;0.25
9981;0.8101768413154641;0.16793133801383314;6;0.5398098647847984;[0.7196733291257289;0.07742782582409793;0.9006803535051993;0.2584348502035684];0.76621257799426;0.25
7075;0.8761307950719447;0.36753865900074145;6;0.3632162785096813;[0.7921915128081187;0.28359937673691554;0.9600700773357707;0.45147794126456736];0.7782367450287797;0.25
7496;0.4689229080929133;0.8962111332865168;7;0.3476746184628313;[0.381746926178258;0.8090351513718615;0.5560988900075686;0.9833871152011721];0.7788451244192798;0.25
3565;0.5955851172968338;0.6244318682999921;6;0.6856008461556914;[0.5104626635399159;0.5393094145430741;0.6807075710537518;0.70955432205691];0.7799683945472202;0.25
950;0.12826876557049605;0.08669056037844614;6;0.6294778229529082;[0.04369119594428819;0.0021129907522382807;0.2128463351967039;0.171268130004654];0.762428398953874;0.25
7622;0.5888675138349073;0.5628225056188985;6;0.5024699678095143;[0.493936480756048;0.46789147254003915;0.6837985469137666;0.6577535386977578];0.7747655421761562;0.25
731;0.06988981943280448;0.9375157990791775;6;0.622319253515671;[-0.014483751814140106;0.8531422278322329;0.15426339067974906;1.021889370326122];0.7733360322403046;0.25
6814;0.08156966843667157;0.5680021127609868;7;0.5448540151958877;[-0.004761132879905733;0.48167131144440944;0.16790046975324888;0.6543329140775641];0.7866457798896852;0.25
1654;0.6829123527591943;0.5724904291640024;6;0.48365335691458405;[0.5947496318172059;0.48432770822201404;0.7710750737011827;0.6606531501059908];0.7782869054111501;0.25
6110;0.644011868664732;0.01705055883058182;6;0.509401889925172;[0.5550766761173055;-0.07188463371684474;0.7329470612121586;0.10598575137800838];0.7761665092543478;0.25
1163;0.6617418912993694;0.04129138441777458;6;0.5267220613445827;[0.5725659480892259;-0.04788455879236894;0.750917834509513;0.1304673276279181];0.7708980699377762;0.25
7996;0.012221418206777912;0.5225756179509037;6;0.42367280898325127;[-0.07875518788249547;0.4315990118616303;0.1031980242960513;0.6135522240401771];0.766282130094532;0.25
827;0.8051144792114742;0.9557916876260689;6;0.5186280203460398;[0.7158129422488108;0.8664901506634055;0.8944160161741376;1.0450932245887323];0.7769485739216315;0.25
1502;0.43062140865955856;0.9196414987962647;6;0.5021162159755902;[0.3442626622556419;0.8332827523923481;0.5169801550634752;1.0060002452001813];0.7725713901976434;0.25
948;0.43696509822273644;0.6639923008044513;7;0.5709946812142737;[0.3465008168019356;0.5735280193836505;0.5274293796435372;0.754456582225252];0.764816286146618;0.25
3524;0.84564071399837;0.6823613724533899;6;0.41611457718342265;[0.7549777139680139;0.5916983724230338;0.9363037140287261;0.773024372483746];0.7720139165428465;0.25
9517;0.01203960460555964;0.7820077316831581;6;0.4417777135526526;[-0.07462645266872855;0.6953416744088698;0.09870566187984783;0.8686737889574463];0.7777811020063117;0.25
5667;0.5797262504964394;0.46980757655800887;5;0.48730207872993153;[0.4939869809910115;0.38406830705258094;0.6654655200018674;0.5555468460634368];0.7698267980202355;0.25
6723;0.5035553211076031;0.9248732455709333;6;0.48196781225665475;[0.418717538303618;0.8400354627669482;0.5883931039115883;1.0097110283749184];0.7732550592137039;0.25
5465;0.3990318498247848;0.8837004906469261;6;0.5949061211886024;[0.3086740786648945;0.7933427194870358;0.4893896209846751;0.9740582618068164];0.7769176088008997;0.25
2468;0.8452710922710889;0.705300270357786;6;0.510689685431239;[0.7576264286665992;0.6176556067532963;0.9329157558755785;0.7929449339622756];0.7717619021274471;0.25
4671;0.47138595309990383;0.8030327141587559;6;0.5129821637819876;[0.38322529180802;0.714872052866872;0.5595466143917877;0.8911933754506397];0.7740906601943702;0.25
1234;0.63588515906902;0.8712469785093967;6;0.4312515425814442;[0.5522838916418616;0.7876457110822384;0.7194864264961783;0.954848245936555];0.7754830194464039;0.25
6023;0.6644497039110766;0.507786148862868;7;0.5308254705989195;[0.5771978534450376;0.420534298396829;0.7517015543771156;0.595037999328907];0.7678300623812011;0.25
8492;0.029822568025145157;0.48871019304809393;6;0.5058444670652181;[-0.05818729300331324;0.4007003320196355;0.11783242905360355;0.5767200540765524];0.7707750326692552;0.25
2915;0.6913907327534955;0.4932368471396382;6;0.42238537760499983;[0.6080625612565004;0.4099086756426431;0.7747189042504906;0.5765650186366333];0.7693477769289121;0.25
395;0.931651166283487;0.7185963606784239;6;0.6084415223192992;[0.846075123666777;0.6330203180617139;1.017227208900197;0.804172403295134];0.7805836819358559;0.25
1407;0.8115956456487741;0.20712431751331056;6;0.5860928631162876;[0.7259954700136435;0.12152414187818002;0.8971958212839046;0.2927244931484411];0.7781130106905779;0.25
6183;0.5008677724165664;0.7778016800391692;5;0.5327260520268485;[0.4132789256306443;0.690212833253247;0.5884566192024886;0.8653905268250913];0.7785170397032524;0.25
5343;0.3620391764757842;0.9051592266946884;7;0.39751874639679785;[0.2772435324583117;0.8203635826772159;0.44683482049325673;0.9899548707121609];0.7731572154392434;0.25
3662;0.8111247088260245;0.26603303416288704;6;0.4804177343235928;[0.7237803607289293;0.1786886860657918;0.8984690569231197;0.3533773822599823];0.7822885406793827;0.25
4831;0.5173061004408916;0.3431397750998197;6;0.623254821643245;[0.43132593412240816;0.2571596087813362;0.6032862667593751;0.4291199414183032];0.7737643533675778;0.25
9338;0.8053914766342123;0.3571212731717;6;0.5461994450111036;[0.719103776672341;0.2708335732098287;0.8916791765960835;0.4434089731335713];0.778215594239235;0.25
2007;0.4821408736944618;0.9502293906414812;6;0.43797939896190197;[0.3921965726667869;0.8602850896138063;0.5720851747221367;1.040173691669156];0.7751923074445783;0.25
7110;0.9147578984477223;0.37379226602798465;6;0.4894477610671666;[0.8268529921812784;0.2858873597615408;1.0026628047141661;0.4616971722944285];0.7873009691829937;0.25
6652;0.75669764183306;0.8048210969148952;6;0.38931081775941334;[0.6723555096955859;0.7204789647774211;0.8410397739705341;0.8891632290523693];0.7750085981288815;0.25
3452;0.43064310572519193;0.06244959607673972;6;0.5214908452082153;[0.3437398971362856;-0.024453612512166628;0.5175463143140983;0.14935280466564607];0.7698195273839313;0.25
1860;0.7503177956516018;0.508687326727723;5;0.48326251333947545;[0.6626127969731302;0.4209823280492514;0.8380227943300734;0.5963923254061946];0.778384700861491;0.25
6946;0.5037936630641884;0.9591497462498771;6;0.5068213406455983;[0.4106269298651468;0.8659830130508356;0.5969603962632299;1.0523164794489186];0.7755239332343493;0.25
6236;0.6471853770681831;0.5875252300002685;6;0.40356210952447347;[0.5592717077457698;0.4996115606778552;0.7350990463905964;0.6754388993226818];0.7795227280304233;0.25
1959;0.549763486570362;0.604162028804646;6;0.5249134457591194;[0.46417391639256655;0.5185724586268505;0.6353530567481575;0.6897515989824414];0.7771005888077547;0.25
8359;0.5442403025211346;0.3862423065643503;6;0.5983640547286632;[0.4625996574330008;0.3046016614762165;0.6258809476092685;0.46788295165248417];0.7764511602120111;0.25
6135;0.7546655457167863;0.6760238940885674;6;0.638982214587096;[0.668004329340871;0.589362677712652;0.8413267620927017;0.7626851104644828];0.7658383593900223;0.25
7825;0.8572112346093245;0.5087365552177029;6;0.503681359021508;[0.769929940571571;0.4214552611799494;0.9444925286470779;0.5960178492554563];0.7806025140560033;0.25
5706;0.4125896462796451;0.024002156042230993;6;0.46563290239786687;[0.3213471460442922;-0.06724034419312191;0.503832146514998;0.1152446562775839];0.7774105134240771;0.25
2284;0.6759230313773322;0.3479811365004396;6;0.548465280734632;[0.587659981700481;0.2597180868235884;0.7641860810541835;0.4362441861772908];0.7765763793876066;0.25
5425;0.4400844122413239;0.47879273151395557;6;0.5791101131392216;[0.3513025912729501;0.3900109105455818;0.5288662332096977;0.5675745524823294];0.7761253696398643;0.25
5951;0.971129654209842;0.25167639333594377;6;0.4706565359011587;[0.882018471817835;0.16256521094393672;1.060240836601849;0.3407875757279508];0.782612839143481;0.25
8522;0.3866682149238589;0.0373268027961976;6;0.4550052250340575;[0.29716928659222847;-0.05217212553543282;0.4761671432554893;0.12682573112782802];0.7767344806819334;0.25
3142;0.7033380083865772;0.5425799323837155;6;0.5004037151029213;[0.6176519743668138;0.4568938983639521;0.7890240424063406;0.6282659664034789];0.7730521748145631;0.25
3264;0.7046930918010286;0.628311496365391;6;0.4204419072856764;[0.6189430609861553;0.5425614655505177;0.7904431226159019;0.7140615271802643];0.77230247283259;0.25
5382;0.5050388372963633;0.8574462335970239;5;0.5191306241257997;[0.4194923057232043;0.7718997020238648;0.5905853688695224;0.9429927651701829];0.7696199938055326;0.25
9814;0.9786738392097709;0.8906334483872396;6;0.5101297172093275;[0.8920232155603236;0.8039828247377923;1.0653244628592182;0.9772840720366869];0.7762977812126441;0.25
6375;0.36793245992419965;0.42298581234726823;6;0.4353959595109111;[0.27924853634759317;0.3343018887706618;0.45661638350080613;0.5116697359238747];0.7663681063592253;0.25
4272;0.6779969065455604;0.6796389105260835;6;0.6499965469168173;[0.5937063287448932;0.5953483327254162;0.7622874843462277;0.7639294883267508];0.7727267920431822;0.25
4431;0.34157715629868035;0.556753069288149;6;0.45467077483156965;[0.25386317516829504;0.46903908815776374;0.42929113742906566;0.6444670504185344];0.7716452904202294;0.25
1259;0.5065410490889031;0.45148080177104394;6;0.3316580211037508;[0.4184074940441657;0.3633472467263066;0.5946746041336404;0.5396143568157813];0.7691740491039325;0.25
9996;0.35178061768917235;0.4131210531167604;6;0.5970725921390132;[0.2657323248483616;0.32707276027594967;0.4378289105299831;0.4991693459575711];0.7729438244728705;0.25
2649;0.224251889728463;0.24709606696705344;6;0.36147245927299043;[0.14150292801056347;0.1643471052491539;0.3070008514463625;0.32984502868495297];0.7725340727612718;0.25
222;0.21099107077001844;0.7183655609370754;6;0.468222362102221;[0.1287300013626541;0.636104491529711;0.29325214017738277;0.8006266303444397];0.7736860853753789;0.25
6525;0.9541307925026451;0.5695463929959731;6;0.5803260699394264;[0.8672879541340378;0.48270355462736586;1.0409736308712523;0.6563892313645804];0.7722618884500114;0.25
9232;0.7312351890609678;0.7087264352478436;6;0.3821823441493133;[0.643810287447296;0.6213015336341717;0.8186600906746397;0.7961513368615155];0.7799251951484764;0.25
3286;0.7585297887966105;0.9481100149738553;6;0.4762144375181234;[0.6721624989595063;0.8617427251367511;0.8448970786337147;1.0344773048109595];0.7759140730685;0.25
398;0.3437111383930882;0.9882542798057254;6;0.6384132897541931;[0.2508337758110364;0.8953769172236736;0.43658850097514;1.0811316423877773];0.781586537970879;0.25
7313;0.9889216631648867;0.09387721519442616;6;0.29913622570799503;[0.9032454229880097;0.008200975017549128;1.0745979033417639;0.17955345537130318];0.7688870451701382;0.25
3068;0.6047602178537753;0.8280372731846737;6;0.4146853812643888;[0.5153115124139939;0.7385885677448922;0.6942089232935568;0.9174859786244551];0.7638020599368542;0.25
8796;0.7221367253541333;0.7967467748913754;6;0.5795354800925163;[0.6336507110201814;0.7082607605574235;0.8106227396880852;0.8852327892253272];0.7785129819689436;0.25
653;0.4582985561170526;0.6965443703445886;6;0.5118364033912031;[0.3689425795107794;0.6071883937383155;0.5476545327233258;0.7859003469508618];0.7780693822478578;0.25
8962;0.5183971024894785;0.6823603927757169;6;0.3576203731505221;[0.4324767122747972;0.5964400025610357;0.6043174927041597;0.7682807829903981];0.7800301326805688;0.25
5389;0.6355260091149998;0.9114111470277819;6;0.5445879890288621;[0.5482987712492693;0.8241839091620514;0.7227532469807303;0.9986383848935124];0.7775012242595883;0.25
4109;0.5644245790131062;0.41823640387101796;6;0.425030109650595;[0.4743356836506823;0.3281475085085941;0.6545134743755301;0.5083252992334418];0.7768833762370377;0.25
6438;0.3171570931553953;0.16160724440490087;6;0.6638979771389584;[0.2294430985007121;0.07389324975021766;0.4048710878100785;0.2493212390595841];0.7760382197576124;0.25
7650;0.40267736657516073;0.8710347874549543;6;0.5661157551392112;[0.3208326650325715;0.7891900859123651;0.48452206811774995;0.9528794889975436];0.7736364183650531;0.25
1888;0.7737439915894909;0.6499326331106638;6;0.3778828011082897;[0.6893058724281298;0.5654945139493027;0.858182110750852;0.734370752272025];0.7795725682807586;0.25
2406;0.7984735748662212;0.8319010629401833;6;0.6142347294109136;[0.7089232835146859;0.7423507715886482;0.8880238662177564;0.9214513542917184];0.7786639292783175;0.25
2368;0.9963645766057068;0.4580096151968964;6;0.5097557301930287;[0.9065101438184964;0.368155182409686;1.0862190093929172;0.5478640479841068];0.773027793943599;0.25
9600;0.5310731476742065;0.8737635344819853;6;0.3997867626259428;[0.4404847741471408;0.7831751609549196;0.6216615212012723;0.964351908009051];0.7730752261785067;0.25
6798;0.49654346203179384;0.7048255866807667;6;0.25956060217203525;[0.41046010158628243;0.6187422262352553;0.5826268224773052;0.790908947126278];0.7728694322889904;0.25
3782;0.7284433924546367;0.6483050123868901;6;0.3488673817159599;[0.6381997030478365;0.5580613229800898;0.818687081861437;0.7385487017936904];0.7665727410425288;0.25
5060;0.8631276821010307;0.8146338684447079;6;0.3874853790410289;[0.7783315495578264;0.7298377359015035;0.9479238146442351;0.8994300009879123];0.781293057784499;0.25
8594;0.972045250930286;0.5972261796868749;6;0.5652000414585626;[0.8863776577901383;0.5115585865467271;1.0577128440704338;0.6828937728270226];0.7740134628963797;0.25
3149;0.5786207566034338;0.5142817264354288;6;0.5514892086025223;[0.49107374966370115;0.42673471949569614;0.6661677635431665;0.6018287333751615];0.7784196117413794;0.25
6006;0.5845345801510684;0.8138611786794699;6;0.42901923662105107;[0.5010950827077787;0.7304216812361802;0.6679740775943581;0.8973006761227597];0.7762078514289195;0.25
4535;0.7491058606614189;0.2109734624291097;6;0.23892313528754477;[0.6608657246512623;0.12273332641895303;0.8373459966715756;0.29921359843926637];0.7782556183284326;0.25
9568;0.989877654345111;0.7855914634796431;6;0.7181514899709999;[0.9079379371217482;0.7036517462562804;1.0718173715684738;0.8675311807030059];0.7815584638238146;0.25
3593;0.8770229093174575;0.08845884026910639;6;0.6254313672505492;[0.786490794000727;-0.002073275047624154;0.9675550246341881;0.17899095558583694];0.7761979078761156;0.25
9835;0.6359632477329271;0.609684061272934;6;0.5559427022268894;[0.5465169755899951;0.520237789130002;0.7254095198758591;0.699130333415866];0.7858481482057487;0.25
4036;0.14916872060480602;0.06864857030100407;6;0.4351658105903476;[0.06187980241334255;-0.01864034789045939;0.23645763879626946;0.15593748849246752];0.7801529279751113;0.25
9589;0.38543586687997256;0.7336053741573436;6;0.46502332778125893;[0.29477939217459526;0.6429488994519663;0.47609234158534985;0.8242618488627209];0.7807191174768299;0.25
4313;0.9166169521114078;0.5692241294434932;6;0.6704716387356708;[0.826432467314361;0.4790396446464464;1.0068014369084546;0.65940861424054];0.7714719246244632;0.25
7287;0.4875502081541184;0.02564136353677371;6;0.5531215267198938;[0.39665018285816395;-0.06525866175918076;0.5784502334500728;0.11654138883272817];0.7785136697428325;0.25
5153;0.4455001000398181;0.36928348789471155;6;0.31140938271445373;[0.3619327657386919;0.2857161535935853;0.5290674343409443;0.4528508221958378];0.7736019789945305;0.25
548;0.8354249384750317;0.549190073669902;6;0.5024939892775006;[0.7428485395426243;0.45661367473749465;0.9280013374074392;0.6417664726023095];0.7744920383737667;0.25
5186;0.3116864910275817;0.6929689328058704;6;0.41451002490828337;[0.22131549798405778;0.6025979397623464;0.40205748407110564;0.7833399258493943];0.765391796936905;0.25
6234;0.7343647759148292;0.7722831628711566;6;0.5365636931613927;[0.6486109266774757;0.6865293136338031;0.8201186251521827;0.8580370121085101];0.7805670306897992;0.25
1681;0.5925835537280113;0.1894423751708209;6;0.5614861951889686;[0.5081071731997919;0.10496599464260153;0.6770599342562307;0.2739187556990403];0.774617729916842;0.25
6319;0.7837698390430818;0.06150790958823543;6;0.6856569937828947;[0.6929527364638437;-0.029309192991002764;0.87458694162232;0.15232501216747363];0.7769222663280333;0.25
1704;0.8640828795450888;0.5508936280803723;6;0.49893712820128017;[0.7766443679270347;0.4634551164623183;0.9515213911631428;0.6383321396984264];0.7688959164891819;0.25
3722;0.4530400474478769;0.24080296617452485;6;0.5517416125884163;[0.3642971849753271;0.15206010370197504;0.5417829099204268;0.32954582864707466];0.7799799965170042;0.25
837;0.6440450736733851;0.011276506481790127;6;0.44012468534613236;[0.5585458440101264;-0.0742227231814686;0.7295443033366439;0.09677573614504885];0.7739686794910036;0.25
1540;0.7256624985839281;0.865671419381559;6;0.499044589270813;[0.6347142674640536;0.7747231882616845;0.8166107297038026;0.9566196505014335];0.7687841487011042;0.25
1366;0.60847390473333;0.3002689651624433;6;0.3897533070825684;[0.519812606477519;0.2116076669066323;0.6971352029891409;0.38893026341825426];0.7751305693640421;0.25
8173;0.7689841253137863;0.06663462689090865;6;0.48698101887155715;[0.6838720167824587;-0.018477481640419;0.854096233845114;0.15174673542223632];0.7712052050217306;0.25
4908;0.6858091676746608;0.5041887407662002;6;0.5408208281153097;[0.5978609152310408;0.41624048832258026;0.7737574201182809;0.5921369932098202];0.7768601975316743;0.25
1875;0.18981958964264067;0.08047194609028335;6;0.5437875964200107;[0.10050314830886323;-0.008844495243494094;0.27913603097641815;0.1697883874240608];0.7773078925513943;0.25
1351;0.8068014807043982;0.18796098636542752;6;0.31297369055162194;[0.720216954765029;0.10137646042605836;0.8933860066437673;0.2745455123047967];0.763412084450343;0.25
1609;0.33936771882165184;0.3380752534238616;6;0.4850368641365654;[0.2486067538984118;0.24731428850062154;0.4301286837448919;0.4288362183471016];0.7635085294507042;0.25
8861;0.8592148827718757;0.6096221648445788;6;0.7026636609705523;[0.772024877283383;0.522432159356086;0.9464048882603685;0.6968121703330715];0.7762096400064865;0.25
8756;0.3900242275028817;0.975470770366845;6;0.42768967001772756;[0.3052172352517822;0.8906637781157456;0.4748312197539812;1.0602777626179445];0.7754869164582257;0.25
5177;0.9688245986300438;0.7410605414707344;6;0.5932594659741333;[0.8808475674904199;0.6530835103311106;1.0568016297696676;0.8290375726103583];0.7786549743637035;0.25
2909;0.9868495708172293;0.5777721791324559;6;0.506796771627255;[0.8999004467144546;0.49082305502968115;1.0737986949200042;0.6647213032352307];0.7709134957590028;0.25
9570;0.7043239246263595;0.5292146485069059;6;0.5119322777317544;[0.6245812829974635;0.4494720068780099;0.7840665662552555;0.6089572901358019];0.7652877203373756;0.25
8774;0.7025006029147489;0.6216463937077517;6;0.5901369620764472;[0.6163795152977374;0.5355253060907401;0.7886216905317605;0.7077674813247632];0.765048050130545;0.25
6095;0.6021716198426825;0.5955590049963966;6;0.42201383431511946;[0.5146298834524434;0.5080172686061575;0.6897133562329216;0.6831007413866357];0.7710963988926454;0.25
5386;0.8316078843064453;0.6050028360023185;6;0.6508425522481847;[0.7438699444062915;0.5172648961021648;0.919345824206599;0.6927407759024723];0.7816260783253192;0.25
3938;0.7601236075593759;0.8224904290322299;6;0.5755233618944914;[0.6706619307507988;0.7330287522236527;0.849585284367953;0.9119521058408071];0.7734820006740742;0.25
1889;0.8064543008897591;0.6057799532719271;5;0.4906271597458242;[0.719435249864066;0.5187609022462341;0.8934733519154522;0.6927990042976202];0.7713737941552156;0.25
8747;0.16405998593298432;0.9366935852223435;6;0.5510324386021836;[0.08060084857522508;0.8532344478645842;0.24751912329074355;1.0201527225801028];0.7758811194173603;0.25
5796;0.8341895837894547;0.02262724174504749;6;0.5193183927904208;[0.747576432896241;-0.06398590914816626;0.9208027346826685;0.10924039263826124];0.7693379498909374;0.25
5610;0.2610783968079581;0.5190173131106225;6;0.5693338331935818;[0.17307671714534822;0.43101563344801264;0.34908007647056793;0.6070189927732323];0.7804585677571996;0.25
2592;0.5044092115777554;0.36269062367875393;6;0.46790477850064593;[0.41868588775251475;0.27696729985351326;0.590132535402996;0.4484139475039946];0.7787561201523231;0.25
9620;0.49911156468428225;0.6123072659331853;6;0.5993238507107884;[0.41076630345202814;0.5239620047009312;0.5874568259165364;0.7006525271654394];0.7722150623201082;0.25
7635;0.8036760725145039;0.5148770223046419;6;0.34647514009393976;[0.7141848884886788;0.4253858382788168;0.893167256540329;0.6043682063304671];0.7706698531691606;0.25
7867;0.9318560079687659;0.539646740974823;6;0.4702046946310044;[0.8489414753766727;0.4567322083827299;1.014770540560859;0.6225612735669162];0.7697847378482581;0.25
2775;0.35841034187916254;0.4990831814058926;6;0.5317152605246647;[0.26735240094216256;0.4080252404688926;0.4494682828161625;0.5901411223428925];0.7736332724356452;0.25
9201;0.8781745692506732;0.6737916602247239;6;0.5639032397318534;[0.7922369889920494;0.5878540799661002;0.9641121495092969;0.7597292404833477];0.7707260406020543;0.25
4637;0.7648906512764545;0.1089309995610453;6;0.5636121867008259;[0.676552509855982;0.020592858140572795;0.853228792696927;0.1972691409815178];0.778420543366026;0.25
1906;0.5413590817973035;0.8970617310145148;6;0.5198514301601266;[0.45283969019910325;0.8085423394163145;0.6298784733955038;0.9855811226127151];0.7792054403979272;0.25
3994;0.11100307503844964;0.382569379993434;6;0.4586618470580283;[0.0248744475106608;0.29644075246564516;0.19713170256623846;0.4686980075212228];0.7786727645171788;0.25
3354;0.8231374538238486;0.768366434919369;6;0.5250645779477889;[0.7350718787718074;0.6803008598673277;0.9112030288758899;0.8564320099714102];0.7804668910615798;0.25
7723;0.31228287709949987;0.3920317094672156;6;0.49916051596375416;[0.21851251728259313;0.29826134965030887;0.4060532369164066;0.48580206928412234];0.7801829064580166;0.25
9889;0.5949516912668389;0.09692708865641264;5;0.5892633289541042;[0.5096173141308372;0.01159271152041097;0.6802860684028406;0.1822614657924143];0.7743145009408754;0.25
6942;0.46894847623760105;0.5489163148938931;6;0.2803670798552282;[0.37668567034731604;0.4566535090036081;0.5612112821278861;0.6411791207841782];0.7718245715580047;0.25
1184;0.3704405080583174;0.3344590121769227;6;0.5524494086476804;[0.2744330868959332;0.2384515910145385;0.4664479292207016;0.4304664333393069];0.7654045855725715;0.25
6833;0.44531900394654333;0.8119386985176562;5;0.5860920562521429;[0.3529922545846241;0.7196119491557369;0.5376457533084626;0.9042654478795755];0.7668457750232421;0.25
4026;0.799321007839912;0.7570672708561624;6;0.611366969849713;[0.7119438729591345;0.669690135975385;0.8866981427206895;0.8444444057369399];0.7697890300213295;0.25
8117;0.5993364770325575;0.4926792196722435;6;0.68040172316379;[0.5075094947185986;0.40085223735828457;0.6911634593465165;0.5845062019862024];0.7706862367112544;0.25
5885;0.6333803134514369;0.8715302961381532;6;0.5868132770104852;[0.5457902021229856;0.783940184809702;0.7209704247798882;0.9591204074666045];0.7722318658585609;0.25
9850;0.9563381550812682;0.25117764881318855;6;0.5237417482964171;[0.8723946111074528;0.16723410483937307;1.0402816990550836;0.33512119278700403];0.7818408311502257;0.25
5266;0.9429977644923258;0.7112332156143698;6;0.48603416798441723;[0.8530008787404723;0.6212363298625163;1.0329946502441794;0.8012301013662233];0.7783413790613873;0.25
414;0.8158399553005192;0.4204855332111951;6;0.39675224387905167;[0.7272355692377687;0.3318811471484445;0.9044443413632698;0.5090899192739456];0.776153994897747;0.25
6468;0.5976570109808348;0.6226295392738472;6;0.6498340719352822;[0.513486617407669;0.5384591457006814;0.6818274045540006;0.706799932847013];0.78219758288147;0.25
74;0.7947301913360567;0.7845832156882917;6;0.4070832779260277;[0.711498119496832;0.7013511438490669;0.8779622631752815;0.8678152875275165];0.7745909785125854;0.25
6633;0.933139661532268;0.5726501824023764;6;0.6556071838997097;[0.8448262620966969;0.4843367829668052;1.0214530609678392;0.6609635818379476];0.7751707784987647;0.25
1535;0.9312501624844018;0.9141425253133344;6;0.4757571642166956;[0.8431704476350161;0.8260628104639487;1.0193298773337875;1.00222224016272];0.7779755275333682;0.25
5806;0.49659398305793745;0.443299382936843;6;0.3693881299911399;[0.4090377176781098;0.3557431175570154;0.5841502484377651;0.5308556483166706];0.7690836353501808;0.25
3917;0.749148644804974;0.7898114190419465;7;0.5185075355307386;[0.6645492281073946;0.7052120023443671;0.8337480615025534;0.8744108357395259];0.7769203326267436;0.25
728;0.6626220390447465;0.6966417486743091;6;0.6605740172964067;[0.575628901446415;0.6096486110759776;0.749615176643078;0.7836348862726406];0.7706728392189339;0.25
9898;0.4508091791041659;0.692355164221456;5;0.3567482000715002;[0.3625083383784261;0.6040543234957162;0.5391100198299057;0.7806560049471959];0.7769500745948142;0.25
6824;0.1297702972591519;0.25927494269230744;6;0.33278051399010633;[0.0403661212333941;0.16987076666654966;0.2191744732849097;0.34867911871806523];0.7789347146194318;0.25
7894;0.02600277233255166;0.6375336747572253;6;0.4716133000124635;[-0.06289547800479901;0.5486354244198747;0.11490102266990233;0.726431925094576];0.7778315181994506;0.25
4684;0.1707771859358742;0.9815316822971463;6;0.40383970341133657;[0.08482873522487211;0.8955832315861442;0.2567256366468763;1.0674801330081483];0.7737673993294116;0.25
9112;0.990202578415299;0.4983299325319264;6;0.4846525518787981;[0.9042579695365847;0.4123853236532121;1.0761471872940134;0.5842745414106407];0.7720707507836247;0.25
5342;0.4913907418244733;0.4254010131414119;6;0.36531238654933923;[0.403777077279225;0.3377873485961636;0.5790044063697215;0.5130146776866601];0.7759416829864675;0.25
244;0.6377269415828669;0.8585888842785778;6;0.5102369515571294;[0.5497359096785953;0.7705978523743062;0.7257179734871385;0.9465799161828494];0.7674703426145986;0.25
5238;0.6549674937440424;0.02750062241824347;6;0.5812980976968302;[0.5661766303384155;-0.06129024098738345;0.7437583571496693;0.11629148582387039];0.7842893770630278;0.25
9918;0.4792907814195904;0.9053389463633329;6;0.5688843966390018;[0.39297750477630555;0.819025669720048;0.5656040580628753;0.9916522230066178];0.7738647414334411;0.25
5045;0.384169536051207;0.3440629514007386;6;0.3846116390022666;[0.2959529235795293;0.2558463389290609;0.47238614852288474;0.43227956387241634];0.7700596400315892;0.25
8157;0.05404741751762887;0.6203177613531369;6;0.5955647261817486;[-0.03675713998361657;0.5295132038518915;0.1448519750188743;0.7111223188543823];0.7798411393544555;0.25
4956;0.4434746603852654;0.12061101943606395;6;0.6046530264059604;[0.35717511763940746;0.034311476690206025;0.5297742031311233;0.2069105621819219];0.7724605520962682;0.25
1325;0.1478328298891442;0.8498635973172253;6;0.536819117783276;[0.05872594664052955;0.7607567140686107;0.23693971313775886;0.9389704805658399];0.7781696707638659;0.25
6712;0.5476236355503153;0.492138103659187;5;0.5177914432072297;[0.46165990495732157;0.4061743730661932;0.6335873661433091;0.5781018342521808];0.7732459838034214;0.25
643;0.2909525810108656;0.9574426090709047;6;0.4025442387564755;[0.20589676523040587;0.872386793290445;0.37600839679132525;1.0424984248513645];0.7776527563555476;0.25
8008;0.8627231511359026;0.4388462237605647;6;0.3780155326190968;[0.7738422091209216;0.3499652817455837;0.9516040931508836;0.5277271657755457];0.7846002378486653;0.25
2476;0.3528625509421558;0.07499175442392203;6;0.5291859342585838;[0.26669161400192243;-0.01117918251631135;0.43903348788238916;0.1611626913641554];0.779425185897844;0.25
5698;0.13038051329733696;0.2386102192917382;7;0.5102050780037675;[0.0455625381431046;0.15379224413750583;0.21519848845156933;0.3234281944459706];0.772000094399;0.25
2070;0.5468913527721582;0.6591488479110045;6;0.40114532434154426;[0.45800661922739644;0.5702641143662428;0.63577608631692;0.7480335814557662];0.7715198033848731;0.25
8738;0.33240546378288593;0.965769765496947;6;0.7940534675937245;[0.24363895415831308;0.8770032558723742;0.4211719734074588;1.05453627512152];0.7744792742266201;0.25
5659;0.02055495089434678;0.9117928447531887;6;0.6263307136167653;[-0.075196045287618;0.8160418485712239;0.11630594707631156;1.0075438409351534];0.7745068843550056;0.25
8789;0.5350596300753068;0.8958553671677764;6;0.5951291400747994;[0.4477106854009161;0.8085064224933857;0.6224085747496975;0.9832043118421671];0.7667941581633052;0.25
3898;0.32599270793440127;0.8541758255311285;5;0.4599728674204732;[0.23673828354907295;0.7649214011458001;0.4152471323197296;0.9434302499164569];0.7763062241703531;0.25
8991;0.8731339569744083;0.49784809984876655;6;0.44077927997958144;[0.7859643372806743;0.4106784801550325;0.9603035766681424;0.5850177195425006];0.7756601840776621;0.25
6278;0.6685206700559494;0.6912457241113437;6;0.6240098535015781;[0.585466071917975;0.6081911259733692;0.7515752681939238;0.7743003222493181];0.769558882816406;0.25
3381;0.1753139123166243;0.9926230526030989;6;0.5141484302048007;[0.08683395251575382;0.9041430928022285;0.2637938721174948;1.0811030124039693];0.7670667608910909;0.25
5384;0.661510933715986;0.7282428975405253;6;0.48331232660403106;[0.5744882748488628;0.641220238673402;0.7485335925831093;0.8152655564076485];0.7702356483998994;0.25
34;0.20208499469780972;0.541682473503836;6;0.47172421324476443;[0.1165196441844861;0.45611712299051244;0.2876503452111333;0.6272478240171596];0.7788673424016226;0.25
6187;0.6653492933205466;0.9301962414086853;6;0.48669041099478677;[0.5761105821864695;0.8409575302746082;0.7545880044546237;1.0194349525427624];0.7694275019153463;0.25
1856;0.8727483242144252;0.13082297580442653;6;0.500321875153045;[0.784338335549648;0.042412987139649416;0.9611583128792023;0.21923296446920365];0.7759327551200491;0.25
6493;0.642846020209094;0.5791141320061421;6;0.47013330214733223;[0.5514118533648023;0.48767996516185047;0.7342801870533857;0.6705482988504339];0.7784524784332224;0.25
791;0.6498199900913801;0.9417002715170544;7;0.5393251679592878;[0.5608789665592808;0.8527592479849551;0.7387610136234795;1.0306412950491537];0.77888143617822;0.25
543;0.48973405379124985;0.7106073562681899;6;0.6454775616651023;[0.4034484183992908;0.6243217208762308;0.5760196891832089;0.796892991660149];0.7753245577943483;0.25
2669;0.3726765398968144;0.11997464123614227;6;0.5630888205206108;[0.2847609534222004;0.0320590547615283;0.4605921263714283;0.20789022771075621];0.7676894919017643;0.25
7290;0.038245571034051684;0.82728829963348;6;0.42724291018137767;[-0.04597016929684475;0.7430725593025836;0.12246131136494812;0.9115040399643765];0.7780631723363902;0.25
2621;0.9529489904391124;0.8186256828514744;6;0.6101223992786393;[0.8673579506251013;0.7330346430374634;1.0385400302531234;0.9042167226654855];0.7806242872566477;0.25
3252;0.3731803742581148;0.6740756948304611;5;0.4810096486678609;[0.2859928073273566;0.586888127899703;0.460367941188873;0.7612632617612193];0.7698780026978479;0.25
9432;0.8888214773208859;0.768664257195544;6;0.2530479189217888;[0.8032873700171081;0.6831301498917662;0.9743555846246637;0.8541983644993217];0.7732395268975046;0.25
5523;0.5699878017888277;0.7050522704202085;5;0.5120580270648345;[0.4789301353340455;0.6139946039654263;0.6610454682436099;0.7961099368749907];0.7786791863847456;0.25
4683;0.6809231759173676;0.6185467110508794;6;0.7186792970836412;[0.5904294215796848;0.5280529567131966;0.7714169302550504;0.7090404653885622];0.7697646661208952;0.25
5005;0.8284442415258579;0.49241314656798996;6;0.4655125459849611;[0.7428077911032255;0.40677669614535744;0.9140806919484904;0.5780495969906224];0.7702748788947513;0.25
5869;0.49124676937166784;0.643873747939324;6;0.5058140586462191;[0.4015879289105903;0.5542149074782464;0.5809056098327454;0.7335325884004015];0.7748573219927418;0.25
9723;0.8279087874784604;0.6793612032569899;6;0.6433199437552043;[0.7375811908796056;0.5890336066581351;0.9182363840773152;0.7696887998558447];0.7804804890431541;0.25
7465;0.27083311155011097;0.05327366071714823;6;0.48619889542809175;[0.18412238142270562;-0.03343706941025712;0.3575438416775163;0.13998439084455358];0.7716629860708435;0.25
4476;0.9376887588271658;0.5888818942266513;6;0.48488482785136516;[0.8488011156603688;0.4999942510598542;1.026576401993963;0.6777695373934484];0.7705784147926882;0.25
8817;0.9673143551232914;0.9488058322759021;6;0.2561633524857323;[0.8795664712622642;0.8610579484148748;1.0550622389843187;1.0365537161369294];0.7632246532442288;0.25
7832;0.39826905714198274;0.8785035559793741;6;0.630194887107965;[0.3140043702496246;0.794238869087016;0.4825337440343409;0.9627682428717322];0.7822860333191456;0.25
1232;0.7230286114170202;0.9632123486184057;6;0.5058101600431358;[0.6360315981167128;0.8762153353180983;0.8100256247173276;1.050209361918713];0.7692616386707134;0.25
2894;0.8000484368486064;0.041841827872012516;6;0.36162779848702514;[0.7121670673102222;-0.04603954166637174;0.8879298063869906;0.12972319741039678];0.7867732582957099;0.25
5063;0.5187204336114902;0.3370911372015496;6;0.5590010991669242;[0.42984820608662355;0.24821890967668292;0.6075926611363569;0.42596336472641627];0.7699540440086629;0.25
6165;0.7831015572841181;0.5018584175051655;6;0.4746920748564561;[0.6968844671086118;0.4156413273296592;0.8693186474596244;0.5880755076806717];0.7756101220885345;0.25
1120;0.7500649066193185;0.4762160048979883;6;0.4385856934080825;[0.663529394242287;0.3896804925209568;0.83660041899635;0.5627515172750198];0.7727743005100196;0.25
9297;0.0848778000701429;0.026497303974241326;5;0.5609192942030783;[-0.004295412398871656;-0.06267590849477322;0.17405101253915745;0.11567051644325588];0.772514674450197;0.25
6619;0.19841524989265302;0.31161518594903437;7;0.5285903451601042;[0.11070409548762829;0.22390403154400962;0.28612640429767777;0.3993263403540591];0.7680155209744748;0.25
2811;0.3536240126982707;0.6682951462229502;6;0.5059617225871954;[0.2644515055861617;0.5791226391108412;0.4427965198103797;0.7574676533350592];0.7674353075419245;0.25
6353;0.42742167608479287;0.6347859675110782;5;0.5814960810065303;[0.3395472203278387;0.546911511754124;0.515296131841747;0.7226604232680324];0.769820882356306;0.25
5108;0.6721434186520175;0.48372009400917404;6;0.5921095124162528;[0.5885771869910403;0.4001538623481969;0.7557096503129948;0.5672863256701512];0.7733759873491961;0.25
931;0.6562696890823082;0.5933515892526748;6;0.46606820409743654;[0.568507572940692;0.5055894731110586;0.7440318052239244;0.6811137053942911];0.7714856698269412;0.25
4837;0.3503961145745263;0.028895746766410935;6;0.719693703668663;[0.2626925479018843;-0.05880781990623106;0.4380996812471683;0.11659931343905293];0.7753417542120253;0.25
4124;0.5125070008446924;0.428830985288155;7;0.5443891486459289;[0.42244539059903374;0.3387693750424964;0.602568611090351;0.5188925955338136];0.7808481450127098;0.25
7718;0.5235327496338316;0.4665802774050764;6;0.4983397614101831;[0.43675776215352125;0.37980528992476603;0.6103077371141419;0.5533552648853868];0.7706019975350497;0.25
4888;0.5100184750782115;0.7111128298824821;6;0.3267019163823559;[0.42543070904575475;0.6265250638500254;0.5946062411106683;0.7957005959149389];0.7743780350027338;0.25
7775;0.04782506918251317;0.28330205527202823;6;0.3428101987170857;[-0.0360631621138026;0.19941382397571245;0.13171330047882895;0.367190286568344];0.7736754686484631;0.25
1639;0.4141890098998546;0.5731204480085018;6;0.3975221654801774;[0.32666284242564725;0.48559428053429443;0.5017151773740619;0.6606466154827092];0.7738705937708042;0.25
8976;0.6457555055401254;0.28251819052479676;6;0.4932102098615863;[0.5583527513812047;0.195115436365876;0.7331582596990461;0.3699209446837175];0.774484319640462;0.25
5996;0.9969071308731137;0.8312590844313873;6;0.533601657133565;[0.9060362797784527;0.7403882333367264;1.0877779819677746;0.9221299355260482];0.7705438484107925;0.25
9189;0.9157432591807311;0.9906685220543496;6;0.3713803816446283;[0.8259722105081206;0.9008974733817392;1.0055143078533415;1.08043957072696];0.7821718275563642;0.25
4155;0.09536248455979224;0.3458691930612039;6;0.4788367976441412;[0.00905989530957134;0.259566603810983;0.18166507381001312;0.4321717823114248];0.777260847978748;0.25
152;0.8127208702338489;0.6297701180771448;6;0.6750586475006786;[0.7218529295664367;0.5389021774097326;0.9035888109012611;0.720638058744557];0.7775372388721051;0.25
7261;0.8442553008467225;0.3963527616665238;6;0.32459589311133075;[0.7589379240312641;0.31103538485106536;0.9295726776621809;0.4816701384819822];0.7724493110345689;0.25
6715;0.964853073249087;0.8413028760615974;6;0.48767668334641473;[0.8761422347986219;0.7525920376111322;1.053563911699552;0.9300137145120625];0.7722891982436505;0.25
1681;0.36691004170725683;0.4835167146166791;6;0.5614861951889686;[0.277607168984585;0.39421384189400727;0.4562129144299287;0.5728195873393509];0.774617729916842;0.25
9090;0.5634115157299985;0.26017102976366946;6;0.5939021619582607;[0.4734125346240764;0.1701720486577474;0.6534104968359206;0.35017001086959154];0.7731203430880396;0.25
6294;0.7309972777873359;0.838729033513929;6;0.530596034439211;[0.6437252608648287;0.7514570165914218;0.8182692947098431;0.9260010504364362];0.7794609439561594;0.25
825;0.054912836071838944;0.7863690195939198;6;0.7000186573229261;[-0.034849650671544885;0.696606532850536;0.14467532281522277;0.8761315063373036];0.7764279634273517;0.25
4050;0.18551362952590222;0.1222632934835261;6;0.5178427670789774;[0.09731766609580224;0.03406733005342612;0.2737095929560022;0.2104592569136261];0.7736643767695127;0.25
964;0.04001706907464564;0.7674106823928984;6;0.5749946568139;[-0.04660784564633583;0.680785767671917;0.1266419837956271;0.8540355971138799];0.7773408102707807;0.25
8086;0.4193438652484599;0.7615222815353406;6;0.5882063925907624;[0.33398137816697193;0.6761597944538527;0.5047063523299479;0.8468847686168286];0.78008647847751;0.25
186;0.3329321717467141;0.5239622748340528;5;0.5194751490406843;[0.2446955015839016;0.43572560467124033;0.4211688419095265;0.6121989449968652];0.7805615076685112;0.25
7622;0.20602715917145492;0.6836696777469271;6;0.5024699678095143;[0.12312988745412073;0.6007724060295929;0.2889244308887891;0.7665669494642613];0.7747655421761562;0.25
800;0.49264479052479704;0.6524967440995585;6;0.6076342749041634;[0.4104986904734657;0.5703506440482271;0.5747908905761284;0.7346428441508899];0.7783251924251231;0.25
5819;0.91145536002612;0.4154902210718549;6;0.43868599245131806;[0.8262896761934387;0.33032453723917365;0.9966210438588013;0.5006559049045362];0.772659266998448;0.25
9646;0.5697778472557063;0.43851027026039635;6;0.5225912682676616;[0.48924233017183527;0.3579747531765253;0.6503133643395774;0.5190457873442674];0.7741667692519915;0.25
7450;0.277205985540264;0.35683071878757255;6;0.3990383499900043;[0.18962087901837069;0.2692456122656792;0.3647910920621573;0.4444158253094659];0.7743471227387517;0.25
6975;0.31216235026762407;0.7433813448046178;6;0.4354044127198816;[0.22586720845839098;0.6570862029953848;0.39845749207685716;0.8296764866138508];0.7830737357544333;0.25
