4730;0.570695109538944;0.11904122608941559;6;0.6222592601147284;[0.4796785554082902;0.028024671958761765;0.6617116636695978;0.2100577802200694];0.7769383052914305;0.25
1621;0.7693637903970763;0.48188384144156143;6;0.4675571549839379;[0.6785596785482835;0.3910797295927687;0.860167902245869;0.5726879532903542];0.7651959033288481;0.25
2040;0.8625609965517749;0.08688567720519891;6;0.5895379382802002;[0.7758151489984585;1.3982965188248653E-4;0.9493068441050913;0.17363152475851534];0.7759405516374199;0.25
6603;0.46020509259030196;0.9323662711314096;6;0.5672406451861081;[0.37132911592161905;0.8434902944627266;0.5490810692589849;1.0212422478000924];0.7741808005923523;0.25
3305;0.9773544664604873;0.9482906021577413;6;0.3696248408466377;[0.888885489135527;0.859821624832781;1.0658234437854477;1.0367595794827016];0.7714079768199646;0.25
4416;0.9720235339812797;0.08455825717630616;6;0.5602410816905622;[0.884852142569477;-0.0026131342354965836;1.0591949253930824;0.1717296485881089];0.7816778425059423;0.25
1349;0.8919809095020044;0.49770927562102124;6;0.429687996875864;[0.8030305276688396;0.4087588937878565;0.9809312913351691;0.586659657454186];0.778909232410974;0.25
8348;0.25278512490714045;0.4390946805682727;6;0.5387795906417069;[0.17120642629757793;0.3575159819587102;0.33436382351670296;0.5206733791778353];0.7682151678467066;0.25
6837;0.33894180769262156;0.8935550137544386;6;0.552690904650762;[0.2506559174198953;0.8052691234817123;0.4272276979653478;0.9818409040271648];0.77449054271434;0.25
8118;0.19390743704066232;0.5475435969271429;6;0.5601295318704884;[0.10636295237828099;0.4599991122647616;0.2814519217030437;0.6350880815895242];0.7711820394021119;0.25
2006;0.8879751326463172;0.40642638098776723;6;0.5390335451436459;[0.8044596984360541;0.32291094677750415;0.9714905668565803;0.4899418151980303];0.7681157884046926;0.25
1573;0.5857539967989851;0.07295779333187746;6;0.4424596570806143;[0.4978091817778513;-0.01498702168925635;0.6736988118201189;0.1609026083530113];0.7719556456615445;0.25
8139;0.25242196652669824;0.7690947981198755;6;0.5228155376060294;[0.16615942983594137;0.6828322614291186;0.33868450321745514;0.8553573348106324];0.7783936220591535;0.25
9395;0.9266380374818575;0.6776409694429287;6;0.5414955698622705;[0.8383771178448753;0.5893800498059466;1.0148989571188396;0.7659018890799109];0.7789415461274426;0.25
7379;0.39351908146865255;0.35899412070230796;6;0.7503704095470785;[0.30404707328113434;0.26952211251478975;0.48299108965617077;0.4484661288898262];0.7776862825203337;0.25
3924;0.594674023842592;0.9817992896590287;6;0.6696368890552593;[0.5034348932435898;0.8905601590600265;0.6859131544415943;1.073038420258031];0.7688579670001661;0.25
1175;0.42782367348881467;0.001265162034429279;6;0.5493207479486608;[0.3408073908057625;-0.08575112064862289;0.5148399561718668;0.08828144471748145];0.7798244129550949;0.25
2041;0.45183989590021945;0.3554163825635474;5;0.3879832805244551;[0.36549679509822147;0.26907328176154943;0.5381829967022174;0.4417594833655454];0.7815039352521491;0.25
9573;0.8465540480770054;0.5848427931575433;6;0.6419573835215535;[0.7553993375715191;0.49368808265205694;0.9377087585824917;0.6759975036630297];0.7751597523602874;0.25
5949;0.31530137543683845;0.1635651740171532;6;0.5179131970776343;[0.22701551120977403;0.0752793097900888;0.40358723966390286;0.2518510382442176];0.7851168785242884;0.25
3421;0.7014338791148536;0.25466692328736623;6;0.49398242560939726;[0.6147535810425528;0.16798662521506552;0.7881141771871543;0.34134722135966694];0.7661958319253713;0.25
8268;0.41527848841670445;0.8560497393454843;6;0.5376410809400403;[0.3266891808929078;0.7674604318216878;0.503867795940501;0.9446390468692809];0.7791378069268771;0.25
2499;0.1889441830051678;0.8659204096981719;6;0.47866553944959384;[0.1014290739879348;0.7784053006809388;0.2764592920224008;0.9534355187154049];0.77792219648335;0.25
8681;0.9818052234409278;0.42565310518073746;6;0.5683168111929815;[0.8948615049315658;0.3387093866713755;1.0687489419502898;0.5125968236900994];0.771974807115806;0.25
1338;0.6585005974515002;0.6901775175350835;6;0.5566418134791911;[0.5738804751784398;0.605557395262023;0.7431207197245607;0.774797639808144];0.7769758730116385;0.25
8342;0.18997937109998841;0.9311032434327886;6;0.5758699017823791;[0.10374090088945602;0.8448647732222562;0.2762178413105208;1.017341713643321];0.768017352881067;0.25
5209;0.7937518420612847;0.10589744399506462;6;0.41433712474821977;[0.7057824323940033;0.0179280343277832;0.8817212517285661;0.19386685366234604];0.780231898243589;0.25
5683;0.743869492850594;0.21934611864524017;6;0.5403383556810527;[0.6568484931930141;0.13232511898766025;0.8308904925081739;0.3063671183028201];0.7765290601462084;0.25
3824;0.44876477860013053;0.8431823019413578;6;0.5278993879590649;[0.36190916414687024;0.7563266874880975;0.5356203930533908;0.9300379163946181];0.7729055973021834;0.25
5576;0.23283325763551105;0.5565403441919137;6;0.6412136786899781;[0.1461952921815885;0.4699023787379911;0.3194712230894336;0.6431783096458362];0.7804670919308684;0.25
7297;0.8629449947437231;0.08386204963755506;6;0.4060975421507037;[0.7790204959278836;-6.244917828443497E-5;0.9468694935595626;0.16778654845339455];0.7763099255530583;0.25
474;0.29816385856730665;0.6048729479648175;6;0.21845808310869785;[0.21061698754521746;0.5173260769427284;0.38571072958939584;0.6924198189869066];0.7748574292327934;0.25
7760;0.27732020808916;0.4140901762345143;5;0.5225393595656915;[0.1957078127179893;0.33247778086334356;0.35893260346033073;0.495702571605685];0.7782689681783821;0.25
4709;0.7321874139235838;0.46989572650899103;6;0.4402086004711263;[0.6476958657087604;0.3854041782941676;0.8166789621384072;0.5543872747238144];0.7749782919166783;0.25
641;0.15103180526465193;0.5634106502112469;6;0.6016697885576698;[0.06459951041070519;0.47697835535730015;0.23746410011859867;0.6498429450651937];0.7700342525930888;0.25
1381;0.32349066806433335;0.6278521210978121;6;0.5053781174262393;[0.2326329407665622;0.536994393800041;0.4143483953621045;0.7187098483955832];0.7764729083296985;0.25
897;0.5980925942178817;0.7733776166729023;6;0.43731504016190303;[0.5106424238117533;0.6859274462667737;0.6855427646240102;0.8608277870790308];0.7790953348151667;0.25
4226;0.3881965305147065;0.5384557591381403;6;0.4215027502138887;[0.30326761086522636;0.4535268394886601;0.4731254501641866;0.6233846787876204];0.7723893717386029;0.25
1928;0.762378406973777;0.4919091578098738;6;0.5323747546292346;[0.6796983604272021;0.4092291112632989;0.8450584535203519;0.5745892043564487];0.7707479962504952;0.25
560;0.4022964467391186;0.8181952117642568;6;0.5965766691677851;[0.31434822286494785;0.7302469878900861;0.4902446706132893;0.9061434356384275];0.7779549720396343;0.25
5650;0.38519749090547895;0.3085962139264929;6;0.471203463271352;[0.2995818344984508;0.22298055751946477;0.47081314731250706;0.394211870333521];0.7813959431821618;0.25
6082;0.799141467648632;0.6870589644960768;6;0.6066035696748647;[0.7117712577351034;0.5996887545825482;0.8865116775621606;0.7744291744096055];0.7719381476350787;0.25
7413;0.490740772741276;0.438359835168425;6;0.5759182554476872;[0.40191538563990536;0.3495344480670544;0.5795661598426466;0.5271852222697957];0.774348844182687;0.25
8658;0.32537855499395685;0.6621739896938355;6;0.41977200573180673;[0.2361795573138199;0.5729749920136985;0.4145775526740938;0.7513729873739724];0.7823631939449589;0.25
7461;0.006109845565721583;0.700611370348055;6;0.49437222226590116;[-0.07985431214288889;0.6146472126394446;0.09207400327433206;0.7865755280566654];0.7657628551860517;0.25
430;0.3978491065674534;0.22086772712245828;6;0.47546428974504334;[0.308887719680346;0.13190634023535083;0.48681049345456084;0.3098291140095657];0.7793810341535442;0.25
6835;0.9115813662674794;0.3423061187616982;6;0.44409370880517374;[0.8266605704665269;0.2573853229607456;0.996502162068432;0.4272269145626508];0.7781377811800662;0.25
475;0.8042958165801041;0.46013008335502015;6;0.4836297910086419;[0.7176502068772954;0.3734844736522115;0.8909414262829127;0.5467756930578288];0.7730706583400551;0.25
8359;0.6066606298710673;0.28526152688355755;6;0.5983640547286632;[0.5189382046316008;0.1975391016440911;0.6943830551105338;0.372983952123024];0.7764511602120111;0.25
8705;0.6914150885269029;0.1766345184549153;6;0.3075980831144832;[0.6033123092617576;0.08853173918976993;0.7795178677920482;0.26473729772006066];0.7768552604125512;0.25
2656;0.992563284948691;0.5231028699696567;6;0.6263605610584666;[0.9079887812949448;0.4385283663159105;1.0771377886024371;0.6076773736234029];0.777650513690787;0.25
1148;0.3572908722935641;0.5534901731182027;6;0.4667784834236487;[0.26530870937552026;0.46150801020015886;0.44927303521160794;0.6454723360362465];0.7798403963810345;0.25
5334;0.9532564453406089;0.7782921111662019;6;0.3813126713597195;[0.8710266622581011;0.6960623280836941;1.0354862284231168;0.8605218942487097];0.7770786602274444;0.25
1484;0.8017059518699581;0.20681799714891613;6;0.6171555744518272;[0.7128075196939112;0.11791956497286926;0.890604384046005;0.295716429324963];0.7678000736957683;0.25
8140;0.9859300971110787;0.7610171087267877;6;0.48084839388712036;[0.900665756185079;0.6757527678007881;1.0711944380370784;0.8462814496527874];0.7721818543421927;0.25
3239;0.8258147102184596;0.43676177381335457;6;0.45365778955640634;[0.7336017717428724;0.34454883533776737;0.9180276486940468;0.5289747122889418];0.7712337928842304;0.25
6234;0.968251226684974;0.48048825632476655;6;0.5365636931613927;[0.881522111762947;0.3937591414027396;1.054980341607001;0.5672173712467935];0.7805670306897992;0.25
6577;0.80107847824507;0.677074559672916;6;0.5080395361289929;[0.71393162418361;0.589927705611456;0.8882253323065299;0.7642214137343759];0.7727222812976384;0.25
2674;0.23881489353899327;0.8549096743752254;6;0.3899100926632502;[0.151573280101686;0.7676680609379181;0.3260565069763005;0.9421512878125327];0.7772786165031169;0.25
5142;0.3251693604246112;0.39985414374885625;5;0.3848469295193049;[0.239320285668729;0.3140050689929741;0.4110184351804934;0.4857032185047384];0.7722950251862576;0.25
3546;0.5289402503496432;0.5547529175007185;6;0.3914607182428976;[0.4393098555932815;0.46512252274435684;0.6185706451060049;0.6443833122570802];0.7712160983954577;0.25
7737;0.13839381416227908;0.6774360652573372;6;0.3803285318560601;[0.04744667403185229;0.5864889251269104;0.22934095429270587;0.7683832053877641];0.7747603434990251;0.25
7157;0.480428151758026;0.3337195399561004;6;0.6636749847025633;[0.3920047072805435;0.24529609547861786;0.5688515962355085;0.4221429844335829];0.7764073030801492;0.25
705;0.01999627410028626;0.7895554337795291;6;0.45097975116326616;[-0.0626578086831851;0.7069013509960578;0.10265035688375762;0.8722095165630004];0.7731187938641431;0.25
9675;0.35564448358238304;0.8916801265161651;6;0.4179423939830454;[0.26651115260240793;0.80254679553619;0.44477781456235815;0.9808134574961402];0.7717381996495578;0.25
5979;0.9113392728982795;0.742746758420155;6;0.3618261500577703;[0.8288543930580101;0.6602618785798855;0.993824152738549;0.8252316382604246];0.7767423954885464;0.25
299;0.9568511618697875;0.71004595710658;6;0.5258684937717744;[0.87077968518247;0.6239744804192625;1.0429226385571049;0.7961174337938975];0.7700287433083028;0.25
7922;0.6565344082625268;0.03330740740294058;5;0.5853651027687123;[0.5711682998114175;-0.052058701048168746;0.7419005167136362;0.11867351585404991];0.7698715446121971;0.25
4870;0.7865682371702671;0.8889959524365082;6;0.3545783347740336;[0.6973359912419775;0.7997637065082186;0.8758004830985567;0.9782281983647978];0.7738317024306144;0.25
2191;0.9556621233537796;0.5428337644471928;6;0.5176514827982827;[0.8687961920942018;0.4559678331876149;1.0425280546133575;0.6296996957067706];0.7720353043415095;0.25
251;0.8902776263609529;0.8618874492121723;6;0.6013655528310656;[0.7964813716376942;0.7680911944889136;0.9840738810842116;0.955683703935431];0.7696512279349073;0.25
924;0.8709239825969919;0.3961905874771245;6;0.3055834222056423;[0.7866560770083929;0.3119226818885255;0.9551918881855909;0.48045849306572347];0.7745413578927347;0.25
7916;0.8703482075241402;0.2772200703876432;6;0.39983078311165077;[0.7830262186917898;0.18989808155529275;0.9576701963564906;0.3645420592199936];0.7725241798732778;0.25
5564;0.24055694151347895;0.027282872184195117;7;0.5267558702290451;[0.15537427898786932;-0.0578997903414145;0.3257396040390886;0.11246553470980473];0.7782813907724188;0.25
8120;0.1127140935773715;0.6139247547425796;7;0.6187110398382625;[0.024609485030860828;0.5258201461960689;0.20081870212388217;0.7020293632890903];0.7792018262569719;0.25
2031;0.2948585576270072;0.5466484790558713;6;0.6502455496498127;[0.21222953459349486;0.464019456022359;0.3774875806605195;0.6292775020893837];0.7709388827284767;0.25
9952;0.456468830875494;0.7441067884981013;7;0.4293566566035746;[0.36578080861861695;0.6534187662412242;0.5471568531323711;0.8347948107549784];0.7776485858370601;0.25
3872;0.8430163997816162;0.9866377998522027;6;0.4798645843851851;[0.7535102133507378;0.8971316134213242;0.9325225862124947;1.076143986283081];0.7667098796522217;0.25
1921;0.379825879213619;0.8786444178461237;6;0.6520203414858265;[0.291744102906763;0.7905626415392677;0.467907655520475;0.9667261941529797];0.7738777340979864;0.25
7808;0.5526887344452007;0.4088539249505863;6;0.7046245173081842;[0.47033040091661793;0.3264955914220035;0.6350470679737835;0.4912122584791691];0.7763087184289137;0.25
5210;0.0827697312897202;0.239609497894735;6;0.5861103297626608;[-0.0043278689395075814;0.1525118976655072;0.169867331518948;0.3267070981239628];0.7644563783099291;0.25
9470;0.31181406676131973;0.9003937482308948;6;0.40453631180327576;[0.21988155532538567;0.8084612367949607;0.4037465781972538;0.9923262596668289];0.7759607509021073;0.25
8577;0.20483102075315984;0.48484815722997;6;0.3737636109056259;[0.1175696231711503;0.3975867596479604;0.2920924183351694;0.5721095548119796];0.7720206089978234;0.25
8290;0.20855048234815238;0.48547320030867736;6;0.5442673098475505;[0.12230355729004207;0.39922627525056703;0.2947974074062627;0.5717201253667876];0.776273718512122;0.25
1641;0.6015031192011099;0.8963982381763693;6;0.3845568433196321;[0.5144122631461772;0.8093073821214366;0.6885939752560426;0.983489094231302];0.7722798773117794;0.25
3210;0.9227040105935462;0.589283612525415;6;0.6839413719107916;[0.8343611001476845;0.5009407020795533;1.011046921039408;0.6776265229712766];0.7707463068527041;0.25
7597;0.4163073826702737;0.4857630096422189;6;0.5560246639195044;[0.33248810221239955;0.40194372918434484;0.5001266631281478;0.569582290100093];0.7674903950446166;0.25
7380;0.4667814746691181;0.7863638638988433;6;0.6286833578501311;[0.3776291266315717;0.6972115158612969;0.5559338227066645;0.8755162119363896];0.7814733020205661;0.25
4564;0.9803155583407177;0.6193978083773244;5;0.3984509184874879;[0.8947077345465242;0.5337899845831309;1.0659233821349112;0.7050056321715179];0.7774677171470612;0.25
8891;0.9461234901815656;0.7200491136623445;7;0.38673796649251485;[0.8595120645352995;0.6334376880160784;1.0327349158278318;0.8066605393086106];0.7756813257027366;0.25
8760;0.8873330789914897;0.7718629801488068;6;0.5131400801593508;[0.8018988195226384;0.6864287206799555;0.972767338460341;0.8572972396176581];0.7720290013180829;0.25
6687;0.2161565110371097;0.10943026237197362;6;0.623539216076725;[0.13372508558725243;0.02699883692211634;0.29858793648696696;0.19186168782183088];0.7751085953307386;0.25
6388;0.322134986330744;0.5491272711722046;6;0.42500195476085634;[0.23390265591825596;0.4608949407597166;0.410367316743232;0.6373596015846926];0.773315249045447;0.25
1360;0.6291671336998541;0.9752510254517768;6;0.5775874803995367;[0.5438642024255941;0.8899480941775167;0.7144700649741141;1.060553956726037];0.7712874342353906;0.25
7701;0.2818736216674238;0.3090887745355103;7;0.6608937642092079;[0.19305375328857818;0.2202689061566647;0.3706934900462694;0.3979086429143559];0.7785854906021821;0.25
7501;0.60354577442351;0.2204364063084185;6;0.4615667451120599;[0.5173338170856534;0.13422444897056185;0.6897577317613666;0.3066483636462751];0.7714512108264916;0.25
1824;0.49431253254982294;0.5323409830243486;6;0.50975848458751;[0.407690699558087;0.44571915003261275;0.5809343655415589;0.6189628160160845];0.7709141131628667;0.25
8319;0.27380868812681214;0.449599216884225;6;0.3821100868330908;[0.18950396235243994;0.3652944911098528;0.35811341390118434;0.5339039426585972];0.7613609852453539;0.25
408;0.941683032331985;0.5329620039140679;6;0.6031320698495759;[0.8535169275174098;0.44479589909949274;1.0298491371465601;0.6211281087286431];0.7823987302758033;0.25
778;0.7728214325077575;0.2669852888629838;6;0.44164871697915903;[0.6875202721716943;0.18168412852692065;0.8581225928438206;0.35228644919904695];0.7741408517283094;0.25
2174;0.41450901554702396;0.028448476828386138;6;0.46407827309738897;[0.3264090819440946;-0.0596514567745432;0.5026089491499532;0.11654841043131547];0.7738297872869327;0.25
9674;0.6916715002249038;0.6383085767405886;6;0.515513342510932;[0.6052546140298712;0.5518916905455561;0.7780883864199363;0.7247254629356211];0.7747238769498116;0.25
4781;0.9948282043110249;0.2181532968947923;6;0.6052634067897115;[0.9029071230493276;0.12623221563309503;1.086749285572722;0.3100743781564895];0.7776567107808462;0.25
7556;0.852634172644365;0.5047445973340059;6;0.5082524342041167;[0.7667307685056057;0.41884119319524654;0.9385375767831243;0.5906480014727653];0.7777536311475397;0.25
129;0.8485726742291314;0.16885972593143878;6;0.6079818767820195;[0.7609172807624522;0.08120433246475958;0.9362280676958106;0.256515119398118];0.7700650550774648;0.25
8067;0.34288627044191866;0.6304503273351149;6;0.5108260360388391;[0.2593989024338835;0.5469629593270797;0.4263736384499538;0.71393769534315];0.7749592202315592;0.25
5776;0.8652820747820958;0.7645504610127394;6;0.5808335905244322;[0.7752131304606716;0.6744815166913152;0.95535101910352;0.8546194053341636];0.785223219892115;0.25
1369;0.020273972690192044;0.5926741363799365;6;0.5016037231692345;[-0.06659502254557431;0.5058051411441702;0.1071429679259584;0.6795431316157028];0.7744206868077342;0.25
4322;0.4677414510539891;0.43725797323873694;6;0.3598883139346591;[0.3803716169268009;0.3498881391115487;0.5551112851811774;0.5246278073659252];0.7657571376057642;0.25
1658;0.8816396655007669;0.28796783418689115;6;0.4580780903748543;[0.7956473270001826;0.20197549568630682;0.9676320040013512;0.3739601726874755];0.780117507921481;0.25
5737;0.9713700638387979;0.12682315473199696;6;0.46239550470123314;[0.8836600835682441;0.03911317446144319;1.0590800441093515;0.21453313500255072];0.7715733015392388;0.25
357;0.8708811529328692;0.9149007324480549;6;0.45768798888002804;[0.784776554059496;0.8287961335746817;0.9569857518062423;1.0010053313214282];0.7870289019142137;0.25
2893;0.20125472541511102;0.4929460129022508;6;0.2793358538412253;[0.11876288296437362;0.41045417045151344;0.2837465678658484;0.5754378553529882];0.7684332102637325;0.25
350;0.8385108409811335;0.8531889599260172;6;0.49869585989783594;[0.7480079092209518;0.7626860281658355;0.9290137727413151;0.9436918916861988];0.7774654271260283;0.25
7266;0.618764853700983;0.9980724646204218;7;0.3953761911603089;[0.5307247203655451;0.9100323312849838;0.7068049870364209;1.0861125979558597];0.7713860576077404;0.25
2526;0.533739490242467;0.6695245337113351;6;0.47974628849498907;[0.4465319536805471;0.5823169971494152;0.620947026804387;0.7567320702732551];0.7696569561095905;0.25
4626;0.1678621725868159;0.6032930382584784;6;0.5501344658042205;[0.07883257761918808;0.5142634432908505;0.25689176755444376;0.6923226332261062];0.7733701236726932;0.25
3092;0.9115401216209342;0.09571443297365179;6;0.502539608174799;[0.8275120092905126;0.011686320643230108;0.9955682339513559;0.17974254530407346];0.7763454941819965;0.25
7267;0.4235570734429484;0.4800716588803106;6;0.33220347711747145;[0.33162385521662235;0.38813844065398456;0.5154902916692745;0.5720048771066366];0.7755370605110526;0.25
4773;0.7232350814851631;0.4762622803540559;6;0.43980340966642634;[0.6370562415666831;0.3900834404355758;0.8094139214036432;0.5624411202725359];0.7781318043701332;0.25
6902;0.8051151952475911;0.4847211535455631;6;0.4978244552444347;[0.7180707418449325;0.39767670014290446;0.8921596486502498;0.5717656069482218];0.7722468920021339;0.25
3781;0.8605072664945624;0.4820587871297863;6;0.529746381193653;[0.7729735763520039;0.39452509698722776;0.948040956637121;0.5695924772723449];0.7804477582718559;0.25
7814;0.19722601589746658;0.10730193158754747;6;0.3940238036898034;[0.10413226141491808;0.01420817710499897;0.2903197703800151;0.20039568607009597];0.7667995645602019;0.25
4432;0.23849444043810186;0.49343531580879857;6;0.4897116540246273;[0.152647194482759;0.40758806985345575;0.32434168639344474;0.5792825617641414];0.771669169034068;0.25
1979;0.9615732796394445;0.3509372986587751;6;0.484618990488965;[0.8771216852666849;0.2664857042860155;1.046024874012204;0.4353888930315347];0.7821796717635061;0.25
5634;0.962267127409479;0.059160193209719325;6;0.5509312134045161;[0.8762714237523129;-0.026835510447446698;1.048262831066645;0.14515589686688535];0.7736716623471926;0.25
7471;0.49881890006982127;0.3485948687412926;6;0.47647726287313513;[0.40640252441461483;0.25617849308608615;0.5912352757250277;0.441011244396499];0.7739500921834213;0.25
4771;0.4847723899297958;0.7983762951622917;6;0.5360236237115844;[0.3967240672874434;0.7103279725199393;0.5728207125721483;0.8864246178046441];0.7740530621133258;0.25
9391;0.8092637901289966;0.23273080986501538;5;0.27004130269373217;[0.7218322032053524;0.14529922294137115;0.8966953770526409;0.3201623967886596];0.7772750076940437;0.25
3725;0.792605969335712;0.24136496715425926;6;0.4376700633310311;[0.7074121283239834;0.15617112614253054;0.8777998103474407;0.326558808165988];0.7778583506001805;0.25
960;0.5512144083761223;0.5595539223568448;6;0.49181012645578603;[0.4640527474448619;0.4723922614255843;0.6383760693073828;0.6467155832881052];0.7829849424298975;0.25
5538;0.6501107103752839;0.9651790620087664;6;0.5212248955420804;[0.5665240017160157;0.8815923533494981;0.7336974190345521;1.0487657706680347];0.7719971707600418;0.25
6;0.5262797683846325;0.8572276169386486;6;0.3614640433669895;[0.43943670851454236;0.7703845570685584;0.6131228282547228;0.9440706768087388];0.7766776624316689;0.25
8164;0.7087025704117189;0.22946812159459057;6;0.6072879926664507;[0.6228063408157221;0.14357189199859377;0.7945988000077158;0.31536435119058737];0.779027357793288;0.25
532;0.5115178289193227;0.7882751378626374;6;0.5341927122567566;[0.42627855769648676;0.7030358666398013;0.5967571001421588;0.8735144090854734];0.7730969171700572;0.25
5069;0.13283803386395387;0.7106831761876911;6;0.366385694990499;[0.04076817946541564;0.6186133217891528;0.2249078882624921;0.8027530305862293];0.7802625602444577;0.25
9295;0.853718562725411;0.3248982148063727;6;0.4375143924245288;[0.7705451377578003;0.24172478983876206;0.9368919876930217;0.40807163977398336];0.7634211988897;0.25
4972;0.04242258711622804;0.4972775733332929;6;0.5139441512506973;[-0.04513418855358195;0.4097207976634829;0.12997936278603803;0.5848343490031029];0.7754264804818441;0.25
3422;0.7823425556266767;0.2983433794780367;6;0.5709172336754208;[0.6981381004863271;0.2141389243376871;0.8665470107670262;0.38254783461838626];0.7774226093061682;0.25
8848;0.6510221060561805;0.7249911334142594;5;0.43271455547781495;[0.5643863596732006;0.6383553870312795;0.7376578524391604;0.8116268797972392];0.7705244555375214;0.25
1442;0.6090006667349945;0.5989324134872562;6;0.4528949957317337;[0.5196923243356676;0.5096240710879293;0.6983090091343215;0.6882407558865832];0.7734679829194044;0.25
6091;0.5599606908195365;0.4438292147875708;6;0.3658782150853037;[0.47231716630725507;0.3561856902752894;0.6476042153318179;0.5314727392998523];0.7732977209123301;0.25
1295;0.7888833436294006;0.2992884591763873;6;0.37150667422784517;[0.7032045831945828;0.21360969874156943;0.8745621040642184;0.38496721961120517];0.771625139916616;0.25
8943;0.6885961936308049;0.008451122251420418;6;0.44461177770197;[0.6028944430275905;-0.07725062835179394;0.7742979442340193;0.09415287285463478];0.7740689611743891;0.25
9395;0.009061381162395077;0.6500914620066454;6;0.5414955698622705;[-0.07719491348669695;0.5638351673575533;0.0953176758114871;0.7363477566557374];0.7789415461274426;0.25
3422;0.9515555334680865;0.7265340402780962;6;0.5709172336754208;[0.8632384125094934;0.6382169193195031;1.0398726544266796;0.8148511612366893];0.7774226093061682;0.25
3539;0.5017186395491475;0.5769232714013885;7;0.6072313919960096;[0.41128788953986445;0.48649252139210547;0.5921493895584306;0.6673540214106716];0.7754999605487476;0.25
5278;0.5404479463539937;0.5220971433084161;6;0.6727675519637056;[0.45538178776902044;0.43703098472344276;0.6255141049389671;0.6071633018933894];0.7731910930869961;0.25
2084;0.9490948867132436;0.9325394270978129;6;0.5446693459911438;[0.8604509248993865;0.8438954652839558;1.0377388485271006;1.02118338891167];0.7735040625723054;0.25
5230;0.418650623072323;0.4755966880184969;6;0.6309816902386955;[0.3340564938799815;0.3910025588261554;0.5032447522646645;0.5601908172108384];0.7745614585343825;0.25
3352;0.64175276603665;0.4024059974539325;5;0.4142523068535705;[0.5562142280787339;0.3168674594960164;0.7272913039945661;0.4879445354118486];0.77546570326012;0.25
4847;0.2985282743448494;0.24823532442620339;6;0.6678619530600882;[0.20873353051277532;0.1584405805941293;0.3883230181769235;0.33803006825827747];0.7730233617625719;0.25
4529;0.8756300236780455;0.12401736980000821;6;0.4951051772699527;[0.7865564777301621;0.034943823852124856;0.964703569625929;0.21309091574789157];0.7656542436131095;0.25
6281;0.43740551829721763;0.16415367819515936;6;0.36833923030164367;[0.3484300349242283;0.07517819482217006;0.526381001670207;0.2531291615681487];0.7761880276740314;0.25
3135;0.7484539368345745;0.6107822758569251;6;0.28828016898265085;[0.6580398032230584;0.5203681422454091;0.8388680704460906;0.7011964094684412];0.7692093979286279;0.25
837;0.26472069014687716;0.3783885972680093;6;0.44012468534613236;[0.17691558487153597;0.2905834919926681;0.35252579542221835;0.46619370254335046];0.7739686794910036;0.25
3044;0.7450123937442472;0.28312213670886904;6;0.6112771881517521;[0.6562936862738716;0.1944034292384934;0.8337311012146228;0.3718408441792447];0.7816181320274753;0.25
387;0.14217647824316904;0.6557134512116422;6;0.725923877469842;[0.05519946855421706;0.5687364415226902;0.229153487932121;0.7426904609005941];0.7780669027337431;0.25
5115;0.3751469481846516;0.04489370480540994;6;0.5479170726615239;[0.2870168361489121;-0.04323640723032955;0.4632770602203911;0.13302381684114944];0.7802165306764748;0.25
2157;0.32037732341007563;0.580426696792139;6;0.4684579089931648;[0.23548594515871446;0.4955353185407778;0.4052687016614368;0.6653180750435002];0.7739427406093469;0.25
5163;0.862689049769207;0.8278644019630085;6;0.5026108970999771;[0.7775101516695593;0.7426855038633607;0.9478679478688548;0.9130433000626562];0.7738493198646513;0.25
9595;0.4452566947882906;0.39062100543380185;6;0.526807216245813;[0.35643002862349066;0.3017943392690019;0.5340833609530906;0.4794476715986018];0.7804286249392588;0.25
4093;0.9400654529771466;0.5532881038690286;6;0.44606987935596193;[0.8579027868544472;0.4711254377463292;1.0222281190998461;0.635450769991728];0.768054139949815;0.25
9608;0.4234423561329697;0.46853583897877693;6;0.29991045642669295;[0.33963350758288563;0.38472699042869285;0.5072512046830537;0.552344687528861];0.7717811749900292;0.25
4293;0.9068069859211443;0.34295268078941143;6;0.5001640365318248;[0.8202391557534009;0.25638485062166805;0.9933748160888877;0.4295205109571548];0.7744400558427391;0.25
255;0.06603995753825498;0.02954326039878885;6;0.5857162428206897;[-0.022420264865211717;-0.058916962004677845;0.15450017994172166;0.11800348280225555];0.7687372854173737;0.25
7396;0.5492981451652188;0.3987530801638679;6;0.4553861642684175;[0.4619811111527862;0.3114360461514353;0.6366151791776514;0.4860701141763005];0.7691921842222295;0.25
1353;0.6777592484050575;0.2478757661597863;6;0.49396890561297346;[0.5927385742420039;0.16285509199673265;0.7627799225681111;0.33289644032283994];0.7665402866121859;0.25
4115;0.9226933461128016;0.3917396409540491;7;0.7381525104768444;[0.8413954110802367;0.31044170592148423;1.0039912811453666;0.473037575986614];0.7812954975762323;0.25
8666;0.44663898059174284;0.6654872427885168;6;0.3530836030233738;[0.35398105780738914;0.5728293200041631;0.5392969033760966;0.7581451655728705];0.7768888598708399;0.25
6186;0.7257871900226757;0.993400187005068;6;0.6137363826792627;[0.637700366103179;0.9053133630855714;0.8138740139421723;1.0814870109245647];0.7847313302643038;0.25
3791;0.6720126509002793;0.46811096264232366;6;0.5701837861051492;[0.5850568295704774;0.38115514131252176;0.7589684722300811;0.5550667839721255];0.768727290155622;0.25
2976;0.1954956748447384;0.5491922966506757;6;0.5944513885820424;[0.10931643598140901;0.4630130577873463;0.2816749137080678;0.635371535514005];0.7737607629877346;0.25
751;0.6787564180905962;0.7495224820728236;6;0.48309057586888304;[0.5911560009691629;0.6619220649513903;0.7663568352120295;0.8371228991942569];0.7715437750221863;0.25
8093;0.560371915810189;0.4352125054809356;6;0.5568705458366361;[0.47293284953600023;0.34777343920674686;0.6478109820843777;0.5226515717551243];0.7741719446061109;0.25
5610;0.7839508418220826;0.16260079773978903;6;0.5693338331935818;[0.6964124510200653;0.07506240693777168;0.8714892326240999;0.2501391885418064];0.7804585677571996;0.25
4985;0.9630995235370732;0.09513322076263248;6;0.6071914074496614;[0.8778493655873779;0.009883062812937216;1.0483496814867683;0.18038337871232774];0.769580638921779;0.25
2588;0.682452274340685;0.17985779962834259;6;0.45324353327617756;[0.597217492565536;0.09462301785319366;0.767687056115834;0.2650925814034915];0.7769335548237328;0.25
340;0.6992052684711805;0.20590317814567827;6;0.47126885146296216;[0.6135823988181507;0.12028030849264851;0.7848281381242103;0.29152604779870805];0.7750757564660673;0.25
6840;0.6812035982850038;0.49244978159854635;6;0.4590387670635138;[0.5918167270394401;0.40306291035298264;0.7705904695305674;0.5818366528441101];0.7718733672491956;0.25
6181;0.5246690391722519;0.0950144430024999;6;0.4743234302334453;[0.4376658339089552;0.008011237739203134;0.6116722444355487;0.18201764826579664];0.7737079478369702;0.25
3224;0.7721763697685163;0.5765916804768478;6;0.569790977198698;[0.6869414534075141;0.4913567641158456;0.8574112861295186;0.6618265968378501];0.7749231755409537;0.25
1111;0.9683955454489096;0.9834013250671214;6;0.4629958535591943;[0.8802256243340602;0.895231403952272;1.056565466563759;1.0715712461819709];0.7735940576188405;0.25
7423;0.2678640968910526;0.6767121483577336;6;0.48300369409473554;[0.18055149635528622;0.5893995478219672;0.355176697426819;0.7640247488935];0.777281704566658;0.25
356;0.9290937593944266;0.45108614633613425;6;0.5150868737483196;[0.845683708245192;0.3676760951868996;1.0125038105436612;0.5344961974853689];0.7808370476148035;0.25
7376;0.23397633863211442;0.8992027887576277;6;0.48155591477204734;[0.14657225825108955;0.8117987083766028;0.3213804190131393;0.9866068691386526];0.7724584594799881;0.25
4402;0.8064751913327348;0.44152819442345853;6;0.6220072054538038;[0.7176681456466638;0.3527211487373875;0.8952822370188058;0.5303352401095295];0.7699637825072112;0.25
9181;0.8447816382296637;0.07783895707188443;6;0.507267622064468;[0.753657177381926;-0.013285503775853302;0.9359060990774014;0.16896341791962216];0.7673357251783961;0.25
1642;0.46121736776763034;0.8897859859058084;6;0.5428188244480856;[0.37432637965081894;0.802894997788997;0.5481083558844417;0.9766769740226198];0.7718892320400882;0.25
8355;0.9082595615210741;0.023990809589022888;6;0.5578854540643973;[0.8195960789461154;-0.06467267298593579;0.9969230440960328;0.11265429216398157];0.7771856163959668;0.25
2859;0.9007847851612886;0.4686023714212439;6;0.3418266159134482;[0.8098592906579631;0.37767687691791846;0.991710279664614;0.5595278659245693];0.7669511748086306;0.25
9943;0.8238539173959339;0.08954002985890058;6;0.5196006248681608;[0.7384589766780637;0.004145089141030386;0.9092488581138042;0.17493497057677077];0.7767487988608168;0.25
2281;0.8745383201394427;0.6585135133791549;6;0.5598400403620236;[0.7862126749708005;0.5701878682105126;0.9628639653080848;0.7468391585477971];0.7759800189084137;0.25
8915;0.3877108233972413;0.9572485049145938;6;0.4878063859466989;[0.3045898738431595;0.874127555360512;0.47083177295132306;1.0403694544686755];0.7719514479080708;0.25
3082;0.4429392925146214;0.1771040898134803;6;0.3385016749282832;[0.357690015338069;0.09185481263692791;0.5281885696911738;0.2623533669900327];0.7723000607430175;0.25
1526;0.8768357610349644;0.353290106131781;6;0.525111756929747;[0.7909811065743275;0.26743545167114413;0.9626904154956013;0.4391447605924179];0.7663973412534512;0.25
3912;0.9752068194818175;0.18761279648793694;6;0.6692035933751183;[0.88920921523162;0.10161519223773936;1.061204423732015;0.27361040073813453];0.768686306688366;0.25
8643;0.5203356546353997;0.9224478685936743;6;0.3710935882134728;[0.43357371579519605;0.8356859297534707;0.6070975934756033;1.009209807433878];0.7706082709892595;0.25
6359;0.08933336699667982;0.3179867365755287;6;0.5580010746375283;[-7.56136995824358E-4;0.2278972325830245;0.179422870989184;0.4080762405680328];0.7689667330262484;0.25
5484;0.5532414555705001;0.8480768407752349;6;0.4929981287650487;[0.4695579079491409;0.7643932931538757;0.6369250031918593;0.9317603883965941];0.7725621853083366;0.25
5227;0.9266424402707834;0.8216304913024137;6;0.47545804887146753;[0.8391794873768825;0.7341675384085129;1.0141053931646842;0.9090934441963145];0.7777675291417706;0.25
2526;0.4162858072481554;0.055230154751141125;6;0.47974628849498907;[0.3287816033510742;-0.03227404914594009;0.5037900111452366;0.14273435864822234];0.7696569561095905;0.25
343;0.26637712696124766;0.8536013655544508;6;0.5244774052172337;[0.18016948699529572;0.7673937255884988;0.3525847669271996;0.9398090055204027];0.7665286196872381;0.25
4685;0.7483727576204207;0.3943175171022669;6;0.4381307598953328;[0.6598074940333892;0.30575225351523544;0.8369380212074521;0.4828827806892984];0.7752385286277556;0.25
7192;0.420246799663876;0.2623080868908115;7;0.461791840452418;[0.3297644237257901;0.17182571095272559;0.5107291756019618;0.35279046282889737];0.7709226330712102;0.25
3718;0.5428691248716174;0.1875831807192645;6;0.5353236848578251;[0.4542432181516516;0.09895727399929867;0.6314950315915833;0.27620908743923034];0.7790006969988792;0.25
1391;0.7512404905775907;0.325361437495487;6;0.6768471433389105;[0.6597211784968128;0.23384212541470914;0.8427598026583686;0.41688074957626486];0.7688443009643376;0.25
8436;0.5952264158725659;0.6113569511455527;6;0.4790178971386614;[0.5109343875243483;0.5270649227973351;0.6795184442207834;0.6956489794937702];0.7728501547365461;0.25
8769;0.6390431633876913;0.7316318708974818;6;0.49527450321168337;[0.5508355119923299;0.6434242195021205;0.7272508147830526;0.8198395222928432];0.7788955768173635;0.25
5997;0.8937793522307118;0.3435150243494361;6;0.4160315489462804;[0.8063548333923384;0.25609050551106266;0.9812038710690852;0.4309395431878095];0.7717873375454268;0.25
2938;0.3300758653563204;0.047615217748485206;6;0.5768831412522142;[0.24574037821259814;-0.03672026939523705;0.41441135250004263;0.13195070489220745];0.7797735773451435;0.25
8021;0.5689739165636102;0.3527323726172948;6;0.23427207825546414;[0.47957827982124435;0.263336735874929;0.658369553305976;0.44212800935966057];0.7783448434714301;0.25
599;0.9658771084270206;0.18514934524216992;6;0.5344134396358087;[0.8831326832620996;0.10240492007724888;1.0486215335919415;0.26789377040709095];0.7752376295634678;0.25
4789;0.47497648240495727;0.7255336795161756;6;0.5711364066789586;[0.3874629603813789;0.6380201574925972;0.5624900044285357;0.8130472015397541];0.776902214328277;0.25
954;0.8431280193241522;0.29457304130985573;5;0.5207322644748551;[0.7555628752813841;0.2070078972670877;0.9306931633669202;0.3821381853526238];0.7721223772008934;0.25
8309;0.9153214058280637;0.6605559362362853;6;0.414326216772761;[0.8224589017661036;0.5676934321743252;1.0081839098900238;0.7534184402982453];0.7803703117316092;0.25
5636;0.8984617311175755;0.7182905403292951;6;0.3439414013440778;[0.8112264750270276;0.6310552842387471;0.9856969872081235;0.805525796419843];0.7771562895620837;0.25
7357;0.6388632893500295;0.1602460360737079;5;0.47725591065152234;[0.5557406062977565;0.0771233530214349;0.7219859724023024;0.2433687191259809];0.7678353383116211;0.25
2174;0.9441952473307336;0.7267621917087269;6;0.46407827309738897;[0.857523380444646;0.6400903248226394;1.030867114216821;0.8134340585948144];0.7738297872869327;0.25
4928;0.5635009041896653;0.023147170962170005;7;0.44227179686318724;[0.478683388718935;-0.06167034450856021;0.6483184196603955;0.10796468643290022];0.7791745741050423;0.25
8961;0.4278850849662438;0.9799736076974359;6;0.5299021994210512;[0.34127927664072066;0.8933677993719128;0.5144908932917669;1.066579416022959];0.780242277452916;0.25
7479;0.6124782561742109;0.38001163220565215;6;0.29593067820015373;[0.5236776018401166;0.29121097787155786;0.7012789105083053;0.46881228653974644];0.7654281064301527;0.25
1679;0.2202474202735446;0.7932732510666253;6;0.3998206637272702;[0.13429450742255722;0.7073203382156379;0.306200333124532;0.8792261639176127];0.7817506208860074;0.25
7541;0.6728268680024693;0.07968792220301735;6;0.523557181757018;[0.5862569961506295;-0.006881949648822341;0.759396739854309;0.16625779405485702];0.7707468752633677;0.25
8985;0.7011177826364972;0.028226980991675643;6;0.5992257159719067;[0.6142919828762161;-0.05859881876860534;0.7879435823967782;0.11505278075195663];0.7800773792562726;0.25
4497;0.5954069130149597;0.7518738105336409;6;0.6051826649349016;[0.5090976650206792;0.6655645625393604;0.6817161610092403;0.8381830585279214];0.770644664105797;0.25
2598;0.9543134384527363;0.48123080905987603;6;0.6409783161973168;[0.8638073146471037;0.3907246852542434;1.044819562258369;0.5717369328655086];0.7727995167859759;0.25
9570;0.6321560863541477;0.12802073355533744;6;0.5119322777317544;[0.5473491799491086;0.04321382715029837;0.7169629927591867;0.2128276399603765];0.7652877203373756;0.25
1864;0.18711380986435744;0.5309724927089665;6;0.5640671343175195;[0.10580573607122216;0.44966441891583125;0.2684218836574927;0.6122805665021018];0.7686782299574921;0.25
8508;0.42037453922773393;0.28109320008503763;6;0.6346772836508512;[0.3335111287716903;0.19422978962899404;0.5072379496837776;0.3679566105410812];0.7743326557647172;0.25
7702;0.26418668146107055;0.8951022176542638;6;0.3141840052650082;[0.1714102261879379;0.8023257623811312;0.3569631367342032;0.9878786729273964];0.7738804684309863;0.25
7382;0.4029441795967025;0.9694820015789947;6;0.42538582303392636;[0.31680490764446145;0.8833427296267536;0.4890834515489435;1.0556212735312356];0.7897004217053963;0.25
4728;0.4374236451958172;0.6437254950270824;6;0.46247977593511336;[0.35273738198097276;0.5590392318122379;0.5221099084106617;0.7284117582419269];0.7726537353925184;0.25
1131;0.4743272652376419;0.23778710344489906;6;0.48671716607451543;[0.39054255687833017;0.15400239508558733;0.5581119735969536;0.3215718118042108];0.7686925395428899;0.25
8166;0.8808624529729363;0.8082470274291672;6;0.6480686110126032;[0.7927152995814603;0.7200998740376912;0.9690096063644124;0.8963941808206433];0.7768935987495194;0.25
8149;0.16925715714556677;0.8349355020288989;6;0.5412572750751903;[0.08089357488805068;0.7465719197713828;0.25762073940308283;0.9232990842864149];0.7742574850605883;0.25
6041;0.2916145056940999;0.465790026763572;6;0.5094602875284245;[0.2039821988012579;0.37815771987073;0.37924681258694193;0.553422333656414];0.7717171821530852;0.25
3218;0.6004427696202235;0.9828994062497285;7;0.5207110875395652;[0.5184195114196704;0.9008761480491754;0.6824660278207766;1.0649226644502816];0.7785959536390137;0.25
6355;0.7209640345873487;0.10028523209915752;7;0.5750177666357075;[0.6330257094955126;0.012346907007321453;0.8089023596791848;0.1882235571909936];0.7735889356757445;0.25
1447;0.3093631241294453;0.8515837271466665;6;0.5347805705438495;[0.22314871341976494;0.7653693164369861;0.3955775348391256;0.9377981378563469];0.7828698148191278;0.25
8675;0.4752810000690522;0.4853615816607115;6;0.711753680389656;[0.38969844851073376;0.399779030102393;0.5608635516273707;0.57094413321903];0.7809214719277695;0.25
5424;0.34219414003929227;0.008212036412682422;6;0.5483682595868148;[0.2548724484014906;-0.07910965522511926;0.42951583167709395;0.0955337280504841];0.7716697918371181;0.25
4919;0.597642126833065;0.8500577752648146;6;0.4249986470130792;[0.5116569964057591;0.7640726448375088;0.6836272572603708;0.9360429056921205];0.7795244890697444;0.25
1671;0.7167983065818253;0.2815139667453801;6;0.5719474250341067;[0.6300230358535074;0.1947386960170622;0.8035735773101432;0.368289237473698];0.7801256274654994;0.25
9456;0.4746885383314689;0.9878950247663475;5;0.41961226001000423;[0.38872823147496666;0.9019347179098453;0.5606488451879712;1.0738553316228499];0.7774302773960152;0.25
3836;0.35926831730420855;0.32265492003134655;6;0.2942517854473447;[0.27482373073050964;0.23821033345764764;0.44371290387790746;0.40709950660504546];0.7767690532849432;0.25
8510;0.4059394818855221;0.6163347115884386;6;0.5820356597602023;[0.3205282107010152;0.5309234404039317;0.49135075307002896;0.7017459827729454];0.7722041345429423;0.25
2150;0.8856945418371882;0.5589453354395485;6;0.5795378122597408;[0.7965985537093881;0.46984934731174843;0.9747905299649883;0.6480413235673486];0.7763212337510503;0.25
7809;0.7502793095076113;0.4282560421161413;6;0.4955345864831228;[0.6656112279713672;0.34358796057989716;0.8349473910438555;0.5129241236523855];0.7722203927618562;0.25
9925;0.7091623356631169;0.896341102318611;6;0.4993217485643257;[0.6211897888738344;0.8083685555293284;0.7971348824523995;0.9843136491078935];0.7721509815057834;0.25
4638;0.4503304984478864;0.3150959146779025;6;0.5438572730688735;[0.3644982292450647;0.2292636454750808;0.5361627676507081;0.40092818388072415];0.7733748327528145;0.25
104;0.10130004132420589;0.5145580687156405;5;0.5403414551476055;[0.012764060375081016;0.4260220877665156;0.18983602227333077;0.6030940496647653];0.7741606433458791;0.25
8346;0.5995508816706642;0.09160939475618668;6;0.4940586746926998;[0.5169962647044591;0.009054777789981663;0.6821054986368692;0.1741640117223917];0.7743229147316794;0.25
760;0.26185682783482805;0.3711388303927313;6;0.49554075715520185;[0.1763312924288521;0.28561329498675536;0.347382363240804;0.4566643657987073];0.7771076019629128;0.25
5503;0.5029469617617635;0.32482532327790714;6;0.41366709468608026;[0.4164624716311668;0.23834083314731047;0.5894314518923601;0.4113098134085038];0.7751076747881546;0.25
3817;0.6866315320067324;0.43216977288003044;6;0.6328225266175237;[0.6002965634785012;0.34583480435179925;0.7729665005349636;0.5185047414082616];0.7837656333093604;0.25
7753;0.2709566037750809;0.7081835715756293;6;0.3488645550933851;[0.1849021223502949;0.6221290901508433;0.3570110851998669;0.7942380530004153];0.7746224760208498;0.25
2029;0.7485401558792124;0.14289742527735977;6;0.5470699279017289;[0.6573605187728347;0.051717788170982104;0.8397197929855901;0.23407706238373743];0.7840891506773864;0.25
7751;0.2509061230488283;0.5797154262438783;6;0.34367101734804806;[0.16336053661709965;0.4921698398121496;0.338451709480557;0.6672610126756069];0.7724945126226865;0.25
1728;0.9550511144546505;0.5608182995500468;6;0.3535166133319334;[0.8663942104826348;0.47216139557803105;1.0437080184266663;0.6494752035220626];0.7716625563500658;0.25
6372;0.579047173120193;0.7364748310219508;6;0.5435938715896296;[0.4904915093816833;0.647919167283441;0.6676028368587028;0.8250304947604605];0.7718760161236975;0.25
2835;0.57406374533851;0.013027689230694528;6;0.5075685096800299;[0.4850856957545189;-0.07595036035329658;0.6630417949225011;0.10200573881468564];0.7650927513381014;0.25
144;0.21301966015948237;0.3788037903716083;6;0.3400942266718491;[0.12689325143915986;0.29267738165128576;0.2991460688798049;0.4649301990919308];0.7767686332615555;0.25
8469;0.7404102902076465;0.12098978839505414;6;0.512557044092621;[0.6517723968018714;0.032351894989278984;0.8290481836134216;0.2096276818008293];0.7700548544302397;0.25
7616;0.2651817645109826;0.5451570440213809;6;0.5370876408844653;[0.18294798922508704;0.46292326873548534;0.3474155397968781;0.6273908193072764];0.7725312733560362;0.25
4990;0.09662071832601193;0.6815190126251688;6;0.4105839804081889;[0.010385873876582324;0.5952841681757391;0.18285556277544154;0.7677538570745984];0.7677681666151251;0.25
1951;0.33858694752202334;0.7675337397563183;6;0.5315590307400739;[0.252814071217343;0.681760863451638;0.4243598238267037;0.8533066160609987];0.7762737170689075;0.25
6943;0.4747067196822489;0.30708079390572285;6;0.4865702572856575;[0.3917792535096633;0.22415332773313723;0.5576341858548345;0.39000826007830847];0.7779030374736139;0.25
9375;0.05598989090097661;0.03201835171774525;6;0.5554525544637254;[-0.03132582406915031;-0.05529736325238167;0.14330560587110353;0.11933406668787218];0.7733547641681577;0.25
7118;0.046636729365641116;0.709245166493589;7;0.4458624274459483;[-0.04182384516327964;0.6207845919646683;0.13509730389456187;0.7977057410225098];0.762246574325956;0.25
4324;0.7456497720669601;0.2509475442949217;6;0.5490440362067571;[0.6583376742185216;0.1636354464464832;0.8329618699153987;0.33825964214336024];0.7826297873286191;0.25
5821;0.6255956305214614;0.504210574813233;6;0.6179002843564151;[0.5400763363650127;0.4186912806567843;0.71111492467791;0.5897298689696816];0.7865380391906924;0.25
3191;0.8521133859589964;0.6564855660782968;6;0.3729955406917347;[0.7592112721996278;0.5635834523189281;0.9450154997183651;0.7493876798376654];0.7720815739486762;0.25
6146;0.2839514781778272;0.17979487948373124;5;0.616421663892353;[0.19368222612244004;0.0895256274283441;0.37422073023321434;0.27006413153911835];0.7737712343813435;0.25
79;0.6455894317809387;0.7926291856321356;6;0.5302095637052501;[0.5597631799769295;0.7068029338281263;0.731415683584948;0.8784554374361448];0.7717041614200144;0.25
7188;0.15997632303761716;0.7867197386201953;6;0.48500378152013773;[0.07354062907381594;0.700284044656394;0.2464120170014184;0.8731554325839965];0.77902346558123;0.25
2615;0.14063852013827516;0.737468048578031;6;0.4491229108003495;[0.052092944702680555;0.6489224731424365;0.22918409557386976;0.8260136240136257];0.7791077909348225;0.25
9815;0.15132306640290516;0.741480845973409;6;0.6072879296848293;[0.06288713856745734;0.6530449181379612;0.23975899423835298;0.8299167738088569];0.7740335062232585;0.25
3704;0.7681521055049247;0.45187438786225503;6;0.7035725226534101;[0.6785144056541252;0.3622366880114556;0.8577898053557242;0.5415120877130545];0.7732151786062513;0.25
1242;0.2789726982014472;0.634319582049343;6;0.31243285471632365;[0.19076826015497095;0.5461151440028668;0.3671771362479235;0.7225240200958193];0.7730361115040952;0.25
6166;0.3392613734796238;0.5431581094081867;6;0.4393418369075168;[0.2508066305048994;0.4547033664334622;0.42771611645434826;0.6316128523829111];0.7765313754971475;0.25
925;0.4945354675502769;0.8343123134745994;6;0.5314127658091424;[0.4127921973067185;0.752569043231041;0.5762787377938352;0.9160555837181579];0.7744456996713236;0.25
1317;0.26882417242879475;0.9136898374017077;6;0.5225367976821592;[0.18451030748635677;0.8293759724592698;0.3531380373712327;0.9980037023441457];0.7742627874971546;0.25
6482;0.8109017764097991;0.517866372248206;6;0.4102888064641595;[0.7183408422799222;0.42530543811832916;0.903462710539676;0.6104273063780827];0.7781734690367693;0.25
4755;0.3606889057999503;0.14022668426554036;6;0.39026789838776715;[0.2733430338646125;0.0528808123302026;0.44803477773528805;0.22757255620087813];0.770713582732005;0.25
9690;0.7508875631314983;0.7921332477108383;6;0.5320997966347711;[0.6648574147516383;0.7061030993309783;0.8369177115113583;0.8781633960906983];0.7629205956408174;0.25
6257;0.32269451704224;0.8472072370232262;6;0.5652155166980333;[0.2334626077439121;0.7579753277248983;0.4119264263405679;0.9364391463215541];0.7728599865761938;0.25
8827;0.010140259530609597;0.03773409422599261;6;0.5594756759760905;[-0.07827977581442797;-0.05068594111904495;0.09856029487564716;0.12615412957103017];0.7823978145851066;0.25
5403;0.16824346138964336;0.23526042327572433;6;0.5761352689936043;[0.08032374056045476;0.14734070244653574;0.25616318221883194;0.3231801441049129];0.7724936419692212;0.25
402;0.7465888619241055;0.6309081840310009;6;0.34116070031590895;[0.6571491114248571;0.5414684335317526;0.8360286124233538;0.7203479345302493];0.7755244420020027;0.25
6418;0.7723764065253816;0.5544162097901716;6;0.3513780251512479;[0.686309676084825;0.4683494793496149;0.8584431369659383;0.6404829402307283];0.7793441812208763;0.25
2478;0.5702753331630843;0.42110834490304205;6;0.4987193432075081;[0.48205904552364615;0.3328920572636039;0.6584916208025224;0.5093246325424802];0.7745868075795428;0.25
6446;0.7979425138104657;0.3264635222931429;6;0.5513960105722894;[0.7124614859653478;0.24098249444802505;0.8834235416555836;0.41194455013826076];0.7763438458344553;0.25
1447;0.6437071743536461;0.8903705507881462;6;0.5347805705438495;[0.5551322345683649;0.801795611002865;0.7322821141389273;0.9789454905734274];0.7828698148191278;0.25
7766;0.32765898100371826;0.7042541224378285;6;0.5845682185679071;[0.2438177727855339;0.6204129142196441;0.4115001892219026;0.7880953306560129];0.7792109703379179;0.25
3018;0.5258683574476803;0.63569170842587;6;0.451661730814874;[0.4402180767856655;0.5500414277638551;0.6115186381096952;0.7213419890878848];0.7706284208337181;0.25
1606;0.17396711115490465;0.2524354113573267;6;0.5274704855665848;[0.09371247170299826;0.17218077190542033;0.25422175060681107;0.3326900508092331];0.7743664816329513;0.25
6007;0.45713137364043377;0.3102515550187891;6;0.5494690234792639;[0.36950392084870215;0.22262410222705747;0.5447588264321654;0.3978790078105207];0.780016001993954;0.25
2667;0.23880879353659318;0.6119247817155233;6;0.5913362206655145;[0.15207967866192956;0.5251956668408597;0.3255379084112568;0.698653896590187];0.7760834302035639;0.25
9216;0.9699938850121124;0.4853503442537358;6;0.5255989132644909;[0.8845211228889079;0.3998775821305314;1.0554666471353167;0.5708231063769402];0.7752965481888655;0.25
