6181;0.04162843116046955;0.5696593298147059;6;0.4743234302334453;[-0.04210296656432233;0.485927932089914;0.12535982888526143;0.6533907275394978];0.7737079478369702;0.25
7511;0.1270508179333414;0.8035106515409793;6;0.5716008358407527;[0.04015562420630886;0.7166154578139468;0.2139460116603739;0.8904058452680119];0.7731378053426767;0.25
3380;0.5348948582666098;0.9607078787405412;7;0.4852614491127082;[0.45222569167859916;0.8780387121525306;0.6175640248546204;1.0433770453285518];0.7764835461179971;0.25
4928;0.4688590204554717;0.8914541609410765;7;0.44227179686318724;[0.3799213524309911;0.802516492916596;0.5577966884799522;0.9803918289655571];0.7791745741050423;0.25
9013;0.14930472544637652;0.5180532887440523;6;0.5193853454797626;[0.0582423943801689;0.4269909576778447;0.24036705651258414;0.60911561981026];0.7708638481084974;0.25
450;0.25235210242310235;0.25744918424844365;6;0.5454149579367424;[0.16717869505918712;0.17227577688452841;0.33752550978701756;0.34262259161235886];0.7762299157528283;0.25
2118;0.2518687096197624;0.8181308157870416;6;0.3976235649166303;[0.16427866332102278;0.730540769488302;0.33945875591850194;0.9057208620857812];0.7776475906369228;0.25
354;0.7735238620895616;0.5963345098777687;6;0.3274976553500186;[0.6816671860888042;0.5044778338770113;0.865380538090319;0.6881911858785261];0.7749889932086189;0.25
4115;0.24918965710843033;0.5945944455955984;7;0.7381525104768444;[0.1581550875922521;0.5035598760794201;0.34022422662460855;0.6856290151117767];0.7812954975762323;0.25
6348;0.3591313408548075;0.023250410225594376;6;0.3235868953212333;[0.2719511966941838;-0.06392973393502932;0.4463114850154312;0.11043055438621807];0.7753315216799033;0.25
2973;0.9078988565588337;0.9031540078202254;6;0.283767403831379;[0.820858993228754;0.8161141444901456;0.9949387198889135;0.9901938711503051];0.7712994288104623;0.25
3796;0.6750192323544251;0.6649172241191214;6;0.551257938458523;[0.5835155239095232;0.5734135156742195;0.7665229407993269;0.7564209325640232];0.7791484482622807;0.25
8168;0.3541531255616145;0.4204179127408594;6;0.39768887270182907;[0.26793631171500476;0.33420109889424965;0.4403699394082242;0.5066347265874691];0.7769422963451945;0.25
7367;0.49806963495043033;0.12975231013548738;6;0.5676903721422283;[0.4149855023377766;0.04666817752283363;0.5811537675630841;0.21283644274814112];0.7680035809045463;0.25
6709;0.8952248436887369;0.9658609699059141;6;0.5538446903367857;[0.8089298268776218;0.879565953094799;0.981519860499852;1.0521559867170291];0.7673785815791336;0.25
5865;0.47163484740589523;0.9445107702490896;6;0.42583811451160175;[0.3876519258095459;0.8605278486527402;0.5556177690022446;1.0284936918454388];0.7769904062005669;0.25
9379;0.1731080145262744;0.2807991200803327;6;0.4183444542028567;[0.08502318114420615;0.19271428669826446;0.26119284790834263;0.36888395346240094];0.7765716007813552;0.25
8208;0.764361585760981;0.5941431825955933;6;0.34400293316094754;[0.6761944529752003;0.5059760498098126;0.8525287185467617;0.682310315381374];0.7695537755717194;0.25
5613;0.5400629303139843;0.6236585931120483;6;0.4941053544491807;[0.4517256072712514;0.5353212700693154;0.6284002533567172;0.7119959161547812];0.773762008679923;0.25
6278;0.8423432167947476;0.0029723520119089297;6;0.6240098535015781;[0.7532482409535777;-0.08612262382926099;0.9314381926359174;0.09206732785307885];0.769558882816406;0.25
6310;0.9407590199301213;0.6030356449404092;6;0.5171191688999303;[0.8528259834666517;0.5151026084769396;1.028692056393591;0.6909686814038788];0.7764571187039725;0.25
6490;0.16613267990558156;0.6494418680515498;6;0.46237043783573695;[0.08036493351601783;0.563674121661986;0.2519004262951453;0.7352096144411135];0.772832142018027;0.25
9569;0.21663631705168473;0.15061798307902563;5;0.4195191328970886;[0.12675691564359776;0.06073858167093865;0.3065157184597717;0.2404973844871126];0.7776628865825558;0.25
8334;0.6517683807974344;0.8087838570311017;5;0.47039507710650724;[0.566419960963473;0.7234354371971403;0.7371168006313957;0.894132276865063];0.7738978022814674;0.25
1925;0.49925848168611286;0.04660525247857139;5;0.33524671459199634;[0.41365421762232146;-0.03899901158522001;0.5848627457499043;0.1322095165423628];0.7811440321642453;0.25
6128;0.1705323396800698;0.2932786129548025;7;0.44027147762125085;[0.0852463108830012;0.20799258415773392;0.2558183684771384;0.3785646417518711];0.7773442775287901;0.25
3401;0.2637496619002852;0.16740814235816293;6;0.41506543956150876;[0.1781501692276482;0.08180864968552594;0.3493491545729222;0.2530076350307999];0.7691690213091686;0.25
8780;0.6690556374799359;0.4052927661104127;6;0.41860590424692246;[0.582471207871233;0.31870833650170977;0.7556400670886388;0.49187719571911565];0.7743322759368625;0.25
3571;0.4981797603211079;0.520954916967556;6;0.48616740331747715;[0.4148234501934088;0.43759860683985696;0.581536070448807;0.6043112270952551];0.7692577906180194;0.25
7899;0.09354939825695963;0.2127673807920173;6;0.46895850705902276;[0.002786580924123483;0.12200456345918115;0.18431221558979577;0.30353019812485343];0.7675616669872434;0.25
9165;0.38578898013388774;0.8078277394893166;6;0.6782367511160707;[0.2966871565140187;0.7187259158694476;0.47489080375375675;0.8969295631091857];0.7777603074034453;0.25
5707;0.22904718061609836;0.13989569428923154;6;0.5803183482970795;[0.13541128162686172;0.046259795299994924;0.322683079605335;0.23353159327846817];0.779076283508351;0.25
3190;0.5723085478421418;0.5850908724375208;6;0.46149390056440376;[0.48351958407177564;0.4963019086671546;0.661097511612508;0.6738798362078869];0.7727326144819536;0.25
1535;0.33123175475084476;0.875140609117011;6;0.4757571642166956;[0.2461153660100753;0.7900242203762415;0.4163481434916142;0.9602569978577804];0.7779755275333682;0.25
1654;0.4942347822163714;0.7314427229190753;6;0.48365335691458405;[0.4050002091936756;0.6422081498963794;0.5834693552390673;0.8206772959417712];0.7782869054111501;0.25
8757;0.5185983511688792;0.11103600231135669;6;0.5577791412176215;[0.4299188042660408;0.0223564554085183;0.6072778980717176;0.19971554921419507];0.7720181077547579;0.25
5649;0.9432890600478584;0.5914949431046932;6;0.45198618895674114;[0.8522073076719052;0.50041319072874;1.0343708124238116;0.6825766954806464];0.7653579553554042;0.25
9737;0.37804684176451075;0.6008500358891585;6;0.5068867719218407;[0.29014552880147304;0.5129487229261208;0.46594815472754847;0.6887513488521962];0.7778898785063748;0.25
6310;0.9370778038250196;0.47048848440547214;6;0.5171191688999303;[0.8518626468396453;0.3852733274200979;1.022292960810394;0.5557036413908464];0.7764571187039725;0.25
8667;0.1574546073225438;0.21091604697799377;6;0.5396899844935722;[0.07286763833938133;0.12632907799483128;0.24204157630570627;0.29550301596115625];0.775743785252592;0.25
6187;0.5551487075490691;0.6525498970368416;6;0.48669041099478677;[0.4682761863503158;0.5656773758380884;0.6420212287478223;0.7394224182355948];0.7694275019153463;0.25
3965;0.985471772794261;0.36452569133447343;6;0.5069526191513168;[0.8929285694345437;0.2719824879747561;1.0780149761539783;0.45706889469419076];0.7816772543057707;0.25
5194;0.34349104482682696;0.58716411163265;6;0.6389057866622408;[0.25745025014722783;0.5011233169530509;0.4295318395064261;0.6732049063122492];0.7807289332122214;0.25
5338;0.2458556289726651;0.8894996983971395;5;0.5430426980944233;[0.16032616649706355;0.8039702359215379;0.33138509144826667;0.975029160872741];0.7752016038945321;0.25
351;0.20703457365976513;0.7041695809918824;6;0.6182421823479989;[0.11704716214959164;0.6141821694817089;0.2970219851699386;0.794156992502056];0.7754806080445162;0.25
3140;0.726287665404656;0.3951982472970597;5;0.5254301893030128;[0.6417024041013972;0.31061298599380105;0.8108729267079147;0.4797835086003184];0.7756648138159044;0.25
6623;0.6737218415991234;0.3578307812826338;6;0.44740022229508836;[0.5890645995644563;0.2731735392479667;0.7583790836337905;0.44248802331730086];0.774471417020625;0.25
5186;0.7664941981722906;0.9254462287061613;6;0.41451002490828337;[0.678581037223447;0.8375330677573177;0.8544073591211342;1.013359389655005];0.765391796936905;0.25
3005;0.6449520667264911;0.7008191861045014;6;0.5401844370388497;[0.5529379204736131;0.6088050398516235;0.736966212979369;0.7928333323573794];0.7673043363308023;0.25
2201;0.9073556254536821;0.7190578116421747;6;0.4882292646769511;[0.8179895431787176;0.6296917293672102;0.9967217077286465;0.8084238939171393];0.7699827467623567;0.25
849;0.17877043373464607;0.5145820355593003;6;0.5434630113546814;[0.08575122844383043;0.4215628302684846;0.2717896390254617;0.6076012408501159];0.7710599336567892;0.25
9814;0.30434142620585236;0.806184395074308;6;0.5101297172093275;[0.21637197716385764;0.7182149460323132;0.3923108752478471;0.8941538441163027];0.7762977812126441;0.25
4503;0.4001012025288102;0.5942358757535926;6;0.4792471142463694;[0.31455905371341886;0.5086937269382013;0.48564335134420156;0.679778024568984];0.7734176506357512;0.25
2602;0.8509828824831289;0.7549659992666325;6;0.4748189573472913;[0.7625373520348089;0.6665204688183125;0.939428412931449;0.8434115297149526];0.7806918064506214;0.25
1407;0.637123699031927;0.17439410013391926;6;0.5860928631162876;[0.5472515341631414;0.08452193526513369;0.7269958639007126;0.26426626500270484];0.7781130106905779;0.25
3717;0.3562775319292579;0.6984069549337072;5;0.5906257810041436;[0.2723118914643908;0.6144413144688401;0.44024317239412497;0.7823725953985743];0.7765189389081822;0.25
1142;0.9721760834314761;0.8185742238549185;6;0.4029126133657331;[0.8799382364717412;0.7263363768951836;1.064413930391211;0.9108120708146534];0.7744625026600354;0.25
8548;0.43002530423873286;0.5180317279429869;6;0.5881746647609883;[0.3433458187515057;0.43135224245575976;0.51670478972596;0.6047112134302141];0.7714392019922736;0.25
7866;0.14021434893127027;0.21111487313774424;6;0.4523384887659238;[0.05247144061734925;0.12337196482382322;0.22795725724519128;0.29885778145166525];0.7739657836744134;0.25
5024;0.8172606383054819;0.3468968964771163;6;0.43329949604608153;[0.7291691543376069;0.2588054125092413;0.9053521222733569;0.43498838044499133];0.7718583689284675;0.25
6443;0.3059020353415754;0.9661236595977829;6;0.3837904818987337;[0.2214137496553723;0.8816353739115798;0.3903903210277785;1.050611945283986];0.7763449142960722;0.25
4073;0.41588548057848557;0.49202477534422606;6;0.4711243954837698;[0.329012869598452;0.40515216436419244;0.5027580915585191;0.5788973863242597];0.7734059665693528;0.25
8575;0.6381761452796446;0.051357001109456735;6;0.41332371302337023;[0.5481474525535314;-0.038671691616656484;0.7282048380057579;0.14138569383556995];0.77445002566452;0.25
6542;0.9050702320979338;0.27512723907862136;6;0.5886291141231537;[0.8168920767378923;0.1869490837185799;0.9932483874579753;0.36330539443866283];0.7879662982667079;0.25
3615;0.46510941002292683;0.9556504305018398;6;0.3836973277328723;[0.37276861538593054;0.8633096358648435;0.5574502046599231;1.0479912251388361];0.7803785066203763;0.25
5814;0.7682928400677385;0.27064407547529534;6;0.46974782415627336;[0.678374321813022;0.1807255572205789;0.8582113583224549;0.36056259373001176];0.7850028200345963;0.25
4669;0.24531166583653813;0.12235459432691242;6;0.4617827738111303;[0.159886987789744;0.0369299162801183;0.3307363438833323;0.20777927237370655];0.7696082789692353;0.25
8069;0.4758086900282156;0.8351064964470836;7;0.6203442506051121;[0.3843316465258564;0.7436294529447244;0.5672857335305748;0.9265835399494428];0.7805261748983898;0.25
627;0.7028877766064309;0.7829230791814829;6;0.46665139031224667;[0.6146018649886293;0.6946371675636813;0.7911736882242324;0.8712089907992844];0.7736999253460686;0.25
7727;0.7781047722810754;0.25923537253430107;6;0.37872590424642305;[0.6919966017003182;0.1731272019535438;0.8642129428618327;0.3453435431150583];0.7774195380925303;0.25
2994;0.44515168710431885;0.28565094415012604;6;0.6018171079547833;[0.3579912448851803;0.19849050193098752;0.5323121293234574;0.3728113863692646];0.7760163593094275;0.25
189;0.6215458831669519;0.6996434829819668;6;0.4836554870511635;[0.5327251881721102;0.6108227879871251;0.7103665781617936;0.7884641779768085];0.7793308260917631;0.25
1937;0.2777962628000149;0.9571633445284838;6;0.5006950121619419;[0.18742371699180244;0.8667907987202713;0.36816880860822737;1.0475358903366963];0.7713289391721234;0.25
9832;0.9087896287115693;0.8355792580329972;6;0.4948878358758519;[0.820042815647329;0.7468324449687567;0.9975364417758097;0.9243260710972376];0.7702062358561601;0.25
4673;0.5247624666639795;0.5676258141259239;7;0.45499255427890933;[0.4385050301842864;0.4813683776462308;0.6110199031436727;0.6538832506056171];0.771788046112355;0.25
1766;0.210531706763183;0.9215138062689858;6;0.5241887675178921;[0.1215915321942526;0.8325736317000554;0.2994718813321134;1.0104539808379163];0.7812183654712188;0.25
5291;0.5675761600422641;0.5872159581149101;6;0.49646571505704684;[0.47995587351725577;0.4995956715899018;0.6551964465672724;0.6748362446399184];0.7752641038329563;0.25
6693;0.41361770100400486;0.6834250414260938;6;0.6308903113309291;[0.3258160470846861;0.5956233875067751;0.5014193549233236;0.7712266953454125];0.7738230197083081;0.25
4111;0.2517449983785031;0.9137022679879994;6;0.4721757057044434;[0.1656630623364144;0.8276203319459107;0.33782693442059186;0.999784204030088];0.7797854379107146;0.25
1617;0.7665075854735287;0.8097925147918021;6;0.4380092319722983;[0.683027145216142;0.7263120745344156;0.8499880257309154;0.8932729550491887];0.7681243817480378;0.25
8877;0.5253037002275396;0.652865059012267;6;0.46760253399357304;[0.4370341803802576;0.5645955391649851;0.6135732200748216;0.7411345788595489];0.7758309978680199;0.25
9193;0.6325580052060019;0.22590500016522524;6;0.5094551754679693;[0.5455029446396736;0.13884993959889694;0.7196130657723302;0.3129600607315536];0.7826328637297618;0.25
6523;0.9393122570937811;0.10856227112641559;6;0.3866301778529281;[0.8517805586355118;0.021030572668146355;1.0268439555520503;0.19609396958468484];0.780022984965578;0.25
457;0.5710421050922141;0.028726196831079243;6;0.3093006252849047;[0.482438051825001;-0.05987785643613386;0.6596461583594272;0.11733025009829234];0.781090593942706;0.25
8427;0.14435325850175418;0.6813441724451982;6;0.5911240749052988;[0.05656702643233388;0.5935579403757779;0.23213949057117447;0.7691304045146184];0.7703657788969104;0.25
916;0.9777177210159782;0.7675324825268617;6;0.515269864121076;[0.8875454262081135;0.677360187718997;1.067890015823843;0.8577047773347264];0.7738847924128375;0.25
7492;0.6436452964131305;0.6472063449570409;5;0.5554707555334361;[0.5535603723306783;0.5571214208745887;0.7337302204955827;0.737291269039493];0.7761016826237429;0.25
9782;0.7037105415387714;0.07587608560504278;6;0.44497453140223414;[0.6179886014104137;-0.009845854523314948;0.7894324816671292;0.16159802573340049];0.7731761755686611;0.25
4715;0.40128425016983754;0.13425277741798347;6;0.49820778733570137;[0.3098712429865489;0.042839770234694846;0.4926972573531262;0.2256657846012721];0.777954949136902;0.25
1952;0.5499589633814971;0.6325040551424903;5;0.6185956400719754;[0.4604258264084818;0.5429709181694751;0.6394921003545124;0.7220371921155055];0.7791823435261543;0.25
9409;0.31001008415795067;0.7343073269882421;6;0.48485556020137643;[0.22221656055686623;0.6465138033871576;0.3978036077590351;0.8221008505893266];0.7702262999648456;0.25
2222;0.980489211113319;0.12559066420792808;6;0.4740412592488562;[0.8953861287040618;0.040487581798670805;1.0655922935225763;0.21069374661718537];0.7665813303070206;0.25
6277;0.971854737262474;0.4931688361194837;6;0.5203424661084637;[0.8876245889553751;0.40893868781238485;1.0560848855695728;0.5773989844265826];0.7752135645004777;0.25
3607;0.5510769894075975;0.3757758294681474;6;0.4841696892542956;[0.46169408841158904;0.28639292847213893;0.6404598904036061;0.4651587304641559];0.7739954860841255;0.25
8917;0.8623498329049265;0.1318092988449474;6;0.7681336010457411;[0.7722048510860555;0.04166431702607644;0.9524948147237975;0.2219542806638184];0.7757911269259802;0.25
3532;0.6878922832918475;0.125333816412745;6;0.36960435146785897;[0.6000324325191063;0.03747396564000381;0.7757521340645886;0.21319366718548616];0.7697369839408466;0.25
7367;0.7266315476637966;0.7630171954316932;6;0.5676903721422283;[0.6388601227055659;0.6752457704734627;0.8144029726220272;0.8507886203899238];0.7680035809045463;0.25
8069;0.8134027172954096;0.4004779902284075;7;0.6203442506051121;[0.7299972324555044;0.3170725053885024;0.8968082021353148;0.48388347506831264];0.7805261748983898;0.25
2232;0.4781927085195329;0.5037190794047272;6;0.49305997425821585;[0.39453276729059483;0.4200591381757891;0.5618526497484709;0.5873790206336652];0.7805165589702141;0.25
5141;0.461006718273658;0.12680432865596059;6;0.3831866290388469;[0.3738398258722334;0.039637436254535974;0.5481736106750826;0.2139712210573852];0.7843728985925225;0.25
9919;0.8873787364124608;0.5138832468139309;6;0.5360612243882069;[0.7991572660068902;0.42566177640836034;0.9756002068180314;0.6021047172195015];0.7774910782799689;0.25
3621;0.8157323476346372;0.5267027610067746;6;0.5142754673886909;[0.7244902932813204;0.4354607066534579;0.906974401987954;0.6179448153600913];0.7708362823143197;0.25
8177;0.2301161148243348;0.30606558451864085;6;0.4852552893366484;[0.14181089667551228;0.21776036636981833;0.31842133297315733;0.3943708026674634];0.7750304797698137;0.25
2408;0.6621082202471656;0.6458558523198771;6;0.6388729156061096;[0.573069435172416;0.5568170672451275;0.7511470053219153;0.7348946373946267];0.7684575040283731;0.25
9749;0.10703587263080949;0.03907172729712871;6;0.4930705793541095;[0.022393313477760496;-0.045570831855920285;0.1916784317838585;0.12371428645017771];0.7651051877990034;0.25
4452;0.8117993106082966;0.7974416496900774;6;0.5166794839968534;[0.7239718834760613;0.7096142225578421;0.8996267377405318;0.8852690768223126];0.776158379109164;0.25
8942;0.4909635483577256;0.5891551558327552;6;0.38416481709690087;[0.4075432734268492;0.5057348809018789;0.574383823288602;0.6725754307636316];0.7682618171645565;0.25
4570;0.9830899267603127;0.427989970696887;6;0.5369737734288993;[0.899858246586767;0.34475829052334134;1.0663216069338584;0.5112216508704327];0.773427510339965;0.25
9456;0.8088176489787523;0.02100252622728549;5;0.41961226001000423;[0.7214727344213316;-0.06634238833013513;0.896162563536173;0.10834744078470611];0.7774302773960152;0.25
7205;0.2957234720161547;0.7404222250794271;7;0.5308705220886909;[0.20649745130837469;0.6511962043716472;0.38494949272393464;0.8296482457872071];0.7832295467467844;0.25
9552;0.2724849448027543;0.46921320153270696;6;0.4605616287256805;[0.18461308804595677;0.3813413447759094;0.36035680155955185;0.5570850582895045];0.7706122261442049;0.25
4274;0.7293517580300057;0.6220933078685101;6;0.6757544710556532;[0.6392112515526583;0.5319528013911627;0.8194922645073531;0.7122338143458575];0.7740022380894322;0.25
2917;0.8004950496802775;0.7539226481053001;6;0.5035020369461988;[0.7163389964431721;0.6697665948681946;0.8846511029173829;0.8380787013424056];0.7628003525625937;0.25
7616;0.8369978036277155;0.7462804582909801;6;0.5370876408844653;[0.7491171611304075;0.6583998157936721;0.9248784461250235;0.8341611007882881];0.7725312733560362;0.25
7153;0.9938327801253959;0.2311633208605472;6;0.7294360223842745;[0.9044712247180485;0.14180176545319978;1.0831943355327434;0.3205248762678946];0.7749236028091081;0.25
3871;0.7150679732691632;0.505664413715903;6;0.5089106403068971;[0.6277894323294689;0.41838587277620876;0.8023465142088574;0.5929429546555972];0.7821083002061417;0.25
2269;0.6879469424032881;0.7019559121293607;6;0.40926271298767386;[0.6015078462058986;0.6155168159319712;0.7743860386006777;0.7883950083267502];0.7746893702806715;0.25
7082;0.18318787136639392;0.3393938662293501;6;0.6061160788850982;[0.09819029180990382;0.25439628667285996;0.26818545092288404;0.4243914457858402];0.7761912254680129;0.25
2248;0.6314882030837532;0.6697807128242363;6;0.5869018812980689;[0.5434719857403152;0.5817644954807983;0.7195044204271912;0.7577969301676744];0.7734963575340059;0.25
6680;0.4642749277998409;0.6485952400144753;6;0.4909968918242405;[0.3818701960823171;0.5661905082969515;0.5466796595173647;0.7309999717319992];0.7664540241375518;0.25
496;0.49389131505682593;0.9050145426756896;6;0.3296926866098133;[0.4016940977520611;0.8128173253709248;0.5860885323615908;0.9972117599804544];0.7810668513704084;0.25
5531;0.94817289047144;0.5149538885560583;6;0.5315235155648138;[0.8592338323186619;0.4260148304032802;1.0371119486242182;0.6038929467088363];0.7773722435988765;0.25
4155;0.8524389374157338;0.7308207547020174;6;0.4788367976441412;[0.7650879024869065;0.64346971977319;0.9397899723445612;0.8181717896308447];0.777260847978748;0.25
3576;0.25093818612702423;0.31085464841787325;6;0.4442942046535516;[0.16140680711552097;0.22132326940636998;0.3404695651385275;0.4003860274293765];0.7770046883475933;0.25
6419;0.763792999071568;0.1719182419312229;6;0.5265589764021205;[0.6741506300042452;0.08227587286390017;0.8534353681388906;0.26156061099854566];0.767212294750277;0.25
3490;0.875891673189255;0.26499508366692015;6;0.6385951129323348;[0.7892861535149399;0.17838956399260503;0.96249719286357;0.3516006033412353];0.776349682188635;0.25
9305;0.3552432793820387;0.16377005026270552;6;0.5771247791871426;[0.2617440816396294;0.07027085252029626;0.448742477124448;0.2572692480051148];0.7715040921001707;0.25
2797;0.8591285511061622;0.6479957372461612;6;0.5247679582149258;[0.7723607372195884;0.5612279233595875;0.9458963649927359;0.734763551132735];0.7758112787389615;0.25
9993;0.07695623155410414;0.6899596366459653;7;0.30966945728032946;[-0.008434806698523062;0.6045685983933381;0.16234726980673134;0.7753506748985924];0.7735890864123315;0.25
1953;0.9062047528031877;0.38318751603727574;5;0.586070433649844;[0.8139132108011562;0.29089597403524425;0.9984962948052192;0.47547905803930723];0.7719623223016144;0.25
9062;0.4422725830048551;0.27948099390758474;6;0.6117038097705674;[0.3582472456843341;0.19545565658706368;0.5262979203253761;0.36350633122810583];0.774227061882832;0.25
3934;0.3236148967901523;0.4882086720182027;6;0.38668172233425113;[0.23201800575051845;0.39661178097856886;0.4152117878297862;0.5798055630578366];0.7707372099382441;0.25
1828;0.19211213222563162;0.41672450747957235;6;0.42962902413085013;[0.10507959178947716;0.3296919670434179;0.27914467266178605;0.5037570479157268];0.7717998822070031;0.25
8349;0.41852799262322793;0.9318592840920218;6;0.5760654016708516;[0.3306687222182814;0.8440000136870752;0.5063872630281745;1.0197185544969682];0.7778451930770002;0.25
995;0.8197611180349438;0.6897657267493277;6;0.42386979478946496;[0.73285776066995;0.6028623693843339;0.9066644753999376;0.7766690841143215];0.7634718464835065;0.25
8485;0.7760640064671362;0.6396450681198839;6;0.48193297701860904;[0.6883391262792095;0.5519201879319571;0.863788886655063;0.7273699483078107];0.7788840733485566;0.25
5219;0.7814701347606329;0.9885908259599583;6;0.4010484382454247;[0.6909561257453101;0.8980768169446355;0.8719841437759557;1.0791048349752812];0.7700324936464795;0.25
7807;0.6083851922838748;0.805539654634249;6;0.4409929156183849;[0.5214358893596458;0.7185903517100201;0.6953344952081038;0.892488957558478];0.7793599394334448;0.25
9715;0.752590544332168;0.9313414976810747;7;0.5135119668594234;[0.6647321716769716;0.8434831250258783;0.8404489169873643;1.019199870336271];0.7797529948331748;0.25
6949;0.9966764400795054;0.6368383768444141;6;0.5964269189766798;[0.9095787875861564;0.5497407243510651;1.0837740925728543;0.7239360293377631];0.7792045093067339;0.25
4361;0.19938075467091343;0.724477689273448;6;0.5183596103148719;[0.11163653256478628;0.6367334671673208;0.2871249767770406;0.8122219113795752];0.7681717372263683;0.25
9289;0.7174567505354219;0.5477362078771718;6;0.5986649206638587;[0.6279187018434894;0.4581981591852394;0.8069947992273544;0.6372742565691043];0.7702412937827774;0.25
3258;0.35104706885980286;0.4697588488472646;6;0.5617408899635221;[0.2605517870510867;0.37926356703854847;0.441542350668519;0.5602541306559807];0.7846635791739919;0.25
3958;0.9996828158520005;0.26494507513143695;5;0.38317796578045743;[0.9140681838564766;0.17933044313591312;1.0852974478475244;0.3505597071269608];0.7745453370991355;0.25
7003;0.6722903577462179;0.611848028089393;6;0.2957043651063884;[0.5893694070214252;0.5289270773646002;0.7552113084710107;0.6947689788141858];0.7764438134803365;0.25
9142;0.21034082974478885;0.7702324476350099;6;0.5468767247308796;[0.12334053167228057;0.6832321495625016;0.29734112781729716;0.8572327457075182];0.7744538706194459;0.25
7493;0.333683485169457;0.35430309674228816;6;0.4857492881182395;[0.24641433383767733;0.2670339454105085;0.4209526365012367;0.4415722480740678];0.7758536362589616;0.25
1734;0.4568840369361938;0.5888418016756718;7;0.5580817014910994;[0.373404879295264;0.5053626440347421;0.5403631945771236;0.6723209593166015];0.7777986975789253;0.25
9854;0.8110305962720972;0.6505461228845008;6;0.28240381047284385;[0.7263123004182468;0.5658278270306503;0.8957488921259475;0.7352644187383512];0.7783227340126865;0.25
4426;0.5027007761641189;0.28627747530857783;6;0.4232965320190658;[0.41932891289721086;0.2029056120416698;0.5860726394310269;0.3696493385754859];0.7683328890372619;0.25
6156;0.8982606306436668;0.17210151675703028;6;0.5531917796012784;[0.8143237112815557;0.08816459739491916;0.9821975500057779;0.2560384361191414];0.7800014140378162;0.25
2868;0.07149734402373964;0.8747249825910248;6;0.6083057066366186;[-0.014020653314544398;0.7892069852527408;0.15701534136202366;0.9602429799293088];0.7707318054539556;0.25
8022;0.2652074523664827;0.7896249943282038;6;0.314035468216904;[0.1794827938867654;0.7039003358484865;0.35093211084619996;0.875349652807921];0.7801838815832398;0.25
3007;0.6767822173633192;0.9628349431151404;6;0.5165543252998323;[0.5899457017922923;0.8759984275441135;0.7636187329343461;1.0496714586861673];0.7771021522176051;0.25
255;0.5025942689568226;0.7450391273462168;6;0.5857162428206897;[0.41261578943632493;0.6550606478257192;0.5925727484773202;0.8350176068667144];0.7687372854173737;0.25
2337;0.9989220320447674;0.5617529731125235;6;0.4162358183368616;[0.9115596241186487;0.4743905651864048;1.086284439970886;0.6491153810386422];0.7774108884598683;0.25
34;0.8077167792677303;0.5275144140806196;6;0.47172421324476443;[0.722174033158288;0.4419716679711772;0.8932595253771727;0.613057160190062];0.7788673424016226;0.25
7122;0.9166876846446618;0.8248157254803652;6;0.734700409837776;[0.831883683407567;0.7400117242432704;1.0014916858817564;0.9096197267174599];0.7723755503330227;0.25
9109;0.9513463180257228;0.31840999379355195;6;0.3773737237466412;[0.8649058682088365;0.23196954397666572;1.037786767842609;0.4048504436104382];0.7730998223516348;0.25
6419;0.5059926581437695;0.8025201362701372;6;0.5265589764021205;[0.41808409142571384;0.7146115695520816;0.5939012248618252;0.8904287029881928];0.767212294750277;0.25
3388;0.4342123455635611;0.6011729026488642;6;0.6147141776128761;[0.3417760251398534;0.5087365822251566;0.5266486659872688;0.6936092230725719];0.7774622587599018;0.25
7344;0.3417086640146494;0.5996145308721839;6;0.5793133615394592;[0.25417931940460675;0.5120851862621412;0.429238008624692;0.6871438754822266];0.7753311752406874;0.25
3156;0.4135313950776402;0.4656128204514421;6;0.5013468303390067;[0.3275478639398782;0.3796292893136801;0.49951492621540217;0.5515963515892041];0.7733943193322123;0.25
4661;0.7539086302381004;0.5117054301475479;5;0.5605421771723083;[0.6661676527171991;0.4239644526266466;0.8416496077590017;0.5994464076684491];0.779559995185391;0.25
1735;0.793629146660416;0.9057215366288923;7;0.41582284172641837;[0.7072405542960375;0.8193329442645139;0.8800177390247944;0.9921101289932708];0.7877698224566325;0.25
7194;0.9942659593453945;0.20371837120198932;6;0.48452240917548917;[0.9016537355673832;0.11110614742397798;1.0868781831234058;0.2963305949800007];0.7721133851907647;0.25
1219;0.8741804015555247;0.4688700065213784;6;0.36932287290904764;[0.7865791665297281;0.3812687714955818;0.9617816365813212;0.556471241547175];0.7802447516712518;0.25
8548;0.9363155598453594;0.5594689190466208;6;0.5881746647609883;[0.8524173088451394;0.47557066804640086;1.0202138108455794;0.6433671700468407];0.7714392019922736;0.25
5462;0.7614605046684478;0.24826587293270114;6;0.4586547660780025;[0.679591919776842;0.16639728804109524;0.8433290895600537;0.33013445782430706];0.7748901616332766;0.25
601;0.5218626029062727;0.38656874775341743;6;0.40684094763509693;[0.4360018012409807;0.3007079460881254;0.6077234045715647;0.47242954941870946];0.7690487179227091;0.25
6823;0.3744690188279489;0.38327692836558086;6;0.5072995548112921;[0.28668593931981096;0.2954938488574429;0.4622520983360869;0.4710600078737188];0.7734955787415385;0.25
9872;0.8160461661831103;0.4249993440147669;6;0.4093933701631769;[0.7305471316957433;0.33950030952739985;0.9015452006704774;0.510498378502134];0.7799109764436571;0.25
6889;0.7640968890313341;0.4032627413092743;6;0.4716065298984506;[0.6787798526115785;0.3179457048895186;0.8494139254510897;0.48857977772903];0.7715279058091946;0.25
787;0.9127556157025816;0.9334590835672105;6;0.4469388396424675;[0.8273243807462094;0.8480278486108384;0.9981868506589537;1.0188903185235827];0.7775247325447987;0.25
8358;0.47810949726897584;0.601719982757714;6;0.40680697594229337;[0.38728014121600174;0.5108906267047398;0.5689388533219499;0.6925493388106881];0.7794946646027169;0.25
813;0.6496605812010016;0.8913082317653007;6;0.3864188767164999;[0.5622659685912799;0.803913619155579;0.7370551938107233;0.9787028443750224];0.7774761936243237;0.25
7044;0.2582735641062901;0.5313616565045052;6;0.4747799525785106;[0.16731801915334327;0.44040611155155834;0.34922910905923693;0.622317201457452];0.7689097782255166;0.25
1429;0.7050403109150359;0.9289296853294756;6;0.4363092964291423;[0.6169444033786998;0.8408337777931395;0.793136218451372;1.0170255928658118];0.7838825143646261;0.25
9486;0.39381180967656776;0.11847927052873464;6;0.49936171418696434;[0.30688760216871114;0.03155506302087803;0.4807360171844244;0.20540347803659126];0.7776409867423527;0.25
2197;0.8970645347292985;0.5976823364806834;6;0.5534863984125686;[0.8072870656822932;0.5079048674336781;0.9868420037763037;0.6874598055276886];0.7770511427815564;0.25
4461;0.7201475633474382;0.4935923604203697;6;0.5542140825427414;[0.6304798967520725;0.40392469382500396;0.809815229942804;0.5832600270157354];0.7762145625528205;0.25
969;0.17805132344556862;0.9726806846472755;6;0.6041204275188651;[0.090507019421255;0.885136380622962;0.26559562746988225;1.060224988671589];0.7700663884362087;0.25
9671;0.3156187994798322;0.26829717338564907;6;0.606226015095644;[0.22907790551711568;0.18175627942293257;0.40215969344254865;0.35483806734836554];0.7727748460733217;0.25
3919;0.882609861490374;0.1650198914734881;6;0.45610580261705835;[0.7950988214531641;0.07750885143627821;0.9701209015275839;0.252530931510698];0.7820305753462782;0.25
6321;0.8188578891549174;0.92756593117886;6;0.5564638956162364;[0.7326827753210521;0.8413908173449947;0.9050330029887828;1.0137410450127253];0.7789855509672751;0.25
4941;0.8672878405477439;0.3396687418084246;6;0.7057537392924262;[0.7827255248421724;0.25510642610285317;0.9518501562533154;0.42423105751399603];0.7660800530091554;0.25
9705;0.4927001738599826;0.6314132026270167;6;0.551902768344158;[0.4093023298293692;0.5480153585964034;0.576098017890596;0.7148110466576301];0.7727750113698625;0.25
5468;0.7596784674704034;0.481471679441264;6;0.37517811721292;[0.6748282533643313;0.396621465335192;0.8445286815764754;0.5663218935473361];0.7810745536126215;0.25
7614;0.15879216465906698;0.30461659897727317;6;0.3779325888951576;[0.07401855690438607;0.21984299122259227;0.24356577241374788;0.38939020673195407];0.7747749627222869;0.25
2502;0.19652289567987657;0.43446795260506216;5;0.34776529592127914;[0.11567218642315605;0.35361724334834166;0.27737360493659713;0.5153186618617827];0.7709035020522338;0.25
6302;0.09017178100726086;0.6056044714373386;6;0.599592927763841;[-7.922547400014274E-4;0.5146404356900763;0.18113581675452317;0.696568507184601];0.7804065099780579;0.25
420;0.7813010556138392;0.612138256718589;5;0.6770943900842972;[0.6932727713208884;0.5241099724256382;0.8693293399067901;0.7001665410115399];0.771023688476378;0.25
6372;0.5716492329108944;0.08025869171506056;6;0.5435938715896296;[0.4850013395418422;-0.00638920165399165;0.6582971262799466;0.16690658508411277];0.7718760161236975;0.25
1027;0.5943527290344806;0.7906362381872886;6;0.4321943259611312;[0.5073318965720172;0.7036154057248252;0.681373561496944;0.877657070649752];0.7799159449411663;0.25
5599;0.8045072179418897;0.8769442912069914;6;0.5652057931230093;[0.7176093111441343;0.7900463844092359;0.8914051247396452;0.9638421980047468];0.771191787226967;0.25
1111;0.9514483782850588;0.7029915530417329;6;0.4629958535591943;[0.8613471850257559;0.61289035978243;1.0415495715443617;0.7930927463010358];0.7735940576188405;0.25
7096;0.5308040919520854;0.7514575937750829;6;0.3538754458261243;[0.43935249661547027;0.6600059984384677;0.6222556872887006;0.8429091891116981];0.7722776337791989;0.25
2892;0.4388933988444163;0.033252890458337125;6;0.30518638438454804;[0.3506732717872803;-0.054967236598798874;0.5271135259015522;0.12147301751547313];0.7715965880956671;0.25
8962;0.16144996203153028;0.6756507894592484;6;0.3576203731505221;[0.07604675415265155;0.5902475815803696;0.246853169910409;0.7610539973381272];0.7800301326805688;0.25
3111;0.6361650255546304;0.8714627125977654;6;0.5153441484049806;[0.5438690212810005;0.7791667083241354;0.7284610298282603;0.9637587168713955];0.7720868994433674;0.25
1686;0.959687485220128;0.8262418660801508;6;0.33670179099563907;[0.8724057300273335;0.7389601108873562;1.0469692404129227;0.9135236212729454];0.7778828921637428;0.25
6443;0.2671112267231019;0.6806301028551813;6;0.3837904818987337;[0.18205352307011008;0.5955723992021895;0.3521689303760937;0.7656878065081731];0.7763449142960722;0.25
1524;0.5849833672210571;0.33298596273620223;6;0.37486367577090346;[0.4954394247388487;0.2434420202539938;0.6745273097032656;0.42252990521841066];0.7784956139185529;0.25
6532;0.3418858777957436;0.05155218005558426;6;0.2745324985118013;[0.2517324034975275;-0.0386012942426318;0.43203935209395966;0.14170565435380034];0.7765810175943755;0.25
4706;0.9683093060719437;0.42815614469692004;6;0.49208740857830763;[0.8796607767888828;0.33950761541385915;1.0569578353550044;0.516804673979981];0.7790282018999153;0.25
3106;0.5424543583374505;0.28306839145203705;6;0.6218570827890557;[0.4536723159154096;0.19428634902999617;0.6312364007594914;0.3718504338740779];0.7760261605829173;0.25
8748;0.29465610153317373;0.8255028721512325;6;0.41878829895386543;[0.2068005938381868;0.7376473644562456;0.38251160922816063;0.9133583798462195];0.776450489499563;0.25
5237;0.7711531610245439;0.599866219421696;6;0.5031410213369714;[0.6856190439483881;0.5143321023455403;0.8566872781006997;0.6854003364978518];0.7740746872026999;0.25
8801;0.27960507103930865;0.10025498137535971;6;0.34586572679328853;[0.1953133384266844;0.015963248762735485;0.3638968036519329;0.18454671398798395];0.7718571503930653;0.25
9805;0.6632905613600706;0.37287877570899863;6;0.5930303195768833;[0.5711818543925492;0.28077006874147725;0.755399268327592;0.46498748267652];0.7709838410618871;0.25
8774;0.18819877185972084;0.9538139523995504;6;0.5901369620764472;[0.1012248963309878;0.8668400768708173;0.2751726473884539;1.0407878279282834];0.765048050130545;0.25
7525;0.9584218591452615;0.3275589351322338;6;0.45272874655582074;[0.8710196701543979;0.24015674614137017;1.045824048136125;0.4149611241230974];0.7720037331717781;0.25
7274;0.02296029911584241;0.2053050164685855;6;0.5746510392735067;[-0.0655721482343788;0.1167725691183643;0.11149274646606362;0.2938374638188067];0.775354052991128;0.25
9082;0.525215242417296;0.04513189356494174;6;0.5162042380385182;[0.4378191314514022;-0.04226421740095204;0.6126113533831898;0.13252800453083552];0.7844852539784131;0.25
7410;0.9804920919735817;0.5163213841880974;6;0.4248600516402108;[0.8869840310808598;0.42281332329537546;1.0740001528663037;0.6098294450808193];0.7755072040222791;0.25
5081;0.7507844550948628;0.1086844013957825;5;0.4734421556977533;[0.6592937000944431;0.01719364639536279;0.8422752100952825;0.2001751563962022];0.769310619689917;0.25
3246;0.40713332801950514;0.5439774160202681;6;0.5857631620204905;[0.3233319347007807;0.4601760227015436;0.4909347213382296;0.6277788093389925];0.7729515905328398;0.25
9087;0.5592697487599863;0.8973958640338431;6;0.5077181596825248;[0.46718060257481897;0.8053067178486758;0.6513588949451535;0.9894850102190104];0.7723595722068297;0.25
9494;0.40519706324935456;0.9866311184727898;6;0.5785149418780686;[0.3190168433941733;0.9004508986176085;0.4913772831045358;1.0728113383279712];0.7772059894684668;0.25
5082;0.5642132825321384;0.2805929284058561;6;0.4149274094684848;[0.4807661817328801;0.19714582760659774;0.6476603833313967;0.36404002920511447];0.7690585272301076;0.25
778;0.6579138050154212;0.6319198842418673;6;0.44164871697915903;[0.5724859247751499;0.546492004001596;0.7433416852556924;0.7173477644821386];0.7741408517283094;0.25
5968;0.5009056044201445;0.23015240638176265;6;0.4157297222784285;[0.40877348584443873;0.13802028780605685;0.5930377229958503;0.32228452495746845];0.7668141478393664;0.25
3826;0.4217572020951553;0.9497256087093786;6;0.5834214961973483;[0.3323625244233524;0.8603309310375757;0.5111518797669583;1.0391202863811815];0.7804863067061367;0.25
1429;0.685180428524761;0.958063504872947;6;0.4363092964291423;[0.5961596154344545;0.8690426917826405;0.7742012416150675;1.0470843179632534];0.7838825143646261;0.25
7020;0.9515483521301291;0.6945966108195272;6;0.42514348746482666;[0.8667050062975225;0.6097532649869205;1.0363916979627357;0.7794399566521338];0.7752370332828964;0.25
1785;0.7754990611755594;0.5875118357803101;6;0.5231018614655434;[0.6897836551334111;0.5017964297381617;0.8612144672177078;0.6732272418224584];0.7796225646742518;0.25
554;0.9405760258844382;0.02312905193276049;6;0.502666877808331;[0.8521041523467388;-0.06534282160493897;1.0290478994221377;0.11160092547045995];0.7683955440171579;0.25
8968;0.31598959185084635;0.11383358191986609;6;0.4027695193145494;[0.22445419613790418;0.02229818620692392;0.4075249875637885;0.20536897763280826];0.7763937474354591;0.25
1858;0.5761029894668678;0.665599884403886;6;0.6473240561169578;[0.48450112405495793;0.5739980189919761;0.6677048548787776;0.7572017498157958];0.7714671196644579;0.25
8328;0.8651087218880288;0.7945295785801101;6;0.39865698363541024;[0.7772528308988967;0.706673687590978;0.9529646128771608;0.8823854695692421];0.7778551431557978;0.25
7029;0.4776606349358998;0.36885472759777166;6;0.5417879362104727;[0.3890665781129865;0.2802606707748584;0.566254691758813;0.45744878442068493];0.7698682161801401;0.25
2709;0.9312743557488136;0.6432495333884688;6;0.4740019920188442;[0.8406730642011998;0.552648241840855;1.0218756472964272;0.7338508249360826];0.7813465673639075;0.25
2060;0.7984473746652431;0.08100862882615523;6;0.2880487815956383;[0.7101962565604021;-0.007242489278685704;0.8866984927700841;0.16925974693099616];0.7703425529391946;0.25
264;0.2105684142918232;0.33480324989957144;6;0.4597898361603233;[0.12562357883615544;0.24985841444390366;0.295513249747491;0.4197480853552392];0.7768337001744363;0.25
6569;0.7100210938164143;0.695475063386998;6;0.6723012927937484;[0.6220916545313302;0.6075456241019139;0.7979505331014984;0.7834045026720822];0.7651418767181064;0.25
7723;0.6782750404530554;0.7078754032052491;6;0.49916051596375416;[0.5936767055514408;0.6232770683036345;0.76287337535467;0.7924737381068637];0.7801829064580166;0.25
5221;0.2728755324087741;0.6408873887801848;6;0.4950728257245677;[0.1866822991283518;0.5546941554997625;0.35906876568919643;0.7270806220606071];0.7789631730635797;0.25
1070;0.7215386324459068;0.6173694543481727;6;0.44335792371672905;[0.6337896249097793;0.5296204468120452;0.8092876399820342;0.7051184618843002];0.7669104188736887;0.25
7207;0.7481602967115213;0.02417365008835659;6;0.4350785217453511;[0.6596004340720859;-0.06438621255107882;0.8367201593509567;0.112733512727792];0.7884561338397883;0.25
6406;0.7747915813745602;0.6020246894328352;6;0.4703274705738066;[0.6863943784861711;0.5136274865444461;0.8631887842629492;0.6904218923212242];0.7768224003254116;0.25
2208;0.0950806907905033;0.9284392146958809;6;0.47552074338178646;[0.007784200739216318;0.8411427246445939;0.18237718084179028;1.0157357047471678];0.7778758578342267;0.25
8509;0.7257389513323342;0.23763178821308834;6;0.5901454691814357;[0.6388015604502288;0.150694397330983;0.8126763422144396;0.32456917909519367];0.7718175224483528;0.25
3220;0.15316372269907613;0.4661578105347719;6;0.6663458517444645;[0.06841027776141975;0.38140436559711555;0.2379171676367325;0.5509112554724283];0.7679459753659903;0.25
1552;0.7502714646388069;0.35617016222300474;6;0.48045040244018866;[0.6592522641335657;0.2651509617177636;0.841290665144048;0.4471893627282459];0.7856405554703074;0.25
237;0.30036582310310367;0.3063018498261773;6;0.3942087940779652;[0.21427424042025234;0.22021026714332598;0.386457405785955;0.39239343250902864];0.7805144916938603;0.25
5868;0.7865589863479012;0.9636048002803933;6;0.4681736868095056;[0.7006149202737308;0.877660734206223;0.8725030524220716;1.0495488663545636];0.7708590140676957;0.25
3287;0.7021765798022218;0.5349402621913325;6;0.43342635195129603;[0.6174661186417312;0.4502298010308418;0.7868870409627124;0.6196507233518231];0.7747189452043143;0.25
1209;0.9311469544809079;0.4309146914532661;6;0.5239387488308467;[0.844933128610312;0.34470086558267027;1.0173607803515037;0.517128517323862];0.7793265868255439;0.25
3252;0.7553153565429153;0.9366481758586271;5;0.4810096486678609;[0.6697574963427091;0.851090315658421;0.8408732167431214;1.0222060360588332];0.7698780026978479;0.25
461;0.9477516188594031;0.3444209711641476;6;0.5695644266179327;[0.8582526157932209;0.25492196809796536;1.0372506219255853;0.43391997423032985];0.775136901374317;0.25
8139;0.5709267309023212;0.5778608373795603;6;0.5228155376060294;[0.48388918328887504;0.49082328976611417;0.6579642785157673;0.6648983849930065];0.7783936220591535;0.25
2729;0.5058757756744164;0.2813956396699811;5;0.4457724756743651;[0.4193139950241411;0.19483385901970574;0.5924375563246919;0.36795742032025647];0.7833200631789929;0.25
5662;0.5738939040722174;0.9999067925446017;6;0.47839014819798914;[0.48580326729737344;0.9118161557697577;0.6619845408470614;1.0879974293194457];0.7685433449285781;0.25
2306;0.5218011141246228;0.663359238995511;6;0.5341215228510893;[0.43592031477984394;0.5774784396507321;0.6076819134694017;0.7492400383402898];0.7741361567180631;0.25
9452;0.39083618033891443;0.26205590490373726;6;0.5072583215251483;[0.3053205520071125;0.17654027657193533;0.47635180867071636;0.3475715332355392];0.7793826358254152;0.25
3203;0.7910168136577188;0.2327003409580543;6;0.5907487925317426;[0.7035077070310766;0.14519123433141207;0.878525920284361;0.32020944758469655];0.775846872882649;0.25
6122;0.1710596283446652;0.4911711081263137;7;0.5298902471124368;[0.08217333965985946;0.40228481944150796;0.25994591702947095;0.5800573968111195];0.7799494193781501;0.25
3926;0.02489491419763956;0.8530855036298919;6;0.4536888384293466;[-0.060623680186913345;0.767566909245339;0.11041350858219247;0.9386040980144448];0.7704338309197358;0.25
6090;0.4692308086643648;0.713775049968838;6;0.4572853607411449;[0.3832687349860493;0.6278129762905225;0.5551928823426803;0.7997371236471535];0.7790261756847553;0.25
1265;0.5741026106948371;0.5365889002460079;6;0.4227591596417042;[0.4859734633462783;0.44845975289744905;0.6622317580433961;0.6247180475945668];0.7765152383179021;0.25
94;0.6777533470434678;0.8992768837589591;6;0.5131726619504529;[0.5901758257276588;0.8116993624431501;0.7653308683592768;0.9868544050747681];0.7756475748995545;0.25
4172;0.37853727889901084;0.9453923858448449;6;0.42094578595211546;[0.29239630244497183;0.8592514093908059;0.46467825535304985;1.0315333622988838];0.7788276961288163;0.25
8580;0.47816724837713553;0.5699464814886422;6;0.4919097517906169;[0.39310351904874224;0.48488275216024895;0.5632309777055289;0.6550102108170355];0.7830111276084679;0.25
4624;0.07339752888036777;0.11455531567660254;6;0.6061110912407784;[-0.01075920586959736;0.030398580926637414;0.1575542636303329;0.19871205042656767];0.7720703649056124;0.25
1873;0.9994443872683674;0.5226669897996948;6;0.4441864845729022;[0.908822184930848;0.43204478746217545;1.0900665896058868;0.6132891921372142];0.7764059070320164;0.25
2192;0.5600818632434915;0.7356095952221358;6;0.48492021596506896;[0.47394365121707915;0.6494713831957234;0.6462200752699039;0.8217478072485481];0.7809409915805873;0.25
9450;0.3816332895191923;0.8457622171748459;6;0.5577012845099891;[0.2935914694230687;0.7577203970787223;0.4696751096153159;0.9338040372709695];0.7693514915053332;0.25
6969;0.948280007520463;0.22000235939009993;6;0.3747744928972492;[0.8582860721840457;0.13000842405368268;1.0382739428568803;0.3099962947265172];0.7747161807137081;0.25
1262;0.9765072683510764;0.4912167964645883;7;0.5203608809602555;[0.8909809783602488;0.4056905064737608;1.0620335583419038;0.5767430864554158];0.7749094000154552;0.25
6101;0.08980249774186444;0.6813733263642062;6;0.5813572693645377;[3.788849223389651E-4;0.5919497135446807;0.17922611056138993;0.7707969391837317];0.7759949245265725;0.25
3140;0.227289197868016;0.8874961108839624;5;0.5254301893030128;[0.14330812841944052;0.8035150414353869;0.31127026731659146;0.9714771803325379];0.7756648138159044;0.25
9558;0.8695371318830636;0.46464743875607306;6;0.571359983560458;[0.7843214666024099;0.3794317734754194;0.9547527971637173;0.5498631040367268];0.7764458575369869;0.25
1350;0.18375540276070096;0.8490911121049238;6;0.38060632389401194;[0.09726555147936693;0.7626012608235898;0.270245254042035;0.9355809633862578];0.7808053740027457;0.25
8956;0.7501045203372262;0.6399851076188514;6;0.473093664785982;[0.6661274797695426;0.5560080670511678;0.8340815609049098;0.723962148186535];0.7799026570284178;0.25
6465;0.08810775526307768;0.17986974247864007;6;0.3609350334354987;[-4.34675647109542E-4;0.09132731156845285;0.1766501861732649;0.2684121733888273];0.7725567027966007;0.25
3711;0.9828447297028367;0.6147060940001603;5;0.44806985412286937;[0.8960294488398753;0.527890813137199;1.0696600105657978;0.7015213748631216];0.7700028054361033;0.25
4726;0.2590394125216679;0.5301454138684013;6;0.5745792920548058;[0.17069737758618675;0.44180337893292015;0.34738144745714905;0.6184874488038825];0.7708311421322147;0.25
7663;0.8912582970132401;0.7627527356913115;6;0.4620048126798893;[0.8036102739019451;0.6751047125800165;0.9789063201245352;0.8504007588026066];0.7754348198681706;0.25
5702;0.5167334249407434;0.8140863471855518;6;0.36871852840923947;[0.428917412979027;0.7262703352238354;0.6045494369024598;0.9019023591472682];0.7744314024198082;0.25
2758;0.6083713285489187;0.35607124285259395;6;0.3745978053072391;[0.5159117307029792;0.26361164500665446;0.7008309263948582;0.44853084069853344];0.7769428664613697;0.25
7309;0.302719718405305;0.2643117102986844;6;0.6926786063113658;[0.21185914643231635;0.17345113832569575;0.3935802903782936;0.355172282271673];0.7839726503298654;0.25
9089;0.8026581638610153;0.8527938733219399;6;0.4689359841058906;[0.714492995268233;0.7646287047291576;0.8908233324537976;0.9409590419147222];0.7860190798623041;0.25
7371;0.246960806679752;0.9182781711147803;6;0.581464348577414;[0.15908988337697855;0.8304072478120068;0.3348317299825255;1.0061490944175537];0.7668727372095051;0.25
1056;0.1620225525092493;0.4627760231557748;6;0.4517989046138559;[0.07842600817088378;0.3791794788174093;0.2456190968476148;0.5463725674941403];0.764928880025134;0.25
7959;0.49009802406215436;0.8503228840942098;6;0.491624511007538;[0.4032508532755975;0.7634757133076528;0.5769451948487112;0.9371700548807667];0.7745809313677955;0.25
1668;0.5587326528178411;0.5982726091571926;5;0.4627533920495069;[0.46974352604197495;0.5092834823813264;0.6477217795937074;0.6872617359330588];0.7724060087689333;0.25
5434;0.6386385363381046;0.8492502123866049;6;0.5040012259870598;[0.5480411431146447;0.758652819163145;0.7292359295615646;0.9398476056100649];0.7766872562246759;0.25
147;0.48444984120144674;0.6937251520446724;6;0.49013354012424765;[0.4009777340704265;0.6102530449136522;0.567921948332467;0.7771972591756927];0.7787065184768027;0.25
7793;0.6777955254912759;0.0038681097453067137;5;0.6229117221943635;[0.5913673264459764;-0.0825600892999927;0.7642237245365753;0.09029630879060613];0.7703398888770127;0.25
4615;0.797937167874043;0.7803110911685865;6;0.5676244039003207;[0.7110161706328819;0.6933900939274253;0.8848581651152041;0.8672320884097477];0.7835946404569549;0.25
5462;0.8786627005212269;0.551916142664139;6;0.4586547660780025;[0.7926950070210111;0.4659484491639233;0.9646303940214426;0.6378838361643547];0.7748901616332766;0.25
2994;0.5037778670988858;0.20086755860931776;6;0.6018171079547833;[0.4135550280628132;0.11064471957324513;0.5940007061349585;0.2910903976453904];0.7760163593094275;0.25
7011;0.8540064522031983;0.719595117234534;6;0.5302569787668955;[0.7644477530464493;0.630036418077785;0.9435651513599472;0.8091538163912829];0.7751471354703415;0.25
7312;0.8164396450888006;0.7572823816327692;6;0.4248534139626476;[0.7283038056055627;0.6691465421495313;0.9045754845720385;0.8454182211160071];0.779244343026009;0.25
9223;0.4234602702757876;0.3384568918108029;6;0.4359300302745237;[0.33871123189611035;0.2537078534311257;0.5082093086554649;0.42320593019048014];0.7777830308543854;0.25
2187;0.9565924335737374;0.8996223815363182;6;0.4164148276379343;[0.8657341033424373;0.808764051305018;1.0474507638050374;0.9904807117676184];0.7713988796453877;0.25
6640;0.34270643660896455;0.7213282781555825;6;0.6672082405016988;[0.25373737933810425;0.6323592208847223;0.43167549387982485;0.8102973354264428];0.7749698179772375;0.25
3885;0.06094052088990254;0.9651607850010759;6;0.5763803949143345;[-0.028149492278508867;0.8760707718326646;0.15003053405831396;1.0542507981694873];0.7738598082816631;0.25
1324;0.742134075315696;0.4333128755129376;6;0.5035590644877058;[0.6493287976977081;0.3405075978949498;0.8349393529336838;0.5261181531309255];0.7731637255060824;0.25
6985;0.576576048701075;0.6105077998623192;6;0.3177312430534014;[0.4888626896867251;0.5227944408479692;0.664289407715425;0.6982211588766691];0.7708349863947924;0.25
