7541;0.19553096081457427;0.7297018446574771;6;0.523557181757018;[0.1081102332485255;0.6422811170914283;0.282951688380623;0.8171225722235259];0.7707468752633677;0.25
5898;0.6611803094027313;0.6099759386067755;7;0.5968185223634207;[0.5776634901913431;0.5264591193953873;0.7446971286141195;0.6934927578181637];0.787104603529601;0.25
497;0.12378211614922019;0.37143168711673974;6;0.46969830088280656;[0.03277133444935863;0.2804209054168782;0.21479289784908173;0.4624424688166013];0.7695102611943241;0.25
1181;0.3051950382118003;0.7371376693579047;6;0.38435909513630323;[0.21826250084598864;0.6502051319920931;0.3921275755776119;0.8240702067237163];0.7769690343046864;0.25
6994;0.42363171372391695;0.8002997226686895;6;0.4909182171557257;[0.3408501343260399;0.7175181432708124;0.5064132931217941;0.8830813020665667];0.7800578380588042;0.25
9855;0.06050833832343405;0.5505784769208287;5;0.48519184322242265;[-0.02478204471644073;0.46528809388095393;0.14579872136330885;0.6358688599607035];0.7718370351668414;0.25
9680;0.14010612538256106;0.17203259594065623;6;0.6105194353010808;[0.054597972695682354;0.08652444325377752;0.2256142780694398;0.25754074862753495];0.7771936046484229;0.25
9991;0.44816646493211254;0.6039386822766408;6;0.3898568562627789;[0.3620871049663285;0.5178593223108567;0.5342458248978966;0.6900180422424249];0.7777594387241346;0.25
7902;0.7583819302519555;0.5611830355547296;6;0.34880019935046624;[0.6688779246424127;0.47167902994518673;0.8478859358614984;0.6506870411642725];0.7624134983168842;0.25
3747;0.965727235775722;0.5983715602522731;6;0.47600220543732275;[0.8811473912508919;0.5137917157274431;1.050307080300552;0.6829514047771031];0.7720358743190932;0.25
8943;0.4658418006952362;0.9208952959615141;6;0.44461177770197;[0.37792214897882626;0.8329756442451042;0.5537614524116461;1.008814947677924];0.7740689611743891;0.25
4124;0.3807065120087936;0.19454109570856054;7;0.5443891486459289;[0.2921169159903879;0.10595149969015487;0.46929610802719923;0.2831306917269662];0.7808481450127098;0.25
351;0.20608331408337804;0.5569678388090202;6;0.6182421823479989;[0.11602926656248545;0.46691379128812766;0.2961373616042706;0.6470218863299129];0.7754806080445162;0.25
7917;0.8591569872253785;0.8210510840587322;6;0.4213593455024045;[0.7721173616002541;0.7340114584336078;0.9461966128505028;0.9080907096838565];0.7715143436232031;0.25
2236;0.6976758686294291;0.2359173702296572;6;0.48022633197303677;[0.613096712660862;0.1513382142610901;0.7822550245979962;0.32049652619822433];0.7743722962896138;0.25
8657;0.9988111915477251;0.5499377851073698;6;0.49229566945036024;[0.9136989199009029;0.46482551346054757;1.0839234631945474;0.635050056754192];0.7724005806126781;0.25
7919;0.9958164652370283;0.31853000259409914;6;0.4216382460565985;[0.906774146575807;0.22948768393287783;1.0848587838982495;0.40757232125532045];0.7695877459202587;0.25
4825;0.6124569569179857;0.4070755127136819;6;0.4481119106217454;[0.5224628824947914;0.3170814382904876;0.70245103134118;0.4970695871368762];0.775194807364591;0.25
1823;0.6799239383586018;0.9707517705518133;6;0.501121224461816;[0.5922648389228191;0.8830926711160306;0.7675830377943844;1.058410869987596];0.7793747090481086;0.25
7429;0.5500308450449243;0.41672994694785126;6;0.4063378822308017;[0.46101953239076104;0.327718634293688;0.6390421576990876;0.5057412596020145];0.7741301815938301;0.25
3795;0.8923631518792975;0.9041298316473831;6;0.5613109642362959;[0.7996626366918878;0.8114293164599734;0.9850636670667072;0.9968303468347929];0.768684378397389;0.25
9362;0.7922190688727684;0.7860619908446127;6;0.5172187115336706;[0.7033743250779895;0.6972172470498338;0.8810638126675473;0.8749067346393916];0.7738012850737402;0.25
6347;0.6634214923368674;0.5335633734324531;6;0.5797312978266178;[0.5809373861205531;0.4510792672161388;0.7459055985531817;0.6160474796487674];0.7787300619649049;0.25
1079;0.9761477701443559;0.4899986897925657;6;0.5441396506604101;[0.8880768136888866;0.4019277333370964;1.0642187265998253;0.578069646248035];0.7788293477425761;0.25
5923;0.594617079351581;0.7370753746365404;6;0.3306995130211643;[0.5016406693554899;0.6440989646404492;0.6875934893476722;0.8300517846326315];0.773194897948573;0.25
8000;0.7144288497001257;0.7474156117786163;6;0.5493933118854912;[0.6302733741535043;0.6632601362319949;0.798584325246747;0.8315710873252377];0.7806129129049783;0.25
5956;0.10505268507588039;0.609881662081675;6;0.3932081166829253;[0.020523141639199202;0.5253521186449939;0.18958222851256157;0.6944112055183562];0.7721712237568579;0.25
5892;0.736076900387924;0.26178115513117606;6;0.5077840662226919;[0.6452086623551938;0.17091291709844586;0.8269451384206541;0.35264939316390626];0.774107690186634;0.25
1975;0.8778678901646011;0.5625485237196515;6;0.48112161912974566;[0.7894547412670456;0.474135374822096;0.9662810390621566;0.6509616726172069];0.7790390603963934;0.25
7502;0.2272653869988106;0.0897537324088018;6;0.6067295500681587;[0.1414043698828149;0.00389271529280609;0.3131264041148063;0.1756147495247975];0.78017472710882;0.25
6242;0.34508984633627127;0.5647155579818086;6;0.5432700002692157;[0.25210584933239255;0.4717315609779299;0.43807384334015;0.6576995549856873];0.7819138194278886;0.25
3717;0.943657404184989;0.1375864500853602;5;0.5906257810041436;[0.8558776195273178;0.04980666542768901;1.0314371888426601;0.22536623474303136];0.7765189389081822;0.25
4154;0.024267265404869898;0.7946758999599692;6;0.39535515113790287;[-0.06470705527594922;0.7057015792791501;0.11324158608568902;0.8836502206407884];0.7795104061011733;0.25
9090;0.6800145957864326;0.3938840148539313;6;0.5939021619582607;[0.5941798111211309;0.30804923018862956;0.7658493804517343;0.4797187995192331];0.7731203430880396;0.25
7080;0.8708091820295627;0.37389045882032246;6;0.506555492220671;[0.7818374196706768;0.2849186964614365;0.9597809443884486;0.4628622211792084];0.7765109778828626;0.25
3181;0.7408960002824717;0.7558519738746093;6;0.5613537285685961;[0.6499463300236303;0.664902303615768;0.8318456705413131;0.8468016441334507];0.7751584692386587;0.25
9442;0.6411126551955421;0.854516068360884;6;0.48582885252096397;[0.554384166328152;0.767787579493494;0.7278411440629321;0.941244557228274];0.7697946271361733;0.25
4149;0.4269092529665336;0.7355142486642925;6;0.42272544066483286;[0.33730936007874085;0.6459143557764997;0.5165091458543263;0.8251141415520853];0.7760697778128486;0.25
2948;0.6434699560839251;0.03021177594154323;6;0.3943501590926717;[0.5571513754412745;-0.056106804701107404;0.7297885367265757;0.11653035658419386];0.7727719786326074;0.25
423;0.5748398347664995;0.98035847335996;6;0.511631490536736;[0.4859946440559159;0.8915132826493763;0.663685025477083;1.0692036640705436];0.7752941003616242;0.25
21;0.7568507260358391;0.7512383074128928;6;0.3771561867141496;[0.6706539922491648;0.6650415736262184;0.8430474598225135;0.8374350411995671];0.7876245719349373;0.25
4721;0.8800141680207232;0.8073153314567671;6;0.6933670521167014;[0.7944956425248768;0.7217968059609208;0.9655326935165696;0.8928338569526135];0.7800729597409034;0.25
9696;0.5063639578578307;0.3254913898170639;6;0.5082974467420613;[0.42147528484628133;0.24060271680551448;0.5912526308693801;0.4103800628286133];0.778740794226015;0.25
6482;0.66111814592459;0.3572980406654897;6;0.4102888064641595;[0.5718169117517963;0.267996806492696;0.7504193800973836;0.4465992748382834];0.7781734690367693;0.25
663;0.3704217688240314;0.6130305551055204;6;0.3938922643727536;[0.28287021157899156;0.5254789978604806;0.4579733260690712;0.7005821123505602];0.7704561278068087;0.25
2844;0.36293295575312445;0.6618758246518608;6;0.5608946387373388;[0.2729163709937381;0.5718592398924744;0.4529495405125108;0.7518924094112471];0.7703923718388958;0.25
2251;0.9582369545962746;0.8247123544980276;6;0.4553912923666979;[0.8752606376407868;0.7417360375425398;1.0412132715517624;0.9076886714535154];0.7807557332103318;0.25
9080;0.7374904833127748;0.9585400159258739;6;0.46832482235818795;[0.6488446916386721;0.8698942242517712;0.8261362749868775;1.0471858075999765];0.7721602285195555;0.25
5324;0.4852696179846229;0.6618286156413336;6;0.5036533642775668;[0.400891867093383;0.5774508647500936;0.5696473688758629;0.7462063665325736];0.7766563699982405;0.25
619;0.5920880376856023;0.8443884387777976;6;0.3964652642912628;[0.506761531646824;0.7590619327390193;0.6774145437243805;0.9297149448165758];0.7649632149151294;0.25
2076;0.7361873329445259;0.9113914323212892;6;0.5399521331119382;[0.653098162495013;0.8283022618717762;0.8192765033940388;0.9944806027708021];0.7723532158034353;0.25
2729;0.08871232623558822;0.7640839265386228;5;0.4457724756743651;[-4.22767855246281E-4;0.6749488324477882;0.17784742032642273;0.8532190206294573];0.7833200631789929;0.25
191;0.7712663993030857;0.7188608024798167;5;0.5723476694096896;[0.6841311036782463;0.6317255068549772;0.8584016949279252;0.8059960981046561];0.7700558531736934;0.25
7477;0.1468257754090449;0.9948132793707785;6;0.5363444961258005;[0.05647449465404493;0.9044619986157785;0.23717705616404489;1.0851645601257784];0.772139904966566;0.25
7309;0.4159717931970645;0.6838702533953692;6;0.6926786063113658;[0.3274735293496456;0.5953719895479503;0.5044700570444834;0.7723685172427881];0.7839726503298654;0.25
4403;0.6761733262694553;0.439596977438197;6;0.5083801824902825;[0.5902924024565643;0.3537160536253061;0.7620542500823462;0.5254779012510878];0.7735025525703625;0.25
1842;0.7130771933434121;0.7859195653387615;6;0.6129089601557648;[0.6273129954353628;0.7001553674307122;0.7988413912514615;0.8716837632468108];0.7729868471603328;0.25
6320;0.6470435070141642;0.09252494521497256;6;0.6166303607123081;[0.558685330356576;0.004166768557384334;0.7354016836717525;0.18088312187256078];0.7818633382249242;0.25
8793;0.15470583394492166;0.8266270040323971;6;0.363058380929576;[0.06844387898773198;0.7403650490752074;0.24096778890211135;0.9128889589895868];0.7629335492958189;0.25
5503;0.7293168020780513;0.6787612839289157;6;0.41366709468608026;[0.644454124995192;0.5938986068460563;0.8141794791609106;0.763623961011775];0.7751076747881546;0.25
2488;0.6654218345635358;0.929427210606296;6;0.5002125792401045;[0.5784696478245552;0.8424750238673154;0.7523740213025163;1.0163793973452764];0.7756048995108048;0.25
8135;0.816882960899376;0.3398166009696546;6;0.40146088150299253;[0.7274384463678083;0.25037208643808695;0.9063274754309436;0.42926111550122226];0.7746245077565921;0.25
2637;0.10571341996888384;0.7466360163442748;6;0.584698888311709;[0.01568603308220934;0.6566086294576003;0.19574080685555834;0.8366634032309492];0.7686705993087485;0.25
5133;0.3350534167119032;0.6580267257207016;6;0.4573856283583778;[0.24604341210658992;0.5690167211153884;0.42406342131721647;0.7470367303260149];0.7754273055772969;0.25
9148;0.3851568455631573;0.8045132762470756;6;0.5988361251256435;[0.297736734134089;0.7170931648180073;0.4725769569922256;0.8919333876761438];0.7721028127805692;0.25
8783;0.8952860741584432;0.8588644291721548;6;0.5119922619237137;[0.8082260817284331;0.7718044367421447;0.9823460665884532;0.9459244216021648];0.7861795405361994;0.25
972;0.3997905873537499;0.4414350403689653;6;0.5730705805715376;[0.3103686214180013;0.3520130744332167;0.4892125532894985;0.5308570063047139];0.7671590315432115;0.25
8185;0.6249531556959705;0.8939100841842947;6;0.40031306113586773;[0.5399784263615506;0.8089353548498748;0.7099278850303905;0.9788848135187147];0.7743389825192868;0.25
3313;0.7478872556959048;0.571999090020793;6;0.4294978450322503;[0.6641435555664388;0.488255389891327;0.8316309558253707;0.6557427901502589];0.7722956767065988;0.25
9843;0.23904680761025238;0.14495564336465705;6;0.4176177964285873;[0.15167469224538233;0.057583527999786985;0.3264189229751224;0.2323277587295271];0.7791564473009565;0.25
2510;0.4138521981501935;0.7986010168376096;6;0.6047531700442238;[0.3263984676792463;0.7111472863666625;0.5013059286211407;0.8860547473085568];0.7780075507543803;0.25
9969;0.8491079504093498;0.304747719681539;6;0.4545353459527244;[0.7625313197721875;0.2181710890443767;0.9356845810465122;0.39132435031870133];0.780605648607629;0.25
4128;0.4943705878289981;0.5712431241440435;6;0.45486799013400747;[0.4082207010134429;0.4850932373284883;0.5805204746445534;0.6573930109595988];0.7627921728653412;0.25
4431;0.2955778018704925;0.3111681850123056;6;0.45467077483156965;[0.205824454226825;0.2214148373686381;0.38533114951416;0.4009215326559731];0.7716452904202294;0.25
9197;0.656699528857199;0.03121826491478219;6;0.441246533376095;[0.5704008572203229;-0.05508040672209394;0.7429982004940751;0.11751693655165832];0.7705618821715757;0.25
212;0.9679635803032811;0.8685004644174272;6;0.6042364465751737;[0.879174300567173;0.7797111846813192;1.0567528600393892;0.9572897441535353];0.7791733804324413;0.25
2548;0.5263366876928323;0.3940780177604529;6;0.5575353335059002;[0.4376907399139994;0.3054320699816201;0.6149826354716651;0.48272396553928576];0.7834225513749529;0.25
5983;0.612970467043611;0.8379288877322826;6;0.48453777508646567;[0.5256466440607017;0.7506050647493733;0.7002942900265203;0.9252527107151919];0.7766571964752363;0.25
5892;0.9457283064674815;0.2800960204183877;6;0.5077840662226919;[0.8572279094019145;0.19159562335282077;1.0342287035330484;0.36859641748395466];0.774107690186634;0.25
594;0.28959646124913785;0.8367648639975164;6;0.5141758334523547;[0.20211362951080658;0.7492820322591851;0.3770792929874691;0.9242476957358476];0.7837262059004874;0.25
4707;0.46718916074097394;0.7479686886763511;6;0.4553115586856006;[0.38093667785266466;0.6617162057880419;0.5534416436292832;0.8342211715646604];0.7739134470449093;0.25
8801;0.5676089100120328;0.8759278820520423;6;0.34586572679328853;[0.48220391038321153;0.790522882423221;0.6530139096408542;0.9613328816808636];0.7718571503930653;0.25
8687;0.36625235728362376;0.6985488440053838;6;0.47827179860778574;[0.27963075400293563;0.6119272407246956;0.4528739605643119;0.7851704472860719];0.7832727426449536;0.25
4949;0.7918820889967686;0.25480838132091;6;0.6099722256403967;[0.702070566739808;0.16499685906394948;0.8816936112537291;0.34461990357787053];0.7723992352289004;0.25
5425;0.24777663692285123;0.7650626949977856;6;0.5791101131392216;[0.1576245081603679;0.6749105662353022;0.3379287656853346;0.8552148237602689];0.7761253696398643;0.25
1127;0.819453821365284;0.5973165230526791;6;0.49722605804913234;[0.7309649786534617;0.5088276803408568;0.9079426640771063;0.6858053657645015];0.7779081960451362;0.25
4166;0.15995159206979437;0.8140835225199419;6;0.316265812026156;[0.07127603283390407;0.7254079632840515;0.24862715130568466;0.9027590817558322];0.7857378543885192;0.25
6687;0.5186371445428661;0.8998515994711148;6;0.623539216076725;[0.4313610857291885;0.8125755406574372;0.6059132033565438;0.9871276582847924];0.7751085953307386;0.25
1346;0.29512554539728375;0.9336176662328526;6;0.3066088134058218;[0.21237050057518597;0.8508626214107547;0.37788059021938153;1.0163727110549503];0.77997484621775;0.25
7829;0.7325692162096298;0.32912864545837606;6;0.5161149588529513;[0.6412235769173091;0.23778300616605547;0.8239148555019504;0.42047428475069665];0.7802533046656602;0.25
951;0.8195366173196941;0.8079465092868358;6;0.28606679602269214;[0.7327714084387351;0.7211813004058768;0.906301826200653;0.8947117181677947];0.7702983349253704;0.25
7173;0.4363439989841814;0.9823872667976956;6;0.41587959420598547;[0.345976802437433;0.8920200702509472;0.5267111955309298;1.0727544633444441];0.7705801831411287;0.25
5900;0.27740640983749904;0.015794517910543093;6;0.615676507337649;[0.19319275694483878;-0.06841913498211716;0.3616200627301593;0.10000817080320334];0.784548971591487;0.25
6637;0.7058589423114717;0.8217360867785397;5;0.45516457589912285;[0.6193032788947552;0.7351804233618232;0.7924146057281882;0.9082917501952562];0.7710231955804768;0.25
4107;0.6044399810737442;0.9080870741924334;6;0.42355281192323935;[0.5129953509838834;0.8166424441025726;0.695884611163605;0.9995317042822942];0.7826668070223503;0.25
323;0.9484225974756397;0.38064381361834054;6;0.4343051319216712;[0.8614999211981212;0.29372113734082206;1.035345273753158;0.467566489895859];0.7679958250425534;0.25
3234;0.5195024951699222;0.5223694512793859;6;0.49291099510341696;[0.43315752547208947;0.4360244815815532;0.605847464867755;0.6087144209772186];0.7792875143162774;0.25
9382;0.9803438964634494;0.052399820024542465;6;0.44506680108703645;[0.8917803842657482;-0.036163692173158776;1.0689074086611507;0.14096333222224372];0.7752935230749897;0.25
8943;0.7533104066221299;0.9186376504936422;6;0.44461177770197;[0.665121840560995;0.8304490844325073;0.8414989726832648;1.006826216554777];0.7740689611743891;0.25
371;0.2342211795022685;0.6277521245228511;6;0.4644403608119294;[0.14123545035979068;0.5347663953803733;0.32720690864474633;0.7207378536653289];0.7723321946644809;0.25
14;0.21490627401801077;0.003339443915193918;6;0.4553028926821884;[0.12683125538384651;-0.08473557471897034;0.302981292652175;0.09141446254935817];0.7685275082713373;0.25
8567;0.5137106006302019;0.4547213758788661;6;0.2090237626223883;[0.4236073423228212;0.3646181175714854;0.6038138589375827;0.5448246341862468];0.7737974788585488;0.25
807;0.8202039702426118;0.24825746535326648;6;0.48093799441365276;[0.7333375315951732;0.1613910267058279;0.9070704088900504;0.3351239040007051];0.7746705143920194;0.25
917;0.5768009365143397;0.0816559628691233;6;0.49754176892668894;[0.4871221631058358;-0.00802281053938067;0.6664797099228437;0.17133473627762727];0.772729082492638;0.25
7373;0.9001522670590509;0.26029506217440596;6;0.6047732006087086;[0.8145629049979075;0.1747057001132625;0.9857416291201944;0.34588442423554944];0.7740255997725763;0.25
2188;0.7318469517647103;0.7007316289166203;6;0.5015875982824761;[0.6443112088637558;0.6131958860156659;0.8193826946656647;0.7882673718175748];0.7761811174998957;0.25
6478;0.2766626077472858;0.6562358342669163;6;0.5696198170567673;[0.18824714888862823;0.5678203754082588;0.36507806660594333;0.7446512931255739];0.7748929334594397;0.25
1436;0.7688491186503599;0.19056702755626792;6;0.41545309837949074;[0.6853493281105774;0.1070672370164854;0.8523489091901424;0.27406681809605044];0.7784699181488022;0.25
2938;0.13073650218569433;0.5097948814265805;6;0.5768831412522142;[0.042571977661512855;0.42163035690239903;0.2189010267098758;0.5979594059507619];0.7797735773451435;0.25
6635;0.796928885540019;0.5163755846997905;6;0.49230520362335484;[0.7099974127419814;0.4294441119017529;0.8838603583380565;0.6033070574978281];0.7670278066251177;0.25
3239;0.3611321341526023;0.7848908173282042;6;0.45365778955640634;[0.27241604413039777;0.6961747273059996;0.44984822417480685;0.8736069073504088];0.7712337928842304;0.25
9221;0.23949257128439128;0.9988721470759545;6;0.4133736230356522;[0.15379467313949308;0.9131742489310564;0.3251904694292895;1.0845700452208527];0.7813705627885215;0.25
7160;0.744396641918591;0.3004828656656368;6;0.5090815819109971;[0.6582073950180632;0.21429361876510905;0.8305858888191188;0.38667211256616457];0.7696571328690818;0.25
8432;0.3930616673831833;0.556268450396281;6;0.8162562112897278;[0.3032246310870874;0.4664314141001852;0.48289870367927923;0.6461054866923769];0.7762516985132609;0.25
9527;0.9000093201879332;0.4236479455185151;6;0.7548102272233765;[0.8158806455294917;0.33951927086007355;0.9841379948463748;0.5077766201769567];0.7738679756239305;0.25
3011;0.6691087770375743;0.7866202137530134;6;0.6091667158101319;[0.5854644995400893;0.7029759362555283;0.7527530545350594;0.8702644912504984];0.7761003905329662;0.25
9450;0.3911643645557759;0.8807003501948292;6;0.5577012845099891;[0.30106400097433283;0.7905999866133862;0.481264728137219;0.9708007137762722];0.7693514915053332;0.25
6067;0.7222471028717972;0.8408511410459499;6;0.27313125883325173;[0.6344910618429718;0.7530951000171247;0.8100031439006226;0.9286071820747752];0.770346008061079;0.25
917;0.7040063825449487;0.6817587806453844;6;0.49754176892668894;[0.617709848224968;0.5954622463254037;0.7903029168649295;0.7680553149653652];0.772729082492638;0.25
5966;0.1077805973844731;0.2636157729840776;6;0.5196828224989058;[0.024175393162793643;0.18001056876239818;0.19138580160615254;0.34722097720575706];0.7746068484356736;0.25
2759;0.7053473227916512;0.36018883279044944;6;0.3732672859927014;[0.6196076404747645;0.2744491504735627;0.791087005108538;0.44592851510733617];0.7781266783363668;0.25
8799;0.6228608494542185;0.024765267391218093;6;0.433734211903255;[0.5369633856015891;-0.06113219646141134;0.7087583133068479;0.11066273124384753];0.7778087742745328;0.25
3458;0.5839836047134622;0.7798534452322792;6;0.5367158473253669;[0.49750138123333654;0.6933712217521535;0.6704658281935879;0.8663356687124049];0.7755551823715375;0.25
7527;0.578204458707517;0.4896642798859905;6;0.4581833614052963;[0.4904588202681533;0.40191864144662676;0.6659500971468808;0.5774099183253543];0.7769028092767408;0.25
3126;0.6469073040928872;0.3486191819533402;6;0.3456180055341368;[0.556283068287162;0.257994946147615;0.7375315398986124;0.4392434177590654];0.7670592615196705;0.25
1378;0.8920257339897304;0.3711687057154212;6;0.5881971079622296;[0.8071722756723967;0.28631524739808745;0.9768791923070641;0.456022164032755];0.768824653493396;0.25
707;0.3244442278936177;0.5619247344373806;6;0.6458654452232977;[0.23452571706871714;0.47200622361248;0.41436273871851825;0.6518432452622811];0.7750421593972433;0.25
7837;0.4816259965931135;0.4359132532574623;6;0.7382615569316878;[0.3921200532807617;0.3464073099451105;0.5711319399054653;0.5254191965698141];0.7801370615960247;0.25
6818;0.860905053836389;0.192523528084462;6;0.4445217028910909;[0.7713380083469165;0.10295648259498937;0.9504720993258616;0.28209057357393463];0.7677303945835269;0.25
4950;0.7575480921633094;0.8702058083912585;6;0.6720860704719221;[0.6693178319683164;0.7819755481962655;0.8457783523583025;0.9584360685862515];0.7897259391330375;0.25
5076;0.8455536979974353;0.7830744497881077;6;0.5729984042576628;[0.7586391340475355;0.6961598858382079;0.9324682619473351;0.8699890137380075];0.7697284155632406;0.25
8647;0.5194327592924601;0.29987471999619164;7;0.4778221263530086;[0.43482155081541074;0.21526351151914225;0.6040439677695095;0.38448592847324103];0.774808260014248;0.25
3779;0.8786672894560873;0.9463463228208151;6;0.5509586633416967;[0.7930989217975024;0.8607779551622301;0.9642356571146722;1.0319146904794];0.7790832713300595;0.25
733;0.9073065020015435;0.7255059030872825;6;0.39598236932925746;[0.8196211341706354;0.6378205352563744;0.9949918698324516;0.8131912709181905];0.778788263129428;0.25
4396;0.47423794005427006;0.72286747729116;6;0.5025061557952669;[0.38536673842112246;0.6339962756580124;0.5631091416874177;0.8117386789243075];0.775150598464771;0.25
3083;0.9255998232771063;0.24833464248067422;6;0.4000779706550073;[0.8396449098031354;0.16237972900670336;1.011554736751077;0.33428955595464505];0.7736364696051428;0.25
7013;0.6077163689141529;0.07735455695567439;6;0.32095486932412637;[0.5211176989715589;-0.009244112986919573;0.694315038856747;0.16395322689826836];0.7806834772858146;0.25
4778;0.5669926493291895;0.9809342717415881;6;0.5886826187845079;[0.48282944136044703;0.8967710637728457;0.6511558572979319;1.0650974797103305];0.7812783040560003;0.25
6771;0.3405711115409875;0.761972217241945;6;0.38621057691272914;[0.2551883690713314;0.6765894747722888;0.4259538540106436;0.8473549597116011];0.7723707516001735;0.25
5870;0.7686096243009231;0.4272926980259961;5;0.5506848250345422;[0.6836330380104655;0.34231611173553855;0.8535862105913806;0.5122692843164537];0.7768181640009466;0.25
3219;0.7304918690271531;0.6643808968348588;6;0.6357454381549006;[0.6461393059926691;0.5800283338003748;0.8148444320616371;0.7487334598693428];0.7768604051327243;0.25
2553;0.5586277025442332;0.808894305751462;6;0.5284457396314644;[0.47258972053356696;0.7228563237407958;0.6446656845548995;0.8949322877621283];0.7723360821549311;0.25
9667;0.7323612071407037;0.5616596726855315;6;0.3772524234373531;[0.647213436353928;0.47651190189875575;0.8175089779274795;0.6468074434723072];0.7709165529515395;0.25
6990;0.3108959600970961;0.5832918994188427;6;0.5814529165226501;[0.2224212824707205;0.4948172217924671;0.3993706377234717;0.6717665770452184];0.7789150942966929;0.25
737;0.8762067523383632;0.9863727196919374;6;0.4425773990075009;[0.7882466739859939;0.8984126413395681;0.9641668306907325;1.0743327980443067];0.7794362978309537;0.25
5807;0.3446636372806665;0.46818706356642303;6;0.5893605487040403;[0.2524846311535661;0.37600805743932264;0.4368426434077669;0.5603660696935234];0.7713750174392904;0.25
2213;0.7884392402585111;0.603422645145149;6;0.5156745258462764;[0.7009194957922854;0.5159029006789233;0.8759589847247368;0.6909423896113747];0.7690482165624045;0.25
4604;0.6602754736484849;0.8071672137443452;6;0.4234372740483744;[0.5723606704118889;0.7192524105077491;0.748190276885081;0.8950820169809413];0.7704322463648279;0.25
1065;0.764924232885428;0.5473761626165783;6;0.5839374672995348;[0.6716952201215292;0.4541471498526794;0.8581532456493268;0.6406051753804771];0.7782966252891491;0.25
1545;0.37069873399634923;0.696886597590975;6;0.4723180485387144;[0.28552410961881025;0.6117119732134361;0.4558733583738882;0.782061221968514];0.7720151301016931;0.25
2599;0.13965179069888345;0.09906294851325192;6;0.4470239720275342;[0.05333243345613167;0.012743591270500149;0.22597114794163523;0.1853823057560037];0.7830836436532198;0.25
8250;0.7587051196226704;0.5110383386311587;6;0.45978109448672577;[0.6702611380867401;0.42259435709522847;0.8471491011586006;0.5994823201670889];0.7804179197899639;0.25
2986;0.5584663362461062;0.6981715328859088;6;0.3741855148286918;[0.47088507317774436;0.6105902698175469;0.6460475993144681;0.7857527959542707];0.7769539733618173;0.25
1908;0.4225611694891322;0.7205027170810137;6;0.5027544886132793;[0.3391812334824818;0.6371227810743633;0.5059411054957826;0.803882653087664];0.769199153837004;0.25
6201;0.6004688899601459;0.08442813777561597;6;0.4742506922233991;[0.5166607527588545;6.20000574324514E-4;0.6842770271614373;0.16823627497690744];0.7728837791841802;0.25
9748;0.3578002066542626;0.15567184998423433;6;0.5178902775337195;[0.2776632240108968;0.07553486734086855;0.43793718929762837;0.2358088326276001];0.7709356269148452;0.25
2382;0.8710296696957753;0.5341090405396964;6;0.4198247068641772;[0.7825107908013519;0.445590161645273;0.9595485485901988;0.6226279194341199];0.7765586270539379;0.25
9510;0.8227854178683506;0.7213079981174244;6;0.6244677696762178;[0.7368602451108646;0.6353828253599385;0.9087105906258366;0.8072331708749103];0.7800481220365416;0.25
2086;0.17271891075671142;0.7334650725430257;6;0.5131955043972506;[0.08122302252674198;0.6419691843130563;0.2642147989866809;0.8249609607729952];0.7688649240520948;0.25
3730;0.7446301129868821;0.3699273585814482;6;0.5786170783659432;[0.6540400789776327;0.27933732457219884;0.8352201469961315;0.46051739259069757];0.7765580519134723;0.25
2403;0.6390000986618136;0.610362814666099;6;0.3493453558900904;[0.5466411495632711;0.5180038655675565;0.7313590477603561;0.7027217637646415];0.7784637458034757;0.25
7894;0.638970599850713;0.6186178875874924;6;0.4716133000124635;[0.5530809364177012;0.5327282241544805;0.7248602632837249;0.7045075510205042];0.7778315181994506;0.25
2360;0.5699167966767383;0.5092774879067596;6;0.6042579954629539;[0.4829822728026687;0.42234296403269;0.656851320550808;0.5962120117808293];0.7776735003598472;0.25
8207;0.9116097544072688;0.3552847991467316;6;0.4848080936935365;[0.8257111419707059;0.2693861867101688;0.9975083668438316;0.44118341158329444];0.7841888173494849;0.25
3415;0.33695414200013185;0.6344242471039897;6;0.508994441119047;[0.2520329609678991;0.5495030660717569;0.4218753230323646;0.7193454281362225];0.7742842464487708;0.25
1144;0.9945997995148909;0.5137886379648415;6;0.5639669221518413;[0.9084455341863793;0.42763437263633;1.0807540648434024;0.5999429032933531];0.7727226404451659;0.25
266;0.9437348396636236;0.3287592168643315;6;0.3348844564843936;[0.8534254981735129;0.23844987537422083;1.0340441811537342;0.41906855835444223];0.7737864494206248;0.25
3844;0.5959651742474055;0.21866789008326043;6;0.35264636754702544;[0.5086311233689498;0.1313338392048047;0.6832992251258612;0.3060019409617162];0.7752255577199817;0.25
3089;0.5706485272646638;0.329470085031437;6;0.5625938388358227;[0.47975523573011425;0.23857679349688748;0.6615418187992133;0.4203633765659865];0.7771090402597375;0.25
2219;0.8019714060967522;0.5616082277417371;6;0.5693503252404853;[0.7139848235750728;0.4736216452200577;0.8899579886184317;0.6495948102634166];0.7770585106626459;0.25
9554;0.45436214905416966;0.37796920659723765;6;0.4811399640299231;[0.3685870418351434;0.2921940993782114;0.5401372562731959;0.4637443138162639];0.7777525873310391;0.25
5824;0.8915849450354961;0.7705123139159458;7;0.4504914714354789;[0.8000652870627308;0.6789926559431805;0.9831046030082614;0.8620319718887111];0.7709898958132712;0.25
9338;0.44279255144674284;0.6609180583411263;6;0.5461994450111036;[0.3516825954629098;0.5698081023572933;0.5339025074305759;0.7520280143249592];0.778215594239235;0.25
6295;0.48323846492880124;0.29850165018743946;6;0.6458464810803287;[0.3930633009860117;0.20832648624464992;0.5734136288715908;0.38867681413022903];0.7720123193896327;0.25
6944;0.32152205711086157;0.08600202552258152;6;0.649419882447575;[0.239051587698831;0.0035315561105509485;0.40399252652289214;0.16847249493461208];0.7803137059240144;0.25
2672;0.9847231475596903;0.8817196590385806;6;0.6846207415846718;[0.8988811574517677;0.795877668930658;1.0705651376676129;0.9675616491465032];0.7710903516819816;0.25
6011;0.4298963678488577;0.5749608153989172;6;0.5564144716691318;[0.33856794378070615;0.48363239133076563;0.5212247919170092;0.6662892394670688];0.7655159685852405;0.25
2186;0.879500796052741;0.8212308811540021;5;0.6438790014937672;[0.7951451051170901;0.7368751902183512;0.9638564869883919;0.905586572089653];0.7854910415905466;0.25
99;0.18899659934003643;0.25837937956739415;6;0.32972586670748616;[0.10546425959381013;0.17484703982116784;0.27252893908626274;0.34191171931362047];0.7794471086798106;0.25
5706;0.7025449088468152;0.8551955549955832;6;0.46563290239786687;[0.6142487039896105;0.7668993501383785;0.7908411137040199;0.9434917598527879];0.7774105134240771;0.25
9843;0.760399894717837;0.2786872138978608;6;0.4176177964285873;[0.6715227511653128;0.18981007034533665;0.8492770382703612;0.3675643574503849];0.7791564473009565;0.25
6989;0.9704825332914156;0.6025937915886956;6;0.6015186396972658;[0.8823475286437872;0.5144587869410672;1.0586175379390441;0.6907287962363241];0.7698988705438372;0.25
107;0.3278330976103324;0.03493300130763588;6;0.40995551953910536;[0.2435071265736402;-0.04939296972905631;0.4121590686470246;0.11925897234432807];0.7739584620355378;0.25
5886;0.9237233886712071;0.4713490553516669;6;0.3067211788870925;[0.834422969661111;0.3820486363415707;1.0130238076813032;0.560649474361763];0.7731721086249598;0.25
3822;0.21971290446861547;0.10746203411219823;6;0.3227565052536894;[0.13408128107508024;0.021830410718663013;0.3053445278621507;0.19309365750573346];0.7710711389815436;0.25
5777;0.3851091283794323;0.08666319953532337;6;0.41830272544211206;[0.29612290080564896;-0.002323028038459962;0.4740953559532156;0.1756494271091067];0.7817506198166468;0.25
2404;0.6451298332606534;0.7900537915535117;6;0.5791776199763391;[0.5592330847739304;0.7041570430667887;0.7310265817473764;0.8759505400402348];0.7841244026350705;0.25
2531;0.6459375223949951;0.5735906936551513;6;0.6181421646413875;[0.5604568181956455;0.4881099894558016;0.7314182265943447;0.6590713978545009];0.7730186316018937;0.25
2568;0.8440011406209067;0.9134283552262801;6;0.6215282258836188;[0.7590089519773343;0.8284361665827077;0.9289933292644791;0.9984205438698525];0.7745450914204678;0.25
1663;0.8816672109375073;0.13299773226969508;6;0.5718559131743206;[0.791278847642183;0.04260936897437083;0.9720555742328316;0.22338609556501932];0.7688788571858102;0.25
9202;0.8654960145115728;0.7311842454776785;6;0.6060672131900985;[0.7786631406332436;0.6443513715993493;0.9523288883899019;0.8180171193560076];0.7705797120902718;0.25
9845;0.2556768354686514;0.7549611736275769;6;0.5310823699474496;[0.16915706358498891;0.6684414017439144;0.34219660735231383;0.8414809455112393];0.7728719846002183;0.25
6870;0.24569419401083958;0.5609969302485647;6;0.49189812195243554;[0.15865755747817012;0.4739602937158952;0.33273083054350905;0.6480335667812341];0.7733356502929825;0.25
5784;0.7265401175527433;0.3238968943330275;6;0.42912896402003153;[0.6389290109219447;0.23628578770222888;0.8141512241835419;0.4115080009638261];0.7834134034583297;0.25
9884;0.5178677284020643;0.8724091214468266;6;0.4334918318476891;[0.4296540515277302;0.7841954445724925;0.6060814052763984;0.9606227983211607];0.7805791082651173;0.25
852;0.861635729260634;0.8585606836437945;6;0.4796535505805941;[0.773088837643061;0.7700137920262214;0.950182620878207;0.9471075752613675];0.7673966622617613;0.25
7013;0.3176738887189844;0.6637086382376878;6;0.32095486932412637;[0.23296530119861736;0.5790000507173207;0.4023824762393514;0.7484172257580548];0.7806834772858146;0.25
8008;0.23438460447479204;0.767094024700682;6;0.3780155326190968;[0.14991037256716463;0.6826197927930546;0.3188588363824194;0.8515682566083094];0.7846002378486653;0.25
7343;0.7076704833721638;0.5853395406871866;6;0.5807120762994709;[0.6191674787199135;0.4968365360349363;0.796173488024414;0.6738425453394369];0.7771483570116775;0.25
5397;0.8016245624334143;0.6054183833203548;6;0.419249151166582;[0.7156512038702869;0.5194450247572274;0.8875979209965417;0.6913917418834822];0.7767652655756625;0.25
8287;0.7869994967325065;0.7224667414697218;7;0.631443571244161;[0.6971428360717983;0.6326100808090136;0.8768561573932147;0.81232340213043];0.7790325122849914;0.25
2546;0.7331675797310152;0.4270611733407109;6;0.4212587820225868;[0.6474288161589672;0.3413224097686629;0.8189063433030632;0.5127999369127589];0.7795576717714408;0.25
1926;0.518759947035946;0.05593281902313463;6;0.4781648278791931;[0.4328979198404339;-0.02992920817237746;0.604621974231458;0.14179484621864671];0.7743244703661412;0.25
1462;0.5566539560679978;0.5835738071876874;6;0.48144193547339326;[0.47056470679336093;0.49748455791305046;0.6427432053426347;0.6696630564623243];0.7761864814204423;0.25
4276;0.6424419765611795;0.8455934489531483;6;0.4914120422142397;[0.5572429569576738;0.7603944293496425;0.7276409961646852;0.930792468556654];0.7640494255253357;0.25
3920;0.6788343711732269;0.2969889497619038;6;0.4927993199416635;[0.5928316766423354;0.21098625523101228;0.7648370657041184;0.38299164429279536];0.7691496379470593;0.25
8822;0.6916880483576168;0.4595103294572609;6;0.49736581938482927;[0.6054729266478803;0.37329520774752445;0.7779031700673532;0.5457254511669973];0.7715166852521167;0.25
8326;0.1876462208966876;0.6834558728258101;6;0.48273388897246317;[0.09814353547012424;0.5939531873992467;0.27714890632325095;0.7729585582523735];0.7722509040130996;0.25
4837;0.4002860162960431;0.5812200384655211;6;0.719693703668663;[0.3095963320066087;0.49053035417608665;0.4909757005854775;0.6719097227549555];0.7753417542120253;0.25
4720;0.09505230819983046;0.2974092070606378;6;0.4583368849906176;[0.009440338874384502;0.21179723773519182;0.18066427752527642;0.38302117638608374];0.7674507212357838;0.25
1070;0.711961613127042;0.8934084065885082;6;0.44335792371672905;[0.625858585438085;0.8073053788995512;0.7980646408159989;0.9795114342774651];0.7669104188736887;0.25
1927;0.52281079562176;0.45180239736536104;6;0.36125752170689807;[0.43378343403217706;0.3627750357757781;0.6118381572113429;0.540829758954944];0.7671511852510645;0.25
1232;0.949677017576135;0.964006411410018;6;0.5058101600431358;[0.8635066434329299;0.8778360372668129;1.03584739171934;1.050176785553223];0.7692616386707134;0.25
8052;0.6852214693935821;0.12560498400574338;5;0.554796598693331;[0.5980237105806319;0.03840722519279319;0.7724192282065323;0.21280274281869357];0.7756504145975113;0.25
1972;0.7014784333830272;0.41234886995741316;6;0.48362320049784985;[0.6158819110117166;0.3267523475861026;0.7870749557543377;0.4979453923287237];0.7799402693381349;0.25
3036;0.05570785259013711;0.5434042875004692;6;0.6586429770678435;[-0.03242412070694371;0.4552723142033884;0.14383982588721794;0.63153626079755];0.770956870202152;0.25
7713;0.769032659302947;0.6026900691203855;6;0.5953027032072998;[0.679683967832481;0.5133413776499195;0.8583813507734129;0.6920387605908515];0.782083249301348;0.25
9300;0.393958829970132;0.8417172731824553;6;0.45624850674407824;[0.3080961623043634;0.7558546055166866;0.4798214976359006;0.9275799408482239];0.7863573552291202;0.25
9322;0.3501784770150488;0.9634360659058786;6;0.45629504695534784;[0.2614517963289116;0.8747093852197414;0.438905157701186;1.0521627465920158];0.7752991380272989;0.25
67;0.1752733353719153;0.04189575943811419;7;0.5185765747332123;[0.08639883637004997;-0.04697873956375115;0.26414783437378064;0.13077025843997953];0.7788802793348902;0.25
9079;0.2893244508894058;0.9174784886847855;6;0.38090378479560183;[0.19740665231062485;0.8255606901060046;0.38124224946818674;1.0093962872635664];0.7790400208962645;0.25
3785;0.5513596247297012;0.6957797370421959;6;0.3707681589769507;[0.4625662660190477;0.6069863783315423;0.6401529834403548;0.7845730957528494];0.7673449185923866;0.25
560;0.7992329112718056;0.5618397070794269;6;0.5965766691677851;[0.7144000572497787;0.4770068530574;0.8840657652938325;0.6466725611014538];0.7779549720396343;0.25
4606;0.40136690075571974;0.5111547168733395;6;0.4181176462452963;[0.3133009385763069;0.42308875469392665;0.48943286293513255;0.5992206790527523];0.7705004942493173;0.25
3582;0.9170333142729243;0.2960424658920263;6;0.39355984185516063;[0.8288279186140342;0.20783707023313616;1.0052387099318145;0.3842478615509165];0.771715307290769;0.25
4480;0.9344729278823576;0.4394304142649492;6;0.5730269322703833;[0.8507454000144639;0.3557028863970555;1.0182004557502513;0.523157942132843];0.7830207081707217;0.25
1889;0.19181371968680555;0.29439066868320307;5;0.4906271597458242;[0.10639048500626384;0.20896743400266138;0.27723695436734724;0.37981390336374476];0.7713737941552156;0.25
5838;0.5400264866505795;0.41698897737650187;6;0.6109844212744766;[0.4506352634994175;0.3275977542253399;0.6294177098017415;0.5063802005276639];0.7790667231417459;0.25
6348;0.9828544720053491;0.8393649044682336;6;0.3235868953212333;[0.8961996370109382;0.7527100694738227;1.06950930699976;0.9260197394626446];0.7753315216799033;0.25
7149;0.31492925339119693;0.7874487422363278;6;0.4618191729975201;[0.22926457564097213;0.701784064486103;0.4005939311414217;0.8731134199865526];0.7719581139399976;0.25
4921;0.5161971516271056;0.6822194955021161;6;0.4398029885818823;[0.4311155293518025;0.597137873226813;0.6012787739024087;0.7673011177774193];0.7821391569292951;0.25
3552;0.6296993944608621;0.4275663798762153;6;0.5238853782492612;[0.5457083696708933;0.3435753550862465;0.7136904192508309;0.5115574046661842];0.7703696213369122;0.25
3938;0.6589581545331045;0.7455275265382948;6;0.5755233618944914;[0.5711285403828895;0.6576979123880798;0.7467877686833194;0.8333571406885097];0.7734820006740742;0.25
3046;0.8685064634728799;0.11663546267715774;6;0.5581428535828765;[0.7792564932767021;0.02738549248097999;0.9577564336690576;0.2058854328733355];0.7804151764631794;0.25
7988;0.44262098148551476;0.28488368332198954;5;0.54570750176263;[0.3546772062712329;0.1969399081077077;0.5305647566997966;0.3728274585362714];0.7763472871053608;0.25
2027;0.8554898524584911;0.22151190924010788;6;0.5733812396673487;[0.7690752047405612;0.135097261522178;0.9419045001764209;0.3079265569580378];0.7692365642124137;0.25
1633;0.21854133945858534;0.5457673903565299;6;0.5780983039908163;[0.1348984870496582;0.4621245379476028;0.30218419186751244;0.629410242765457];0.7833306874507653;0.25
8035;0.6985499813981793;0.46885155572299575;6;0.5336952227394168;[0.6088643887805087;0.37916596310532524;0.7882355740158498;0.5585371483406663];0.7772679591879036;0.25
9641;0.22655848729934136;0.18295366617505843;6;0.48380533446404517;[0.1416136619351386;0.09800884081085567;0.31150331266354414;0.26789849153926115];0.7742128074613676;0.25
1461;0.06307233398018863;0.34092670400568836;6;0.41562626512612816;[-0.024918679053583886;0.2529356909719158;0.15106334701396115;0.4289177170394609];0.7790236692512921;0.25
5203;0.1187751945229013;0.6341308803674593;6;0.5198775071267506;[0.027853250509062552;0.5432089363536206;0.20969713853674005;0.7250528243812981];0.769346095665443;0.25
9227;0.07207161184598088;0.8788293755670358;6;0.5258580293932004;[-0.017356340822855088;0.7894014228981998;0.16149956451481684;0.9682573282358717];0.7698343098857455;0.25
7327;0.9874931844952527;0.3949422792382168;7;0.6982344749811598;[0.9027887880544324;0.3102378827973965;1.072197580936073;0.47964667567903707];0.7818204128265748;0.25
6182;0.6309661094542617;0.6079525798743373;6;0.6154239287155294;[0.5369858136012552;0.5139722840213308;0.7249464053072682;0.7019328757273438];0.7784993882768856;0.25
7948;0.21763228435424237;0.159137961807172;6;0.41187607389602576;[0.13184751412442045;0.07335319157735007;0.3034170545840643;0.2449227320369939];0.776852604664036;0.25
3578;0.41734463980541914;0.036062923826281734;6;0.4404921633057427;[0.3288585087331829;-0.05242320724595448;0.5058307708776554;0.12454905489851795];0.7714807100259842;0.25
3826;0.6361436215125381;0.3259745586987666;6;0.5834214961973483;[0.5500501088738226;0.23988104606005106;0.7222371341512537;0.4120680713374822];0.7804863067061367;0.25
2913;0.21454130479062727;0.23741360475505963;6;0.4461219166239676;[0.12585712431256463;0.14872942427699698;0.3032254852686899;0.3260977852331223];0.7761210215920004;0.25
36;0.5478161875467642;0.6294661260940662;6;0.4087878426073899;[0.4572195190209407;0.5388694575682427;0.6384128560725877;0.7200627946198896];0.7786753087398;0.25
6838;0.6456427631526018;0.5639526322943139;6;0.550012523829411;[0.5643802474520687;0.4826901165937808;0.7269052788531349;0.645215147994847];0.76956388263244;0.25
2654;0.26679827895898434;0.31292849989783594;6;0.33013528290085103;[0.1771693966343788;0.2232996175732304;0.35642716128358987;0.4025573822224415];0.7742769097172949;0.25
6244;0.2031174501463861;0.34380136531651107;6;0.5900741705666996;[0.11535315965383024;0.2560370748239552;0.29088174063894195;0.4315656558090669];0.7725395051022637;0.25
5355;0.7245998107094129;0.9985972910012025;6;0.5953232231239235;[0.6366507726999372;0.9106482529917268;0.8125488487188887;1.0865463290106783];0.7780568223224943;0.25
737;0.4951181606193503;0.5792932799281976;6;0.4425773990075009;[0.40920899506887276;0.49338411437772;0.5810273261698279;0.6652024454786751];0.7794362978309537;0.25
5119;0.6739069853442027;0.35258863678313146;6;0.5998040452125073;[0.5855674366933568;0.26424908813228554;0.7622465339950486;0.4409281854339774];0.776751417611252;0.25
1783;0.7994253979187568;0.11493027198074135;6;0.632773355692584;[0.7111431351712977;0.026648009233282283;0.8877076606662159;0.20321253472820042];0.7749440342454041;0.25
5707;0.8757510931830487;0.5260380772395622;6;0.5803183482970795;[0.7873343887820613;0.43762137283857483;0.964167797584036;0.6144547816405496];0.779076283508351;0.25
5548;0.44881182400064357;0.11152624834029773;6;0.5490631654912714;[0.3623047658328427;0.02501919017249686;0.5353188821684445;0.19803330650809858];0.7719509280142742;0.25
8279;0.850075151634196;0.26125126577295193;6;0.41334777339950085;[0.7619857576424574;0.17316187178121334;0.9381645456259347;0.34934065976469053];0.7750144883388981;0.25
4736;0.38644759126512546;0.7029245407437161;6;0.6289248404015708;[0.3016185740588917;0.6180955235374823;0.4712766084713592;0.78775355794995];0.7781855992766076;0.25
2537;0.10332817979540421;0.7244051959348133;6;0.44262568734706154;[0.014522044733292314;0.6355990608727015;0.1921343148575161;0.8132113309969252];0.7735744254138753;0.25
6461;0.6598909548073982;0.9108049496659577;6;0.41387516878263025;[0.5714231166281949;0.8223371114867544;0.7483587929866016;0.999272787845161];0.7803970992228604;0.25
8663;0.5227083472519387;0.6992145571697539;6;0.44963338593385493;[0.42871491876593815;0.6052211286837533;0.6167017757379393;0.7932079856557545];0.7732869221787145;0.25
161;0.6148528756983744;0.7937184419971124;7;0.4386659035728953;[0.5247927013657131;0.703658267664451;0.7049130500310358;0.8837786163297737];0.7872139604793588;0.25
140;0.39814503179619193;0.9289718069459642;6;0.4676857817570742;[0.3117652100217686;0.8425919851715408;0.48452485357061525;1.0153516287203874];0.772543567710945;0.25
7399;0.6402556982349439;0.4959558162547968;6;0.5329727637678496;[0.5581686651143404;0.4138687831341933;0.7223427313555474;0.5780428493754003];0.779572717579009;0.25
4534;0.636543254473423;0.891068031167317;6;0.5953635247281681;[0.5493677437999106;0.8038925204938047;0.7237187651469353;0.9782435418408294];0.7721512929089257;0.25
2114;0.8131287228599662;0.05699680924975892;6;0.5924655535908487;[0.7225429177099381;-0.03358899590026916;0.9037145280099943;0.14758261439978698];0.7835397897310035;0.25
3964;0.5455580221626459;0.5117600284574819;6;0.35513339226886587;[0.4615282065509123;0.4277302128457483;0.6295878377743795;0.5957898440692155];0.768707176076534;0.25
721;0.45590650752581036;0.2699932591733499;6;0.5515504735523051;[0.36687374724623273;0.18096049889377225;0.5449392678053879;0.3590260194529275];0.7845715854702651;0.25
7464;0.3626835535563634;0.39718609890529144;6;0.5604335888175467;[0.2715161795067882;0.30601872485571624;0.4538509276059386;0.48835347295486664];0.7722566943983682;0.25
7827;0.424453515160814;0.5892431649227283;6;0.5436996853995875;[0.3409701825941099;0.5057598323560242;0.5079368477275181;0.6727264974894325];0.7765361621136242;0.25
4532;0.7951220088363484;0.3195334798503901;6;0.489231104196253;[0.7091309558947051;0.23354242690874677;0.8811130617779918;0.40552453279203343];0.7761318909098675;0.25
3367;0.5877316105904722;0.7606385069617103;7;0.5603648663968079;[0.49975216501630004;0.6726590613875382;0.6757110561646443;0.8486179525358825];0.7744342768714012;0.25
5649;0.5848689387235644;0.3529328312682131;6;0.45198618895674114;[0.5006547584995966;0.26871865104424536;0.6690831189475321;0.4371470114921809];0.7653579553554042;0.25
5370;0.4317560312263169;0.12757444245224608;6;0.42387853714823587;[0.3431218916948936;0.03894030292082276;0.5203901707577402;0.2162085819836694];0.7771354024275093;0.25
8668;0.019024309332349443;0.4123549270557359;6;0.35455392891908466;[-0.06234802705023215;0.3309825906731543;0.10039664571493104;0.4937272634383175];0.7781205587757991;0.25
3237;0.813180400768185;0.37299805325316165;5;0.5330383808905083;[0.7266593012358635;0.28647695372084026;0.8997015003005064;0.45951915278548305];0.7748271650238827;0.25
786;0.35366851133350846;0.4789381891425707;6;0.41137351343381906;[0.26556745146697325;0.39083712927603553;0.4417695712000437;0.5670392490091059];0.774577667974691;0.25
843;0.8531756420677601;0.8894105638198121;6;0.5809580986806923;[0.7620706532909907;0.7983055750430427;0.9442806308445295;0.9805155525965815];0.7561640833598382;0.25
2169;0.42799827577562666;0.23893374283395752;6;0.5857501606633483;[0.3380725891325739;0.14900805619090476;0.5179239624186794;0.3288594294770103];0.7784985830538967;0.25
8772;0.8725613568692464;0.24425054555417997;6;0.4622238239353747;[0.784632156870615;0.15632134555554866;0.9604905568678778;0.33217974555281127];0.7773283277438517;0.25
3953;0.7443138908348175;0.8398481959473891;6;0.5717623939820806;[0.6572984624075058;0.7528327675200774;0.8313293192621292;0.9268636243747008];0.7742876207308929;0.25
788;0.250480901398399;0.24989105571595793;6;0.3414482182840274;[0.15915953455851925;0.15856968887607817;0.34180226823827875;0.3412124225558377];0.7820218101298702;0.25
4507;0.6914422117093012;0.09567252510650015;6;0.5103108427987204;[0.6075334218211299;0.01176373521832888;0.7753510015974725;0.17958131499467142];0.7699786525582676;0.25
9753;0.8441091464503331;0.8150994832572411;6;0.6648597318079967;[0.7575961083038516;0.7285864451107597;0.9306221845968146;0.9016125214037226];0.771626831598119;0.25
6617;0.5498557176839924;0.8459548227338036;6;0.6039854945269911;[0.46562909494265925;0.7617281999924704;0.6340823404253256;0.9301814454751368];0.7743223015289875;0.25
6547;0.26639036637280916;0.32511223985901194;6;0.6003570655184677;[0.17840880478865911;0.2371306782748619;0.3543719279569592;0.413093801443162];0.781057751686116;0.25
7996;0.6827838465443871;0.551122610701344;6;0.42367280898325127;[0.5944531897208316;0.46279195387778865;0.7711145033679425;0.6394532675248995];0.766282130094532;0.25
4988;0.5641845747861681;0.338369786524933;7;0.4732194410973641;[0.47766637061783324;0.2518515823565981;0.650702778954503;0.4248879906932679];0.7755530149711952;0.25
968;0.32592581704873347;0.7420850498288146;6;0.6403285029980802;[0.2415435178647023;0.6577027506447835;0.41030811623276464;0.8264673490128458];0.7702133040809475;0.25
4051;0.01052347245867824;0.6796646313612309;6;0.3656945444868828;[-0.08024836642010623;0.5888927924824464;0.10129531133746271;0.7704364702400154];0.7777207461461281;0.25
192;0.8465419591175917;0.26944625799276556;6;0.4228040518173173;[0.7565747278635806;0.17947902673875446;0.9365091903716027;0.35941348924677663];0.7827626706012605;0.25
5828;0.36734913939768543;0.3033624376400616;6;0.47224820251484984;[0.2791653787504537;0.2151786769928299;0.45553290004491714;0.3915461982872933];0.7738376799715805;0.25
9501;0.6122123757539568;0.737101348720795;5;0.4911365149588585;[0.5230564389329876;0.6479454118998258;0.701368312574926;0.8262572855417643];0.7772233261691097;0.25
6354;0.3601131028624588;0.4494338876188707;6;0.5866890193649267;[0.27170581295740065;0.36102659771381257;0.44852039276751693;0.5378411775239289];0.7732028789082636;0.25
3182;0.07948791087142126;0.8569082253217262;6;0.47803201308043647;[-0.008774219486414464;0.7686460949638905;0.167750041229257;0.9451703556795619];0.7767583793165649;0.25
7373;0.7041869930970043;0.7838359174876396;6;0.6047732006087086;[0.6119431599539492;0.6915920843445845;0.7964308262400593;0.8760797506306947];0.7740255997725763;0.25
5526;0.5128498857264563;0.4487872480030817;6;0.470009516727046;[0.4242459598416306;0.360183322118256;0.601453811611282;0.5373911738879074];0.7757648249716024;0.25
7977;0.7195994304752542;0.9141972253501196;6;0.6037024329926497;[0.6323183144336416;0.826916109308507;0.8068805465168668;1.001478341391732];0.7756584740563033;0.25
