2593;0.33376525855712097;0.8184712707291566;6;0.32326743118449475;[0.24522727411741185;0.7299332862894474;0.4223032429968301;0.9070092551688658];0.772898559838776;0.25
8855;0.4380680695837966;0.2255090498687798;6;0.3331185314586226;[0.348171652617778;0.13561263290276115;0.5279644865498152;0.3154054668347984];0.7833170889317516;0.25
7178;0.1196228771481711;0.9490958655543614;6;0.5140547509235996;[0.030388657306989655;0.85986164571318;0.20885709698935256;1.0383300853955428];0.7704125364687124;0.25
4308;0.7291119479159657;0.8032339519139586;6;0.46250442638766553;[0.6410853849452987;0.7152073889432915;0.8171385108866327;0.8912605148846258];0.7743859166123764;0.25
7998;0.8237684623570738;0.07999809706077121;6;0.5843090045181326;[0.7397764131776603;-0.003993952118642313;0.9077605115364873;0.16399014624018474];0.7783800921271045;0.25
8637;0.10267806459613271;0.6761048885140913;5;0.4818990429877337;[0.012432070010059582;0.5858588939280183;0.19292405918220584;0.7663508831001644];0.7672688438619059;0.25
5209;0.5026065778722544;0.9219853712243119;6;0.41433712474821977;[0.41549584308594517;0.8348746364380027;0.5897173126585635;1.0090961060106212];0.780231898243589;0.25
5938;0.19321655521466424;0.7687885900491711;6;0.6065882213605281;[0.10445856682989951;0.6800306016644064;0.281974543599429;0.8575465784339358];0.7820557680019243;0.25
6313;0.5318045624442226;0.6670979111359969;6;0.349019363683327;[0.4454657231815812;0.5807590718733555;0.618143401706864;0.7534367503986383];0.7645055260617379;0.25
3235;0.27082465029527725;0.8206245491264761;6;0.36515027916602205;[0.18069373746253453;0.7304936362937333;0.36095556312801996;0.9107554619592189];0.770411734714412;0.25
5828;0.1788978210391452;0.8292839769759962;6;0.47224820251484984;[0.09557151488982925;0.7459576708266803;0.26222412718846116;0.9126102831253121];0.7738376799715805;0.25
8310;0.6378589666709269;0.13868788060214243;6;0.5282229842314156;[0.5557889814065539;0.0566178953377694;0.7199289519352999;0.22075786586651547];0.7652562933245695;0.25
5254;0.8970852443455947;0.7182288416224395;6;0.6031057843445018;[0.8101803393885378;0.6313239366653827;0.9839901493026515;0.8051337465794963];0.7753705331371015;0.25
2850;0.7485217140298223;0.7120024784944787;6;0.5215134347520861;[0.6634727921402922;0.6269535566049487;0.8335706359193523;0.7970514003840088];0.7699690916567591;0.25
7913;0.13494955115578366;0.9287214689391063;6;0.6178180735671662;[0.046947480683849935;0.8407193984671726;0.2229516216277174;1.01672353941104];0.7779329233110808;0.25
239;0.32909474714023884;0.759758961137728;6;0.3443126300459517;[0.24445812332436717;0.6751223373218563;0.4137313709561105;0.8443955849535997];0.7810643473502122;0.25
6913;0.908823601677681;0.5252875614398982;6;0.5468961422873452;[0.8175770441231779;0.4340410038853951;1.000070159232184;0.6165341189944012];0.767904511772967;0.25
1266;0.22126427330151804;0.13702126632087963;6;0.5049138776514085;[0.12763176747599994;0.04338876049536153;0.3148967791270362;0.23065377214639773];0.7796131406718378;0.25
7297;0.05796019740995828;0.21781635674034378;6;0.4060975421507037;[-0.027945681246973164;0.13191047808341233;0.14386607606688973;0.3037222353972752];0.7763099255530583;0.25
6471;0.25433024288748685;0.4918870277872143;6;0.4423175779773568;[0.16666120331212425;0.40421798821185173;0.34199928246284944;0.5795560673625769];0.7754299396152888;0.25
9551;0.9437861473649534;0.7160662041967149;7;0.5183769045033291;[0.8522813963819214;0.6245614532136827;1.0352908983479854;0.807570955179747];0.7696182330179738;0.25
6882;0.7362378033427008;0.9525813444983104;5;0.5468483971375938;[0.6453075882539231;0.8616511294095327;0.8271680184314786;1.0435115595870883];0.7709931428971364;0.25
5172;0.9388895412234841;0.0802973005660641;6;0.5124957533432241;[0.8520149199738444;-0.006577320683575624;1.0257641624731237;0.16717192181570384];0.7825700740145022;0.25
9703;0.7338711550038863;0.23059683057739971;6;0.6985737841195678;[0.6474318666636013;0.14415754223711472;0.8203104433441714;0.3170361189176847];0.7756279381716742;0.25
6878;0.9081692541154404;0.3474824104824353;6;0.5914033197683325;[0.8159905316754994;0.2553036880424943;1.0003479765553813;0.43966113292237624];0.7730022138390198;0.25
8981;0.29237350181086763;0.03185708489610939;6;0.43084099364235384;[0.20475787723051264;-0.0557585396842456;0.3799891263912226;0.11947270947646438];0.7697344749660813;0.25
7195;0.5653744373804029;0.980325516978527;6;0.5379553094730478;[0.4778409204875608;0.8927920000856848;0.652907954273245;1.0678590338713692];0.7761267756748534;0.25
1620;0.08846218101864323;0.7247043043418205;6;0.3465389762551472;[6.305714272971802E-4;0.6368726947504745;0.1762937906099893;0.8125359139331666];0.7725483617309081;0.25
1234;0.7355141903699294;0.35769846688735935;6;0.4312515425814442;[0.6459386570556027;0.2681229335730327;0.825089723684256;0.447274000201686];0.7754830194464039;0.25
2073;0.5285828714803297;0.9678159355154;6;0.5656782861831443;[0.4426633293010202;0.8818963933360906;0.6145024136596391;1.0537354776947094];0.7728919039686221;0.25
223;0.6865652623536886;0.15689561463942148;6;0.45008882945078704;[0.5982550990579215;0.06858545134365436;0.7748754256494558;0.2452057779351886];0.7626103421493021;0.25
7853;0.3573447613648741;0.6687007184515602;6;0.4978009737947584;[0.2683250958689566;0.5796810529556427;0.4463644268607916;0.7577203839474778];0.7671062280323916;0.25
3937;0.679831779940963;0.13355010386737853;6;0.4968914706820787;[0.5901827935052405;0.043901117431656034;0.7694807663766855;0.22319909030310103];0.7805718730197784;0.25
7158;0.5784322655487225;0.34999156960889205;6;0.632669478013957;[0.49227125777028735;0.2638305618304569;0.6645932733271577;0.4361525773873272];0.7653234183920039;0.25
3090;0.9963893102523937;0.7658512781148404;6;0.6174516233500973;[0.9062212033131587;0.6756831711756054;1.0865574171916288;0.8560193850540755];0.766424813641521;0.25
8673;0.8408250616920119;0.06987704144925211;6;0.2718005510209489;[0.7543122026550889;-0.016635817587670812;0.9273379207289348;0.15638990048617502];0.7747733022908304;0.25
3371;0.9410982125406235;0.42262936302265264;6;0.3995619872792654;[0.8542649819764947;0.33579613245852374;1.0279314431047524;0.5094625935867815];0.7768951460360685;0.25
3573;0.5465375889792675;0.4221333556791233;6;0.595421259991946;[0.4616702977045154;0.33726606440437124;0.6314048802540196;0.5070006469538754];0.7726409209803935;0.25
7818;0.35613509617746214;0.25276444036756807;6;0.3780421428609861;[0.26795783263303874;0.1645871768231447;0.44431235972188554;0.3409417039119914];0.7809472333659464;0.25
4098;0.351629383964421;0.3499962634560731;6;0.49461119402972187;[0.2649712184508395;0.26333809794249163;0.4382875494780025;0.43665442896965456];0.771015478679285;0.25
6517;0.09450019860987624;0.815307732029767;5;0.5127340936329227;[0.010029388657649518;0.7308369220775404;0.17897100856210296;0.8997785419819937];0.7751697113856928;0.25
6739;0.03160855307650645;0.9519632759937023;6;0.5602952975714388;[-0.057846100299970754;0.8625086226172252;0.12106320645298366;1.0414179293701795];0.7764214514764296;0.25
9954;0.46537403792706783;0.43819410537577974;6;0.3915463088446637;[0.37949943353645904;0.35231950098517095;0.5512486423176766;0.5240687097663885];0.7732271286857848;0.25
5900;0.6191120816162;0.6967928075483462;6;0.615676507337649;[0.5305567589882768;0.608237484920423;0.7076674042441232;0.7853481301762694];0.784548971591487;0.25
4390;0.3931734008779826;0.2230793999299226;6;0.4815246776621724;[0.3066282286955086;0.1365342277474486;0.47971857306045657;0.3096245721123966];0.7656366252331513;0.25
6392;0.33734102824371864;0.49016823075571236;6;0.5088602240727718;[0.250570893939972;0.4033980964519657;0.4241111625474653;0.5769383650594591];0.7744510886749166;0.25
4887;0.33107010852531243;0.9078243693668738;6;0.33475169997649395;[0.24392175568376304;0.8206760165253244;0.4182184613668618;0.9949727222084233];0.7772584018921247;0.25
1872;0.3389178737490435;0.6564670594983988;6;0.5921695906343458;[0.25000367873800156;0.5675528644873569;0.4278320687600854;0.7453812545094407];0.7862602091971138;0.25
976;0.6066583182227583;0.44340858605051936;7;0.4721782706833119;[0.5209573306387217;0.3577075984664828;0.6923593058067948;0.5291095736345559];0.7703051056250975;0.25
244;0.2623995590540398;0.535819917548269;6;0.5102369515571294;[0.1723030286105924;0.4457233871048216;0.3524960894974871;0.6259164479917163];0.7674703426145986;0.25
2073;0.7628557459417168;0.6310597263182544;6;0.5656782861831443;[0.6719157289593187;0.5401197093358563;0.8537957629241149;0.7219997433006524];0.7728919039686221;0.25
164;0.801329144078039;0.6859105217570153;6;0.6491535378756947;[0.7142169011462108;0.5987982788251871;0.8884413870098672;0.7730227646888435];0.7779677065337375;0.25
7080;0.6044583749685422;0.1913913287678547;6;0.506555492220671;[0.5169675604091755;0.10390051420848796;0.6919491895279088;0.27888214332722144];0.7765109778828626;0.25
8354;0.36088670544612533;0.7466708095897878;6;0.5076556565588115;[0.27411277642026277;0.6598968805639253;0.4476606344719879;0.8334447386156504];0.7689272852576787;0.25
9074;0.9095758403890545;0.07492372056542917;6;0.3467705702252958;[0.8198013031264181;-0.014850816697207267;0.9993503776516909;0.16469825782806563];0.7879007933183452;0.25
4904;0.0731464330880407;0.07980552444392064;6;0.5508112229010803;[-0.01125992293733652;-0.004600831581456577;0.1575527891134179;0.16421188046929786];0.7705413629604996;0.25
5021;0.9667988734971851;0.9462996842065803;6;0.48265717422007687;[0.8788789485568363;0.8583797592662316;1.054718798437534;1.0342196091469291];0.7669392498299085;0.25
873;0.2707578724937373;0.07110104762641445;6;0.5622540769668846;[0.1807226167454184;-0.01893420812190444;0.36079312824205617;0.16113630337473334];0.7815473504842645;0.25
8969;0.6766395071719916;0.556273496650016;6;0.6846376127652151;[0.5887955844155778;0.4684295738936022;0.7644834299284055;0.6441174194064299];0.7705840725418681;0.25
4942;0.8396502912777695;0.16431649551527655;6;0.582010277050799;[0.7529005442990298;0.07756674853653679;0.9264000382565092;0.2510662424940163];0.7758854975005693;0.25
2422;0.595983005911301;0.581278147799638;6;0.2561164976375617;[0.5081913725140719;0.49348651440240887;0.6837746393085302;0.6690697811968672];0.7741689474056145;0.25
6854;0.6725131778864495;0.6934497288412992;6;0.38300389059185636;[0.5825559634999985;0.6034925144548482;0.7624703922729005;0.7834069432277502];0.7817836169309879;0.25
4154;0.9112825428122959;0.7457029396313231;6;0.39535515113790287;[0.8289281881734704;0.6633485849924975;0.9936368974511215;0.8280572942701486];0.7795104061011733;0.25
5796;0.08663073119977582;0.6686058084110597;6;0.5193183927904208;[-0.00247426485823124;0.5795008123530526;0.1757357272577829;0.7577108044690667];0.7693379498909374;0.25
4916;0.7588660342720146;0.7859321091325134;6;0.39707028225370367;[0.6700753243471427;0.6971413992076414;0.8476567441968865;0.8747228190573855];0.7763936018880028;0.25
87;0.3351046664024851;0.9815926334413689;6;0.5686752878956254;[0.2484495741305354;0.8949375411694193;0.4217597586744348;1.0682477257133187];0.7793900092922253;0.25
4075;0.24532389899374912;0.398388564853947;6;0.49878449266472036;[0.15460406520597553;0.30766873106617343;0.3360437327815227;0.4891083986417206];0.7806139571818501;0.25
6494;0.8550761009160017;0.7686073219044545;6;0.45400792366552845;[0.7677430752987466;0.6812742962871994;0.9424091265332568;0.8559403475217096];0.7828291120846962;0.25
5119;0.24951624622089602;0.6673695967755722;6;0.5998040452125073;[0.16193200327040175;0.5797853538250779;0.3371004891713903;0.7549538397260664];0.776751417611252;0.25
6968;0.7208520937827338;0.6943658502651381;6;0.44545665155399755;[0.634782945529558;0.6082967020119623;0.8069212420359096;0.7804349985183139];0.7733193756775095;0.25
8552;0.330704889399234;0.8238288461000656;6;0.3758672982681141;[0.24241299124554955;0.7355369479463811;0.4189967875529184;0.91212074425375];0.7752364411786603;0.25
4680;0.33090194594613037;0.9539812537070039;6;0.402858592494694;[0.24055417734661289;0.8636334851074865;0.42124971454564786;1.0443290223065214];0.7706921191314924;0.25
2214;0.46398788191804413;0.8692631132442895;6;0.5497283903933439;[0.37489956824783144;0.7801747995740769;0.5530761955882568;0.9583514269145021];0.7731777402160966;0.25
7827;0.5188747752388274;0.02177606378710495;6;0.5436996853995875;[0.43406542021707417;-0.06303329123464832;0.6036841302605807;0.10658541880885822];0.7765361621136242;0.25
1660;0.7012138423004582;0.4883524603535575;6;0.5224862259862341;[0.613861072526207;0.40099969057930623;0.7885666120747095;0.5757052301278087];0.7594489823950816;0.25
8558;0.5291244273474339;0.11003560686432912;6;0.48867556951830826;[0.4474530761265596;0.028364255643454808;0.6107957785683082;0.19170695808520344];0.7716481169345125;0.25
4109;0.5919492801374876;0.34906870307499194;6;0.425030109650595;[0.504245242497896;0.2613646654354004;0.6796533177770792;0.4367727407145835];0.7768833762370377;0.25
9375;0.9808723165403755;0.43065773398099005;6;0.5554525544637254;[0.8902573539951827;0.34004277143579725;1.0714872790855683;0.5212726965261829];0.7733547641681577;0.25
5265;0.7163027647842425;0.34231330222384854;6;0.503909670137106;[0.6289420810538147;0.25495261849342077;0.8036634485146703;0.4296739859542763];0.7749650195583405;0.25
1372;0.610698925801413;0.5691222476322451;5;0.504668387230124;[0.5254036896831927;0.4838270115140247;0.6959941619196334;0.6544174837504654];0.7720154423455607;0.25
8023;0.3540407427111012;0.6293781372435945;6;0.4441544189141292;[0.26926998704427096;0.5446073815767642;0.43881149837793143;0.7141488929104247];0.7734953654000083;0.25
3143;0.33049276494538776;0.7734995093478586;6;0.609101105632965;[0.24495643813695087;0.6879631825394217;0.41602909175382463;0.8590358361562955];0.7796084523535786;0.25
9111;0.00705829642507716;0.4201868177404158;6;0.5394411925850309;[-0.0786283303707773;0.3345001909445613;0.09274492322093161;0.5058734445362703];0.7801996540068138;0.25
4304;0.9456994695285396;0.549685611324651;6;0.46590628611615337;[0.8535406495071218;0.45752679130323326;1.0378582895499573;0.6418444313460687];0.7718576572437501;0.25
8208;0.7557108363626318;0.35050098756157594;6;0.34400293316094754;[0.6684531138707364;0.2632432650696805;0.8429685588545273;0.4377587100534714];0.7695537755717194;0.25
5180;0.6047839698818426;0.5038966714494129;6;0.4074615290333967;[0.5191908358830106;0.4183035374505809;0.6903771038806745;0.5894898054482448];0.7722974481671233;0.25
2061;0.3095676761653038;0.5601134643331798;6;0.6891492294867658;[0.22366475419164164;0.47421054235951765;0.3954705981389659;0.6460163863068419];0.7732861845820908;0.25
4933;0.41884660113372413;0.6412630948665807;6;0.420252904326001;[0.32763591485805654;0.5500524085909131;0.5100572874093917;0.7324737811422484];0.7716667984688732;0.25
2393;0.500928213607096;0.8231685889825053;6;0.5325768798615951;[0.41500893815096;0.7372493135263692;0.5868474890632321;0.9090878644386414];0.7835868151337053;0.25
1241;0.4765983182011316;0.6280511346865585;6;0.5686008048582213;[0.3831523034573777;0.5346051199428046;0.5700443329448854;0.7214971494303124];0.7734328740686195;0.25
8244;0.6850734256578979;0.5428710648379625;6;0.6570351187308339;[0.5991451764071095;0.4569428155871742;0.7710016749086862;0.6287993140887509];0.7792478050878937;0.25
364;0.38873883047752283;0.8322446101400071;6;0.5073803117564322;[0.3024705182456855;0.7459762979081698;0.4750071427093602;0.9185129223718443];0.7754196835958955;0.25
6051;0.5900209759010755;0.667100996908048;6;0.5197039195628917;[0.49884035527809234;0.5759203762850649;0.6812015965240587;0.7582816175310312];0.7808303707959648;0.25
5190;0.39188050282384024;0.8237627436898921;6;0.732124724490453;[0.30157623050072785;0.7334584713667797;0.4821847751469526;0.9140670160130046];0.7763590731195075;0.25
659;0.6483001148209877;0.5615191537057219;6;0.6173692097042897;[0.5614777381856273;0.47469677707036145;0.7351224914563481;0.6483415303410823];0.7731353975284376;0.25
5064;0.18556038246313006;0.25779060660568154;5;0.5499118644820992;[0.09645724970724978;0.16868747384980126;0.27466351521901033;0.3468937393615618];0.7707989627379457;0.25
1913;0.8115235946491237;0.5692169038425913;6;0.47021627632420143;[0.7270194360700689;0.48471274526353647;0.8960277532281785;0.6537210624216461];0.7703221398897194;0.25
9127;0.8001790913889537;0.866443563178656;6;0.5999240690216222;[0.7089980193728044;0.7752624911625067;0.891360163405103;0.9576246351948053];0.7877990923336669;0.25
3194;0.7390798320899985;0.3105971521586688;6;0.6549390226218269;[0.6493238054640182;0.22084112553268856;0.8288358587159788;0.40035317878464904];0.7746972847533539;0.25
2407;0.2795602449579564;0.6987701317609619;6;0.45510288035559027;[0.19481390121266792;0.6140237880156735;0.36430658870324484;0.7835164755062504];0.7659910936528411;0.25
3408;0.8586505160477328;0.5910618769986827;6;0.7226964294384689;[0.7681796187453509;0.5005909796963008;0.9491214133501147;0.6815327743010646];0.7727235351162323;0.25
2021;0.5316947375819507;0.229142889592173;6;0.5467272759230424;[0.4422954248967884;0.1397435769070107;0.6210940502671131;0.3185422022773353];0.7664798398214469;0.25
6692;0.7366140991769301;0.5175311996866148;6;0.40820647078636413;[0.6516205005933146;0.4325376011029992;0.8216076977605457;0.6025247982702303];0.7801499903368024;0.25
3068;0.13887287927619762;0.2683905609610058;6;0.4146853812643888;[0.05282279571520672;0.18234047740001486;0.22492296283718854;0.3544406445219967];0.7638020599368542;0.25
8450;0.41444396661478283;0.18679583350393697;6;0.47728350073838033;[0.3278943654591158;0.10024623234826996;0.5009935677704498;0.273345434659604];0.7761983746034842;0.25
7399;0.2439979051401232;0.10238817827718505;6;0.5329727637678496;[0.15730625721013852;0.015696530347200366;0.3306895530701079;0.18907982620716973];0.779572717579009;0.25
7264;0.9680907192132676;0.37647632058356406;6;0.7017919808112321;[0.8797952759647498;0.28818087733504627;1.0563861624617854;0.46477176383208185];0.7807682163614065;0.25
6187;0.5867767086106607;0.08692831620326524;6;0.48669041099478677;[0.49960681425803943;-2.415781493559921E-4;0.6739466029632819;0.17409821055588648];0.7694275019153463;0.25
6854;0.5811116638104765;0.27238898963396657;6;0.38300389059185636;[0.49265996476204044;0.18393729058553052;0.6695633628589126;0.3608406886824026];0.7817836169309879;0.25
2929;0.8144078298876164;0.5651927114525463;6;0.5693120199063418;[0.7259718696574483;0.47675675122237826;0.9028437901177845;0.6536286716827144];0.7762020385738979;0.25
1203;0.48589273862121246;0.6008948393948113;6;0.5186238900975599;[0.39870797656907325;0.513710077342672;0.5730775006733517;0.6880796014469505];0.7785437572476208;0.25
6737;0.7819555980595679;0.5140738224694381;6;0.3758942347426025;[0.6952482530776714;0.4273664774875415;0.8686629430414645;0.6007811674513348];0.7712736931147564;0.25
2695;0.7386364950739578;0.3764986030931352;6;0.5275967517815993;[0.6531158910273646;0.2909779990465419;0.824157099120551;0.4620192071397285];0.7632355614134002;0.25
9569;0.9590863318255333;0.9091580672480764;5;0.4195191328970886;[0.8668928663463783;0.8169646017689214;1.0512797973046881;1.0013515327272313];0.7776628865825558;0.25
3784;0.4014729076410531;0.8812659464547243;6;0.5603223827231336;[0.3106006977215475;0.7903937365352187;0.49234511756055865;0.97213815637423];0.7755123443045264;0.25
9132;0.3600229130107986;0.9499298966300695;6;0.6344480848025867;[0.27459459936150304;0.8645015829807741;0.4454512266600941;1.035358210279365];0.7704562717771772;0.25
6200;0.6112006495835195;0.656845160789165;6;0.4655319792458848;[0.5249801430636281;0.5706246542692736;0.6974211561034109;0.7430656673090564];0.7713476888328895;0.25
2361;0.4841444922627267;0.48455353340457097;6;0.6113913862027102;[0.39581621240743325;0.3962252535492775;0.5724727721180202;0.5728818132598644];0.774152671549687;0.25
6695;0.5437788115378008;0.9515702625217951;6;0.4559716803833249;[0.45796082915849545;0.8657522801424897;0.6295967939171062;1.0373882449011005];0.7732555175058459;0.25
4548;0.6212931936905782;0.11668320758432527;6;0.4541071047776335;[0.5343700248878573;0.029760038781604436;0.7082163624932991;0.2036063763870461];0.7717842358304683;0.25
1863;0.4311054899754024;0.1479827306364176;6;0.34923089897944604;[0.34103757996871387;0.057914820629729066;0.5211733999820909;0.2380506406431061];0.7728521070749931;0.25
9394;0.5898124339332054;0.7072815338393268;6;0.5069348557353303;[0.5056647107247675;0.6231338106308889;0.6739601571416433;0.7914292570477647];0.7715911048239202;0.25
1001;0.9055082190393549;0.917644633712672;6;0.44886744760153824;[0.8212698072588093;0.8334062219321264;0.9897466308199004;1.0018830454932175];0.7810686390214814;0.25
8153;0.9994449463065764;0.27493460953586446;6;0.4214140919445854;[0.9137210139739489;0.18921067720323692;1.085168878639204;0.360658541868492];0.7770040484952272;0.25
3376;0.9155852563323441;0.768380929102501;6;0.47268594289144467;[0.8251941225836159;0.6779897953537728;1.0059763900810723;0.8587720628512292];0.7674916310808444;0.25
1357;0.1784325542345978;0.34078064413350473;6;0.45413029168949925;[0.09397559020094737;0.2563236800998543;0.26288951826824825;0.42523760816715517];0.7780727766655763;0.25
4092;0.49885935782135044;0.564477664270739;6;0.40518161739584435;[0.4113701194121458;0.47698842586153434;0.5863485962305551;0.6519669026799436];0.7647976248954655;0.25
370;0.3379378125176329;0.8647765839039903;6;0.6337770894394121;[0.25221426839150196;0.7790530397778593;0.4236613566437638;0.9505001280301212];0.7670807622155184;0.25
4144;0.22233313009748434;0.28151926742613664;6;0.5784444232098204;[0.13451900429432634;0.19370514162297864;0.31014725590064235;0.36933339322929465];0.7788855987292128;0.25
9260;0.7919533057970566;0.8670350752482145;6;0.4621932452159391;[0.7035811576113424;0.7786629270625004;0.8803254539827707;0.9554072234339287];0.7858951431868142;0.25
6870;0.8225874607836086;0.8200421357935719;6;0.49189812195243554;[0.7393085465038353;0.7367632215137986;0.9058663750633819;0.9033210500733452];0.7733356502929825;0.25
1039;0.8895918872617191;0.8286837464053114;6;0.4154573412236284;[0.7987734086968515;0.7378652678404438;0.9804103658265867;0.919502224970179];0.7806843701421073;0.25
7081;0.7005071118207874;0.8267860354889913;6;0.49514616291153424;[0.6126565050447639;0.7389354287129679;0.7883577185968109;0.9146366422650147];0.770593346494355;0.25
7238;0.46914108314404446;0.777785984221165;6;0.4946160182969119;[0.38188735740776447;0.690532258484885;0.5563948088803244;0.865039709957445];0.7751241324011421;0.25
7063;0.5659486600338581;0.7214263057796941;6;0.43115464078992405;[0.47883273829468576;0.6343103840405218;0.6530645817730305;0.8085422275188665];0.7729115250022053;0.25
4203;0.9689451967834721;0.17357828625142852;6;0.5770598996609122;[0.8779722340375218;0.08260532350547813;1.0599181595294225;0.2645512489973789];0.767760316712382;0.25
423;0.12702414462010314;0.39343274653243376;6;0.511631490536736;[0.043053705464988004;0.3094623073773186;0.2109945837752183;0.4774031856875489];0.7752941003616242;0.25
5612;0.8095973062982342;0.8810004971656962;6;0.5218179985259165;[0.7201450946821794;0.7915482855496413;0.8990495179142891;0.970452708781751];0.7766237937522908;0.25
6979;0.933551695855748;0.07642258213429592;6;0.5408725185546143;[0.8450849607951136;-0.012044152926338508;1.0220184309163824;0.16488931719493036];0.7766441016501991;0.25
5722;0.4434038263681319;0.3796305969260747;6;0.38606192861382055;[0.3575323543117714;0.29375912486971417;0.5292752984244925;0.46550206898243524];0.7842360825084749;0.25
2837;0.7565772682744455;0.6416233556610886;6;0.4918761952713542;[0.6699008782910683;0.5549469656777114;0.8432536582578227;0.7282997456444659];0.777880423820381;0.25
8179;0.9431405143101611;0.4753886617698686;6;0.7680257765719168;[0.8543481456583761;0.3865962931180836;1.031932882961946;0.5641810304216536];0.7680032614235357;0.25
7053;0.4232916768628704;0.4789189390063741;6;0.43107843226069326;[0.3305430632808891;0.38617032542439284;0.5160402904448517;0.5716675525883554];0.7782439434266099;0.25
3721;0.567926204623036;0.3998201466654481;6;0.5419571931288653;[0.4755790706957076;0.30747301273811967;0.6602733385503644;0.4921672805927765];0.7822179276170063;0.25
7710;0.6581058980714531;0.02608882962079373;6;0.44202991416148796;[0.5697797373024712;-0.06223733114818823;0.7464320588404351;0.11441499038977569];0.7805032985489246;0.25
1589;0.8988146372713921;0.4617423219900772;6;0.4575349940226908;[0.8128381652787441;0.3757658499974292;0.9847911092640401;0.5477187939827253];0.7730685798854566;0.25
1561;0.40267949145505344;0.7100919170187205;6;0.4802583753021843;[0.3163377702199288;0.6237501957835959;0.48902121269017806;0.7964336382538452];0.7793356313870198;0.25
3943;0.6629348090179824;0.27044766070933324;6;0.45401895916713836;[0.5746827804147916;0.18219563210614245;0.7511868376211732;0.35869968931252405];0.778281902187758;0.25
1430;0.766666888279161;0.08481098233146389;6;0.7358453314894382;[0.6815118093485608;-3.4409659913621493E-4;0.8518219672097611;0.16996606126206398];0.7691685405338687;0.25
6708;0.49244029777289766;0.46124743267603907;6;0.44331603557749016;[0.40539207178338404;0.37419920668652545;0.5794885237624113;0.5482956586655527];0.7704963654661626;0.25
7267;0.8730015055866207;0.22234753221992198;6;0.33220347711747145;[0.7846803206579684;0.13402634729126972;0.961322690515273;0.31066871714857425];0.7755370605110526;0.25
3388;0.6768603585546601;0.8628315764415825;6;0.6147141776128761;[0.5911003058748627;0.7770715237617851;0.7626204112344575;0.9485916291213798];0.7774622587599018;0.25
3353;0.7872704383403009;0.28006635561364646;6;0.44691886539725406;[0.6996859902960303;0.1924819075693759;0.8748548863845714;0.367650803657917];0.7747721461842484;0.25
2912;0.36344985763963594;0.9647819980463682;7;0.6168220101962413;[0.27661811907173833;0.8779502594784706;0.45028159620753355;1.0516137366142657];0.7775047894415034;0.25
9756;0.9516320007807861;0.6887474623364659;7;0.3027800641152173;[0.8650243912978385;0.6021398528535182;1.038239610263734;0.7753550718194135];0.7679551680372665;0.25
1329;0.8497517591788954;0.6803729865127756;6;0.5337787775043961;[0.7643444721557199;0.5949656994896;0.935159046202071;0.7657802735359511];0.7716995933031519;0.25
6392;0.8452198263658042;0.8137425536532844;6;0.5088602240727718;[0.7564251053992651;0.7249478326867453;0.9340145473323432;0.9025372746198235];0.7744510886749166;0.25
5327;0.12169216907879854;0.2758075627434625;6;0.4546730217955553;[0.03810957955145426;0.19222497321611826;0.2052747586061428;0.3593901522708068];0.7813719698086828;0.25
1978;0.47732304248018426;0.4716619833375666;6;0.6353526601335221;[0.3890211655429069;0.3833601064002892;0.5656249194174616;0.559963860274844];0.7704385881503938;0.25
8457;0.18147994818391;0.46943195595237563;6;0.4269641121745857;[0.09167883979353296;0.3796308475619986;0.271281056574287;0.5592330643427527];0.7687579485416967;0.25
7082;0.6802850747952238;0.512876258206487;6;0.6061160788850982;[0.5938525172726141;0.42644370068387727;0.7667176323178335;0.5993088157290967];0.7761912254680129;0.25
8956;0.4414806707619478;0.11214514161152128;6;0.473093664785982;[0.35848299320818616;0.029147464057759642;0.5244783483157094;0.19514281916528292];0.7799026570284178;0.25
4985;0.36618090196957487;0.30447616630789065;6;0.6071914074496614;[0.279090598853901;0.21738586319221676;0.45327120508524876;0.39156646942356454];0.769580638921779;0.25
7175;0.8514249303467896;0.6023907966844364;6;0.6842398698060991;[0.7635344980755464;0.5145003644131932;0.9393153626180327;0.6902812289556796];0.7807516277799781;0.25
1765;0.6123377665677034;0.41226779505301453;6;0.49837512409752305;[0.5260474395614271;0.3259774680467381;0.6986280935739798;0.49855812205929095];0.7760735552787594;0.25
9774;0.3887922069737589;0.35593305447639206;6;0.4824074867514944;[0.3008385788894684;0.2679794263921016;0.47674583505804935;0.44388668256068253];0.7757729695457878;0.25
2747;0.9670954353841408;0.6538586050197643;6;0.6944213539161125;[0.8807949398782233;0.5675581095138469;1.0533959308900582;0.7401591005256818];0.7723475295623546;0.25
6617;0.8510751453060217;0.9910793055854505;6;0.6039854945269911;[0.7697533826446538;0.9097575429240826;0.9323969079673896;1.0724010682468184];0.7743223015289875;0.25
3542;0.6608868815227833;0.6621568127128378;6;0.5304791351397127;[0.5740794320059253;0.5753493631959796;0.7476943310396413;0.7489642622296959];0.7780034745678572;0.25
7777;0.6654111471533912;0.9057654814279142;6;0.4875265655000258;[0.5783411725959261;0.8186955068704491;0.7524811217108563;0.9928354559853794];0.7745706747979928;0.25
9083;0.9077709612703949;0.18216912788649903;6;0.3867585266126249;[0.8190043901008467;0.09340255671695083;0.9965375324399431;0.2709356990560472];0.7792656358830291;0.25
5334;0.8169996832216363;0.23494510948742647;6;0.3813126713597195;[0.728323210126556;0.14626863639234622;0.9056761563167166;0.32362158258250673];0.7770786602274444;0.25
638;0.40785334943455487;0.6052912558075756;6;0.5803530988725419;[0.32184764248452713;0.5192855488575479;0.4938590563845826;0.6912969627576033];0.7808056342406761;0.25
8364;0.1612174386328109;0.6113447811842962;6;0.43333204267752506;[0.06987632120679346;0.5200036637582788;0.2525585560588284;0.7026858986103137];0.7734465002207237;0.25
7590;0.48718835105987246;0.3400282268127456;6;0.5647157692158291;[0.39808860271174135;0.25092847846461447;0.5762880994080035;0.4291279751608767];0.7654804063148102;0.25
5204;0.6158803880758285;0.5593165691504822;6;0.5566620983367058;[0.5299807448171306;0.4734169258917844;0.7017800313345263;0.64521621240918];0.7757155182162561;0.25
2098;0.3031319553086027;0.6825832616032199;5;0.5481007148821967;[0.21586224061869108;0.5953135469133083;0.39040166999851433;0.7698529762931315];0.7664946438553667;0.25
8923;0.5094424534860955;0.5621130972083573;6;0.4087804529030097;[0.4224769868841647;0.4751476306064265;0.5964079200880263;0.6490785638102882];0.7815424316116124;0.25
6870;0.8481504020116124;0.6380615493129761;6;0.49189812195243554;[0.7593587049430098;0.5492698522443735;0.936942099080215;0.7268532463815787];0.7733356502929825;0.25
6393;0.15767190317033897;0.26143676474609295;7;0.6298848032154916;[0.06819762374607688;0.17196248532183087;0.24714618259460105;0.350911044170355];0.7726841008574334;0.25
114;0.43066474049295983;0.631587659154609;6;0.5448897386903007;[0.337424658692717;0.5383475773543662;0.5239048222932027;0.7248277409548518];0.7690006140836962;0.25
4402;0.8233648754363724;0.06075492221050488;6;0.6220072054538038;[0.7331204622057359;-0.029489491020131625;0.9136092886670089;0.15099933544114139];0.7699637825072112;0.25
8800;0.8588468079455094;0.635738841976423;6;0.5406818236495134;[0.7700072262677339;0.5468992602986475;0.9476863896232849;0.7245784236541986];0.7822018794183822;0.25
9664;0.4365628345375752;0.6709516823504929;6;0.4450819243652084;[0.34595168116255054;0.5803405289754682;0.5271739879125998;0.7615628357255175];0.7713369296554307;0.25
4990;0.9431531447657228;0.8622023460504556;6;0.4105839804081889;[0.8528189079471408;0.7718681092318737;1.0334873815843049;0.9525365828690376];0.7677681666151251;0.25
3140;0.6282150506547665;0.0615214661489476;5;0.5254301893030128;[0.5434104401362422;-0.023283144369576708;0.7130196611732907;0.1463260766674719];0.7756648138159044;0.25
106;0.1573897900111202;0.6377269185120065;6;0.5929859953719063;[0.06833858428586279;0.5486757127867491;0.2464409957363776;0.7267781242372638];0.7656830880087374;0.25
8111;0.7053304372206466;0.7509494375543663;6;0.41633361700011;[0.6185321910052752;0.6641511913389949;0.7921286834360179;0.8377476837697376];0.7791403320360072;0.25
6217;0.5067180615333415;0.19239197434727623;6;0.5785541860080116;[0.4199431895461747;0.10561710236010939;0.5934929335205084;0.27916684633444305];0.7727114840220652;0.25
1015;0.8247441300910164;0.7199163689659889;6;0.5561624530010574;[0.7400686638206537;0.6352409026956262;0.9094195963613791;0.8045918352363516];0.7749290790310297;0.25
661;0.9093183493968525;0.18470265921010082;6;0.5442493203646026;[0.8206715645919491;0.09605587440519744;0.9979651342017559;0.27334944401500416];0.7776703014081825;0.25
8715;0.9378761271688666;0.6369649316534743;6;0.4536522805806988;[0.848399351561915;0.5474881560465228;1.0273529027758181;0.7264417072604259];0.7785838695919509;0.25
1069;0.32034455488967895;0.5491636037517196;6;0.4790677174366409;[0.23044511266840095;0.4592641615304416;0.41024399711095694;0.6390630459729976];0.7740881880690333;0.25
1236;0.6904355346967671;0.1917078991001399;6;0.6033714544587633;[0.6042297749467039;0.10550213935007677;0.7766412944468303;0.277913658850203];0.7811509714364984;0.25
9549;0.2990439086612895;0.18928356290205517;6;0.5055195826241579;[0.21335174373965624;0.10359139798042191;0.3847360735829227;0.2749757278236884];0.7749948540310031;0.25
6470;0.03037780864278783;0.15855160812475733;6;0.26995616467309846;[-0.059130384440385694;0.0690434150415838;0.11988600172596135;0.24805980120793086];0.7762256719323183;0.25
4333;0.9424269655307712;0.46828705605989435;6;0.5651724881287755;[0.857511622548981;0.38337171307810414;1.0273423085125615;0.5532023990416846];0.7713330725930285;0.25
8125;0.851427063916261;0.35866538870769915;5;0.4998275537550319;[0.7652253061341103;0.2724636309255485;0.9376288216984117;0.4448671464898498];0.7653810112669969;0.25
7532;0.9065388786437194;0.7795373619741305;6;0.4725603437367183;[0.8213591918776524;0.6943576752080636;0.9917185654097864;0.8647170487401974];0.7777174939004947;0.25
6962;0.567610417850024;0.4871602427291726;6;0.3999230516216959;[0.483044321433984;0.4025941463131326;0.6521765142660639;0.5717263391452125];0.778374016937627;0.25
6145;0.772073195925495;0.9443682577895727;6;0.5494176982714276;[0.6839219951030548;0.8562170569671326;0.860224396747935;1.0325194586120128];0.7808299241205598;0.25
6783;0.4194152127228404;0.980483672596715;7;0.6168035485800084;[0.3287186639956633;0.8897871238695378;0.5101117614500175;1.0711802213238921];0.7782057921828082;0.25
482;0.9655176700850232;0.649996588993677;6;0.5410769682091354;[0.8786133663756697;0.5630922852843234;1.0524219737943767;0.7369008927030305];0.7787489747657921;0.25
4257;0.49306517612854794;0.7696007681177781;6;0.49688925191965283;[0.40742327261240063;0.6839588646016308;0.5787070796446953;0.8552426716339254];0.7696414875048634;0.25
3591;0.29343517904502703;0.411362705998619;6;0.591693198587868;[0.20196949273376988;0.31989701968736184;0.3849008653562842;0.5028283923098762];0.7684758143109262;0.25
7815;0.7725821273186922;0.20812306838241912;6;0.39682510591421294;[0.6889764577994547;0.12451739886318158;0.8561877968379298;0.29172873790165665];0.7735491669782865;0.25
3209;0.339448176036026;0.5377528559988661;6;0.47425514576798505;[0.25108487089649395;0.4493895508593341;0.42781148117555806;0.6261161611383982];0.7762726235956575;0.25
9193;0.12098200380556962;0.4017811510193914;6;0.5094551754679693;[0.03227632813377647;0.3130754753475982;0.20968767947736278;0.49048682669118454];0.7826328637297618;0.25
2437;0.49485737784180106;0.352048116322051;6;0.4344054274005956;[0.40375714656566;0.26094788504590993;0.5859576091179421;0.4431483475981921];0.772229039360473;0.25
5009;0.42881845443725086;0.8110848936428621;6;0.45767422565264154;[0.3345259729096565;0.7167924121152678;0.5231109359648451;0.9053773751704564];0.7718187800112603;0.25
5897;0.24914440703902047;0.49453059762508644;6;0.39839817033143254;[0.15956768542645094;0.4049538760125169;0.33872112865159;0.5841073192376559];0.7781422546653338;0.25
2579;0.7144497123352684;0.44543573473607273;6;0.6962777493193371;[0.626901441162664;0.35788746356346834;0.8019979835078729;0.5329840059086771];0.7706010577353479;0.25
9636;0.6077453571063351;0.576286675961442;6;0.5163272677830086;[0.52131258622896;0.48985390508406695;0.6941781279837103;0.6627194468388171];0.7741593200819552;0.25
1520;0.14830038889034924;0.5369837614752764;6;0.43282755595506994;[0.05940615714631958;0.4480895297312467;0.2371946206343789;0.625877993219306];0.7777994786171712;0.25
8595;0.7541590204756896;0.08507884096544127;6;0.4760642481231463;[0.6683698786493472;-7.103008609012085E-4;0.8399481623020321;0.17086798279178375];0.7807524622816193;0.25
9717;0.5218429778608492;0.6609703328059802;6;0.5019417844758262;[0.43590125850584843;0.5750286134509794;0.60778469721585;0.7469120521609809];0.7732711540003134;0.25
8953;0.703770870320098;0.48790498753529443;6;0.6718630186910971;[0.6184796685936427;0.4026137858088391;0.7890620720465533;0.5731961892617498];0.7810002272887049;0.25
487;0.4267068743038131;0.768211551539964;6;0.28243988384703117;[0.33982086718918236;0.6813255444253332;0.5135928814184438;0.8550975586545948];0.7708364356950811;0.25
7005;0.07969104404289484;0.10676020515381057;6;0.5507902443311292;[-0.008994605132009226;0.018074555978906504;0.1683766932177989;0.19544585432871464];0.7748483643835767;0.25
630;0.9719510666549676;0.4813436449571039;6;0.521197917374851;[0.8826842885553164;0.3920768668574528;1.0612178447546188;0.570610423056755];0.7749825622158455;0.25
6025;0.75056174245149;0.2208807585999379;6;0.3313451610928033;[0.6703151793568441;0.14063419550529208;0.8308083055461358;0.30112732169458367];0.7817623811753349;0.25
4329;0.45746570877585657;0.6692262008908347;6;0.42840066272481664;[0.3695390607047137;0.5812995528196918;0.5453923568469994;0.7571528489619777];0.7769089994713997;0.25
3923;0.9870720622342127;0.13811175185909524;6;0.35331109168667935;[0.8996123360481657;0.05065202567304826;1.0745317884202596;0.22557147804514222];0.7731112145236286;0.25
3218;0.39318219325689874;0.9788440228494089;7;0.5207110875395652;[0.30790408731717456;0.8935659169096847;0.4784602991966229;1.064122128789133];0.7785959536390137;0.25
8577;0.6493072649086855;0.5527947644244807;6;0.3737636109056259;[0.5643407672552756;0.4678282667710708;0.7342737625620954;0.6377612620778906];0.7720206089978234;0.25
2527;0.47396488504222467;0.4018453896937294;6;0.5449309010148449;[0.38643189543486683;0.31431240008637157;0.5614978746495825;0.48937837930108724];0.7783332083918882;0.25
431;0.4781135962484157;0.4181169528945351;6;0.281312796505242;[0.3919737500818592;0.33197710672797853;0.5642534424149722;0.5042567990610917];0.7802439881950791;0.25
4454;0.8835011066805472;0.6380799587854821;6;0.2472111548439861;[0.7913213699455816;0.5459002220505165;0.9756808434155128;0.7302596955204477];0.7753515292359827;0.25
941;0.6378829992990241;0.04010139262128154;6;0.5225950154328611;[0.5533995292828064;-0.04438207739493616;0.7223664693152418;0.12458486263749924];0.7694571815978081;0.25
4922;0.2819283209425729;0.691245249661917;6;0.5393665528049265;[0.19502437372896525;0.6043413024483094;0.3688322681561806;0.7781491968755246];0.7693828503943452;0.25
1287;0.8744389774789089;0.5904022042697183;6;0.6143651051219345;[0.7835815035642912;0.4995447303551007;0.9652964513935265;0.681259678184336];0.7766318577504272;0.25
1508;0.19954232571073777;0.8836097863443;6;0.4136074504323889;[0.10902355462513327;0.7930910152586955;0.2900610967963423;0.9741285574299045];0.7747911693942368;0.25
1284;0.40516575972660107;0.4936203403738831;6;0.5823678238920988;[0.3161205881808277;0.40457516882810973;0.4942109312723744;0.5826655119196564];0.7712343977422401;0.25
8018;0.7575857083589105;0.8955228709311984;6;0.47775870766137907;[0.6707997337171349;0.8087368962894228;0.8443716830006861;0.982308845572974];0.7801482504330866;0.25
7338;0.5693505962930216;0.8719078389504462;6;0.5032167088237269;[0.4838161961642823;0.7863734388217068;0.654884996421761;0.9574422390791856];0.7795231350509252;0.25
914;0.2766803827417612;0.3221811050217539;6;0.4391667023789378;[0.1898569001129993;0.235357622392992;0.36350386537052315;0.40900458765051584];0.7700041355073517;0.25
5455;0.3606490724567981;0.7812665756075357;6;0.5249204769814972;[0.2760489986628597;0.6966665018135972;0.4452491462507365;0.8658666494014741];0.7688853502349704;0.25
2041;0.145658338660751;0.1917666693746668;5;0.3879832805244551;[0.05585485131232126;0.10196318202623705;0.23546182600918075;0.28157015672309654];0.7815039352521491;0.25
8673;0.635444573569018;0.22145450770646186;6;0.2718005510209489;[0.5450108825822452;0.13102081671968907;0.7258782645557907;0.31188819869323464];0.7747733022908304;0.25
1588;0.7222609875632867;0.30804671529548094;6;0.4371304171160676;[0.6336300703992555;0.21941579813144965;0.810891904727318;0.39667763245951226];0.7787404957177905;0.25
9158;0.20473245786115535;0.18252246133662187;5;0.545024087561188;[0.11903056860922154;0.09682057208468806;0.29043434711308913;0.26822435058855565];0.7747440222883447;0.25
5824;0.2534386092700017;0.7673065066524399;7;0.4504914714354789;[0.1668120677271186;0.6806799651095568;0.34006515081288485;0.8539330481953231];0.7709898958132712;0.25
9417;0.3957998993952283;0.9360571356544762;6;0.4776107067899231;[0.3108911699204317;0.8511484061796797;0.4807086288700249;1.0209658651292728];0.7729737864026104;0.25
6014;0.15664354233471295;0.8966452017794346;6;0.3927857731474136;[0.07109877491517111;0.8111004343598928;0.2421883097542548;0.9821899691989765];0.7667818498841545;0.25
2483;0.4824597840058189;0.2900135108673271;6;0.5086911606751081;[0.39218770088160304;0.1997414277431112;0.5727318671300348;0.38028559399154294];0.777862780597822;0.25
1920;0.6521817878674805;0.12445739330750155;6;0.6353423345447597;[0.5646820505481399;0.03695765598816099;0.7396815251868211;0.21195713062684213];0.7666682506312226;0.25
3925;0.6000254307009828;0.5000049351070304;6;0.6296067197911548;[0.5096855216371187;0.40966502604316624;0.6903653397648469;0.5903448441708945];0.7690420783647374;0.25
2816;0.5247549313325497;0.45370741305124407;6;0.45451526252994695;[0.43552922224966945;0.3644817039683638;0.6139806404154299;0.5429331221341243];0.7737410035320533;0.25
7209;0.8262714342919001;0.4625682129156457;6;0.6129677960239063;[0.7421349603541061;0.3784317389778517;0.9104079082296941;0.5467046868534398];0.7791847837944444;0.25
1186;0.27665812399473044;0.8679417485064104;6;0.5012242596336188;[0.189863333836765;0.7811469583484449;0.36345291415269587;0.9547365386643758];0.7836214359309633;0.25
7645;0.7068431373501544;0.13902026942671225;6;0.6462102181193512;[0.6209465802295834;0.053123712306141255;0.7927396944707253;0.22491682654728323];0.773128607899187;0.25
6516;0.8529704012430086;0.17862907305014242;6;0.5660477020211059;[0.762840808583429;0.08849948039056281;0.9430999939025883;0.268758665709722];0.7734125090086531;0.25
8818;0.14926677626623508;0.5844945664476964;6;0.4457909032862688;[0.06520998172102484;0.5004377719024862;0.23332357081144534;0.6685513609929066];0.7780142737577177;0.25
4672;0.34756460290762153;0.06941670438892888;6;0.529303497450436;[0.2606037119266996;-0.017544186591993055;0.43452549388854345;0.15637759536985082];0.7732535622287063;0.25
1639;0.3568491548254579;0.47604303738977405;6;0.3975221654801774;[0.26998513883162856;0.3891790213959447;0.4437131708192873;0.5629070533836035];0.7738705937708042;0.25
8215;0.9126815194129401;0.920119454164066;6;0.44350872623326354;[0.8281005988140864;0.8355385335652123;0.9972624400117938;1.0047003747629197];0.7712564745980411;0.25
2881;0.3022407526746982;0.9816654134448999;6;0.5464410953443662;[0.21768677486152785;0.8971114356317296;0.3867947304878685;1.0662193912580702];0.784692927093446;0.25
2011;0.5561152659319876;0.3175895844461854;6;0.4009649781400431;[0.4679939888958282;0.22946830741002602;0.6442365429681469;0.4057108614823448];0.7733447675647156;0.25
9860;0.3254768992343783;0.8943001766995874;6;0.5261754597133024;[0.23077084089390137;0.7995941183591104;0.4201829575748552;0.9890062350400644];0.7813073641781568;0.25
9114;0.7179098102356997;0.4911465103971232;6;0.4072560646594155;[0.6314591142695729;0.40469581443099645;0.8043605062018264;0.57759720636325];0.776916957878147;0.25
5340;0.16417160607859066;0.8710881195103578;6;0.5529021441776077;[0.08009681756566099;0.7870133309974281;0.24824639459152031;0.9551629080232875];0.7725222423103206;0.25
3658;0.030895832029243286;0.8590208896995426;6;0.36267578684498514;[-0.056637999123985594;0.7714870585463137;0.11842966318247217;0.9465547208527715];0.770746310487708;0.25
7825;0.4504902055907889;0.15094258886764406;6;0.503681359021508;[0.36217373051706625;0.06262611379392144;0.5388066806645115;0.23925906394136667];0.7806025140560033;0.25
6816;0.6028107241566374;0.856784805193364;6;0.5413236331805027;[0.5171190999921353;0.7710931810288619;0.6885023483211394;0.942476429357866];0.7687811773607434;0.25
8979;0.5365623388700872;0.6603490751983772;5;0.46567198800821663;[0.44484643680843516;0.5686331731367251;0.6282782409317392;0.7520649772600292];0.7801469119700531;0.25
7684;0.00468623688879366;0.5452093802073582;6;0.39768431650985997;[-0.08243565880799192;0.45808748451057263;0.09180813258557924;0.6323312759041437];0.7669906811980324;0.25
1858;0.6880630889178139;0.8852628363092374;6;0.6473240561169578;[0.6065782568145067;0.8037780042059303;0.769547921021121;0.9667476684125446];0.7714671196644579;0.25
1956;0.715732776591731;0.7822324862230317;6;0.5163145665452655;[0.6286084356360947;0.6951081452673954;0.8028571175473672;0.8693568271786679];0.7743012387258263;0.25
860;0.3108921535209964;0.9545534109469866;6;0.5925480686071573;[0.22012751186441235;0.8637887692904026;0.40165679517758046;1.0453180526035708];0.7824965973805766;0.25
1097;0.37056137371635156;0.5915806794424815;6;0.40171967134983055;[0.28429545367969145;0.5053147594058214;0.4568272937530117;0.6778465994791416];0.7734460839694938;0.25
7916;0.6376397582589723;0.6066745773863208;6;0.39983078311165077;[0.5466613589877332;0.5156961781150816;0.7286181575302115;0.69765297665756];0.7725241798732778;0.25
306;0.7083209503884592;0.9484174394884088;6;0.42723319585820535;[0.6244062100323764;0.864502699132326;0.792235690744542;1.0323321798444915];0.7772969981408915;0.25
6782;0.8189987165548348;0.8418033200300603;6;0.3900184459399192;[0.7356834971858213;0.7584881006610468;0.9023139359238483;0.9251185393990738];0.7766844706701606;0.25
1865;0.818371418235253;0.7491312405468429;6;0.5456509937608108;[0.7336260350483526;0.6643858573599425;0.9031168014221533;0.8338766237337433];0.7724725897579638;0.25
7907;0.8050197026950994;0.9123786391719872;6;0.5478784456913873;[0.7214922506234188;0.8288511871003067;0.8885471547667799;0.9959060912436678];0.7698128174846383;0.25
1622;0.4253367533076846;0.10954897433783983;7;0.5413666295530855;[0.3372246139251328;0.02143683495528803;0.5134488926902364;0.19766111372039163];0.7812482600527506;0.25
61;0.1684521760861541;0.9800232490672423;6;0.4072539150313045;[0.07999393265309661;0.8915650056341847;0.25691041951921156;1.0684814925002997];0.7796426533145298;0.25
7076;0.950973376482247;0.4325999745372364;6;0.6076894943194203;[0.8625512038051091;0.34417780186009855;1.039395549159385;0.5210221472143743];0.7705307008764609;0.25
55;0.9433714448575103;0.2761608886138168;6;0.42117532265972346;[0.8569069079097911;0.18969635166609752;1.0298359818052296;0.3626254255615361];0.7783956324841642;0.25
8700;0.4612578519227536;0.6909116853564067;6;0.37002433179244004;[0.37173394636657786;0.601387779800231;0.5507817574789293;0.7804355909125824];0.7715198707425737;0.25
1449;0.7940540208743977;0.9276611649434111;6;0.44832618928808377;[0.7054245973330358;0.8390317414020492;0.8826834444157596;1.016290588484773];0.7799466624817976;0.25
9404;0.48733797832532333;0.9307835591174503;6;0.5643923403358506;[0.4013185781004863;0.8447641588926132;0.5733573785501603;1.0168029593422874];0.7821391340254948;0.25
4824;0.5863453681552692;0.7933972300756749;6;0.6705920263066665;[0.49536275754357767;0.7024146194639834;0.6773279787669606;0.8843798406873663];0.7680260669023625;0.25
2360;0.40093571765039304;0.3388240826322518;6;0.6042579954629539;[0.3136369292846426;0.25152529426650133;0.4882345060161435;0.4261228709980022];0.7776735003598472;0.25
6602;0.6850867462682697;0.36018321296145506;6;0.6230308816312393;[0.6002294266735357;0.2753258933667211;0.7699440658630037;0.44504053255618903];0.7788881381937282;0.25
3440;0.40039746477533295;0.22420394619458905;6;0.4723150505233654;[0.30905895650698584;0.13286543792624195;0.49173597304368005;0.31554245446293616];0.7752079274604249;0.25
9684;0.7230152846994911;0.1855274510103906;6;0.26482714435530774;[0.6377266286517578;0.10023879496265731;0.8083039407472243;0.27081610705812387];0.7799664564996546;0.25
3915;0.3157572540715659;0.5473855710927804;6;0.41078780790689634;[0.22715977111880345;0.4587880881400179;0.40435473702432834;0.6359830540455429];0.7702039055395261;0.25
9548;0.8458660235066773;0.5855578646418004;5;0.33347991759511997;[0.7581286584634321;0.49782049959855523;0.9336033885499224;0.6732952296850455];0.7654457601838137;0.25
8307;0.36263982853743876;0.07911555180923313;6;0.6996603845353007;[0.2787768592820914;-0.004747417446114205;0.4465027977927861;0.16297852106458047];0.7777578026865558;0.25
8898;0.15957376493315634;0.5017039670879877;6;0.5760881823470867;[0.06955395765373647;0.4116841598085678;0.24959357221257622;0.5917237743674075];0.773238234069894;0.25
5399;0.9485351840792765;0.46687105474989476;6;0.5725267883950296;[0.8608934062141386;0.3792292768847568;1.0361769619444146;0.5545128326150327];0.773528548436738;0.25
7347;0.698450795763597;0.6814916150967041;5;0.5706802628328982;[0.6079124552171731;0.5909532745502801;0.788989136310021;0.772029955643128];0.7779392579145974;0.25
6475;0.2640844359478193;0.3007203725430373;6;0.3414598970675815;[0.17567579906659458;0.2123117356618126;0.35249307282904396;0.389129009424262];0.7833201447888819;0.25
3024;0.006300518498154495;0.35491322146496584;6;0.5231460692650475;[-0.0803587007504882;0.2682540022163231;0.0929597377467972;0.44157244071360857];0.7736608099352054;0.25
2666;0.7357421213724491;0.870686829813708;6;0.5967301808446541;[0.6505008550152005;0.7854455634564594;0.8209833877296977;0.9559280961709566];0.7639234864419961;0.25
4708;0.2040099807681176;0.9345292612203844;7;0.5313897170483576;[0.11519465604923151;0.8457139365014983;0.2928253054870037;1.0233445859392705];0.7746312032576024;0.25
407;0.3720385926329455;0.34418497547972887;6;0.4915763757509126;[0.2852841172211372;0.2574305000679206;0.4587930680447537;0.4309394508915371];0.7776210789190016;0.25
9118;0.3937791733098904;0.9428518755244746;6;0.47003164147159426;[0.30668686590918326;0.8557595681237675;0.4808714807105975;1.0299441829251816];0.7762101732305119;0.25
7710;0.07816465041963716;0.528941595484475;6;0.44202991416148796;[-0.00837377730528907;0.4424031677595487;0.1647030781445634;0.6154800232094012];0.7805032985489246;0.25
