3156;0.9561102002007165;0.5732139198039182;6;0.5013468303390067;[0.8684304201944765;0.48553413979767823;1.0437899802069566;0.6608936998101582];0.7733943193322123;0.25
55;0.3380548864047096;0.309284461686936;6;0.42117532265972346;[0.24442477433292287;0.2156543496151493;0.43168499847649633;0.40291457375872275];0.7783956324841642;0.25
6508;0.6229571984812605;0.5444177553113633;6;0.38612506642336364;[0.5352645572937869;0.4567251141238896;0.7106498396687342;0.6321103964988369];0.7749847460590111;0.25
5988;0.42593753697242154;0.8225590680438006;6;0.5394411009426361;[0.33764291904737037;0.7342644501187494;0.5142321548974726;0.9108536859688519];0.7757506188203679;0.25
3670;0.8137655738849922;0.7231435059350851;6;0.7244017297756683;[0.7341967515370381;0.6435746835871311;0.8933343962329462;0.8027123282830392];0.7698613447657019;0.25
1710;0.2359871072517361;0.8659886537455144;6;0.37323013044332354;[0.1520301752904272;0.7820317217842054;0.31994403921304504;0.9499455857068233];0.7806492682035963;0.25
2339;0.48595014502841527;0.7386917487086558;6;0.41929715523300765;[0.4002587101983075;0.6530003138785481;0.571641579858523;0.8243831835387636];0.7744784238139905;0.25
5302;0.9691644942228024;0.63350557306911;6;0.5361817487867172;[0.88680407424857;0.5511451530948777;1.0515249141970349;0.7158659930433424];0.7782030208408285;0.25
3957;0.5002655197849533;0.754357059088649;6;0.6144975941453868;[0.4101726483292291;0.6642641876329248;0.5903583912406775;0.8444499305443732];0.7756844572365192;0.25
8392;0.5525034508979613;0.7217961951475811;6;0.5745295420353196;[0.46732888876264866;0.6366216330122685;0.6376780130332739;0.8069707572828937];0.7733456330782303;0.25
4314;0.5704420317600323;0.4929566222441168;6;0.2905649218628159;[0.48446458832599676;0.4069791788100813;0.6564194751940677;0.5789340656781523];0.7661646706403703;0.25
920;0.37972806481571175;0.11066378729644244;6;0.35312289588717205;[0.29109914482853944;0.02203486730927011;0.46835698480288407;0.19929270728361476];0.7879443872630936;0.25
2143;0.9908660629003183;0.30659285369743666;6;0.43423001604020056;[0.9053235739997116;0.22105036479682993;1.076408551800925;0.3921353425980434];0.770722050250165;0.25
4108;0.3405232249237113;0.710256746153774;6;0.49491426979950676;[0.25485779808273157;0.6245913193127943;0.426188651764691;0.7959221729947537];0.7793029272372054;0.25
5423;0.18280500521898907;0.5952272314338103;6;0.5065042215447954;[0.09284808595216192;0.5052703121669831;0.2727619244858162;0.6851841507006374];0.7698895399393778;0.25
6129;0.2622893333800045;0.4060641370914429;6;0.4552000022025276;[0.1708867510333861;0.3146615547448245;0.35369191572662284;0.4974667194380613];0.7750201204191006;0.25
3256;0.16263965171439854;0.8114748679599173;6;0.5735571750276408;[0.071931949657944;0.7207671659034628;0.25334735377085305;0.9021825700163718];0.7762516552486979;0.25
1246;0.9225347464901223;0.2968328216824932;6;0.5296552312961817;[0.8365392044252749;0.21083727961764565;1.0085302885549698;0.38282836374734075];0.7749891956701808;0.25
2156;0.7454276907090622;0.9271633388909208;6;0.4311140878003397;[0.6589921940563783;0.8407278422382369;0.8318631873617461;1.0135988355436047];0.7751526987575252;0.25
102;0.21945333379113563;0.23763420102725968;6;0.4917148200690266;[0.13150340479616374;0.1496842720322878;0.3074032627861075;0.3255841300222316];0.7788019944896342;0.25
2593;0.33082655139110007;0.197539858572169;6;0.32326743118449475;[0.2454189655572824;0.11213227273835133;0.41623413722491776;0.2829474444059866];0.772898559838776;0.25
8720;0.565406388024711;0.19555433416561147;6;0.43508858541697576;[0.4756347730895316;0.10578271923043209;0.6551780029598904;0.28532594910079084];0.772067453968064;0.25
9260;0.45866314807623976;0.6368638709307229;6;0.4621932452159391;[0.3714284019720835;0.5496291248265667;0.545897894180396;0.7240986170348792];0.7858951431868142;0.25
159;0.7796217709497089;0.440562073003982;6;0.5208774132821306;[0.695090118580596;0.3560304206348691;0.8641534233188217;0.5250937253730948];0.7768721536489339;0.25
8976;0.6732163479867903;0.20256609860210684;6;0.4932102098615863;[0.5842037455862108;0.11355349620152733;0.7622289503873698;0.29157870100268635];0.774484319640462;0.25
7529;0.5695306533283834;0.3907377204165869;6;0.5779980992987414;[0.4871489955380462;0.3083560626262497;0.6519123111187206;0.47311937820692407];0.7840716447964955;0.25
8540;0.454850182384444;0.22581577206521541;6;0.3567180246258833;[0.36690604840195473;0.13787163808272612;0.5427943163669333;0.3137599060477047];0.7784871720814444;0.25
7490;0.23348113680158372;0.672791400846382;6;0.6059672431613867;[0.14744591718068906;0.5867561812254873;0.3195163564224784;0.7588266204672767];0.7775894746399895;0.25
1661;0.6518223546961058;0.4698352486353908;6;0.33566719635760267;[0.564196975473471;0.3822098694127559;0.7394477339187406;0.5574606278580256];0.7667047242399717;0.25
34;0.9203763833290213;0.43027229478007556;6;0.47172421324476443;[0.8359354772328998;0.34583138868395413;1.0048172894251426;0.514713200876197];0.7788673424016226;0.25
7268;0.7465574162494782;0.5064741091333046;6;0.6044741577613875;[0.6593140407925276;0.419230733676354;0.8338007917064288;0.5937174845902552];0.7750393250402654;0.25
8763;0.3765281156711837;0.6920436943045245;6;0.3423271747498331;[0.2865065065443997;0.6020220851777405;0.46654972479796775;0.7820653034313085];0.7722831186336796;0.25
7255;0.9726241389022776;0.3351868987838986;6;0.46505502199282567;[0.8845572727286954;0.24712003261031648;1.0606910050758598;0.4232537649574808];0.7761217020892708;0.25
7919;0.554013743228423;0.129962665867428;6;0.4216382460565985;[0.4665101980486041;0.0424591206876091;0.6415172884082418;0.2174662110472469];0.7695877459202587;0.25
995;0.7641835342006513;0.8176572293281219;6;0.42386979478946496;[0.677686333400936;0.7311600285284066;0.8506807350003667;0.9041544301278372];0.7634718464835065;0.25
6324;0.9737293513625349;0.6256612119521071;6;0.4805552974395464;[0.8841081108615385;0.5360399714511106;1.0633505918635313;0.7152824524531036];0.7664155169236918;0.25
7032;0.36272955578556215;0.1418520837567735;6;0.5114950158095074;[0.27728763392665234;0.05641016189786367;0.44817147764447196;0.2272940056156833];0.7712904666986975;0.25
7198;0.2506303425529409;0.7021418123067009;6;0.5965929060179657;[0.16143959060172225;0.6129510603554822;0.3398210945041596;0.7913325642579196];0.7778798399902466;0.25
1623;0.113147516439563;0.2589413068655225;6;0.6843684134658066;[0.02637299215299202;0.17216678257895154;0.19992204072613398;0.3457158311520935];0.7716718944702126;0.25
9069;0.5220555646127737;0.5244133655631993;6;0.4801149229809131;[0.434500581683921;0.4368583826343466;0.6096105475416264;0.611968348492052];0.7765175227867683;0.25
8188;0.3298779174793117;0.2435947342304915;6;0.5013015368049893;[0.24061441743922407;0.15433123419040384;0.4191414175193994;0.33285823427057915];0.7708412398674261;0.25
8894;0.7243835723993909;0.8014854587874167;6;0.5058212765448871;[0.6366979242668448;0.7137998106548706;0.812069220531937;0.8891711069199628];0.7749605184343322;0.25
8616;0.9651592081121141;0.6660585776294607;6;0.49343112668618655;[0.8794207008569116;0.5803200703742583;1.0508977153673165;0.7517970848846632];0.7767292540500779;0.25
2967;0.10917405076528142;0.0859199492731677;6;0.4906112993010576;[0.021058970597561025;-0.0021951308945526854;0.19728913093300182;0.1740350294408881];0.769417673763136;0.25
9224;0.8804975948046846;0.8139948713769176;6;0.42353480644522823;[0.7924656194115127;0.7259628959837457;0.9685295701978565;0.9020268467700895];0.7732993195987348;0.25
2681;0.9997862675163481;0.01175484884058231;6;0.104994688982264;[0.9126945100205113;-0.07533690865525457;1.086878025012185;0.09884660633641919];0.7782469621637782;0.25
9124;0.1535425615500669;0.9727566616275882;6;0.5818779936648644;[0.06679539896798786;0.8860094990455092;0.24028972413214594;1.0595038242096673];0.7776165292692261;0.25
8865;0.4851783785963713;0.032781082418174234;6;0.5612534372201373;[0.3975667705605104;-0.054830525617686726;0.5727899866322322;0.1203926904540352];0.770912827032884;0.25
9825;0.8004199371619457;0.5153832530287131;6;0.5431967327245331;[0.7104194071283995;0.4253827229951669;0.890420467195492;0.6053837830622594];0.7706811336901238;0.25
2137;0.04983643764223622;0.6015854070453752;5;0.4618121697461586;[-0.037026234746035516;0.5147227346571035;0.13669911003050794;0.6884480794336469];0.7773581266380862;0.25
1856;0.6419479097337234;0.3748730827101427;6;0.500321875153045;[0.556352588555712;0.28927776153213136;0.7275432309117348;0.460468403888154];0.7759327551200491;0.25
1066;0.20599019173388;0.3771155974054824;6;0.4618988433646808;[0.11926897138471715;0.29039437705631954;0.29271141208304285;0.46383681775464525];0.7785404280771296;0.25
3955;0.2143201281192641;0.3731337077420943;6;0.50297284231518;[0.12301710972219843;0.28183068934502864;0.30562314651632977;0.46443672613916];0.7740318302050697;0.25
901;0.26021290001049274;0.4395857385697544;6;0.5966206879931278;[0.16973377349946783;0.3491066120587295;0.35069202652151765;0.5300648650807793];0.7703882751874093;0.25
7341;0.3305750742769867;0.4607869841553963;6;0.3864321487076239;[0.24143448050680202;0.37164639038521163;0.4197156680471713;0.549927577925581];0.7855141849252465;0.25
9486;0.5779664160274072;0.27871644886650143;6;0.49936171418696434;[0.4895861372089426;0.19033617004803688;0.6663466948458717;0.367096727684966];0.7776409867423527;0.25
5991;0.9528133513271173;0.6782810860456447;6;0.5854603882047071;[0.8640341178936262;0.5895018526121536;1.0415925847606085;0.7670603194791359];0.7781452537446645;0.25
9379;0.5431671298842436;0.8781597693140126;6;0.4183444542028567;[0.4508050192299523;0.7857976586597213;0.635529240538535;0.970521879968304];0.7765716007813552;0.25
7285;0.6732482467134224;0.4758701514473429;6;0.4192676242884815;[0.5837700904163857;0.38639199515030626;0.7627264030104591;0.5653483077443796];0.7684412129415534;0.25
194;0.6237547640976456;0.9045686081439523;6;0.4429950780314571;[0.5349076011811391;0.8157214452274459;0.7126019270141521;0.9934157710604588];0.7738991960491904;0.25
6628;0.5919875026470357;0.7554571354365838;5;0.5143087933515429;[0.5048236694924843;0.6682933022820323;0.6791513358015872;0.8426209685911352];0.7810138121086602;0.25
683;0.4364939392709665;0.5650814520174099;6;0.6054348339523107;[0.3497416695976391;0.47832918234408245;0.523246208944294;0.6518337216907373];0.7732607477481239;0.25
8965;0.6306572595562671;0.8405718735129546;6;0.5807615982968453;[0.5406415418800058;0.7505561558366933;0.7206729772325283;0.9305875911892159];0.7689389866109675;0.25
5431;0.6142639560000669;0.8198804644302654;6;0.5067406202753274;[0.5263553767171888;0.7319718851473873;0.702172535282945;0.9077890437131435];0.774511596191407;0.25
2736;0.1958599211099446;0.5902076330221695;6;0.39023313942280274;[0.11064175073583232;0.5049894626480572;0.2810780914840569;0.6754258033962818];0.7851413212845952;0.25
7837;0.09587756479260412;0.191834681641538;6;0.7382615569316878;[0.007187805046127482;0.10314492189506136;0.18456732453908076;0.28052444138801463];0.7801370615960247;0.25
2028;0.6602059741834875;0.9219616487521755;6;0.460323719297825;[0.5671988237258104;0.8289544982944984;0.7532131246411645;1.0149687992098526];0.7786553481353765;0.25
755;0.6344659461981627;0.23933487808817128;6;0.6552840883454789;[0.5491130781470152;0.1539820100370238;0.7198188142493102;0.3246877461393187];0.7820799874302418;0.25
5837;0.5937373722396263;0.7075161232440932;6;0.46968748964900187;[0.5151494050559868;0.6289281560604537;0.6723253394232658;0.7861040904277327];0.7680739286284264;0.25
108;0.7063849316886686;0.19613663956273658;6;0.4285055091351564;[0.6188805693309188;0.10863227720498686;0.7938892940464183;0.2836410019204863];0.7711830404937928;0.25
6264;0.5986774743722315;0.5823212423144407;5;0.6493998538576732;[0.512639368337789;0.49628313627999815;0.684715580406674;0.6683593483488832];0.7822683152017731;0.25
1017;0.8666632809203932;0.17180890566061857;6;0.5308632237391475;[0.7762131256726907;0.08135875041291606;0.9571134361680957;0.2622590609083211];0.7789189170350382;0.25
9010;0.6035508651048084;0.0864157980585677;6;0.5137848244748019;[0.512983435098796;-0.004151631947444737;0.6941182951108208;0.1769832280645801];0.7717006622658508;0.25
6146;0.6749116162344768;0.9830702458707473;5;0.616421663892353;[0.5886742507049594;0.8968328803412299;0.7611489817639943;1.0693076114002649];0.7737712343813435;0.25
9755;0.1901805933575208;0.36184523218489867;6;0.5989949540908137;[0.10277242367696583;0.2744370625043437;0.2775887630380758;0.44925340186545365];0.777244349761939;0.25
6632;0.18064135237428303;0.45305789843876193;6;0.5798162275723782;[0.09146970028912926;0.36388624635360817;0.2698130044594368;0.5422295505239156];0.7838812647585454;0.25
6291;0.9491724007693458;0.2849813859242543;6;0.5444614379036458;[0.8663171854191867;0.20212617057409513;1.032027616119505;0.36783660127441353];0.774451962999246;0.25
5137;0.2716907597968445;0.6927586620939201;6;0.6699586745473097;[0.17770085714690584;0.5987687594439814;0.3656806624467831;0.7867485647438588];0.7825930419582874;0.25
5244;0.6519167259385712;0.8359883813222629;6;0.5293353969370316;[0.5634301668608485;0.7475018222445402;0.7404032850162939;0.9244749403999857];0.7795316324740675;0.25
2613;0.7615988035560154;0.5998811149743001;6;0.5217241300423301;[0.6715083667747188;0.5097906781930035;0.851689240337312;0.6899715517555967];0.776696559171523;0.25
4514;0.40197934345226005;0.7001932338840282;6;0.5307085344136899;[0.30995160297231406;0.6081654934040822;0.49400708393220605;0.7922209743639742];0.7764701866688366;0.25
2618;0.6261393106331803;0.8186273408852108;7;0.4931949555397204;[0.5423659355783714;0.734853965830402;0.7099126856879892;0.9024007159400197];0.7688615811832188;0.25
7670;0.6332664139396971;0.24979814913871518;6;0.6580296414078994;[0.5423760598106556;0.1589077950096737;0.7241567680687385;0.3406885032677567];0.7812692603365669;0.25
6098;0.6235331905484839;0.9436015222263199;6;0.387777052346656;[0.5327675010389838;0.85283583271682;0.7142988800579839;1.0343672117358198];0.77730278425084;0.25
9213;0.13814949747104027;0.26360070120702755;6;0.589376189165468;[0.053902213951213626;0.17935341768720092;0.2223967809908669;0.3478479847268542];0.7756682401498619;0.25
7912;0.7155568532260853;0.8771829191441011;6;0.5041048154457343;[0.6257487222470413;0.787374788165057;0.8053649842051294;0.9669910501231451];0.772880620432372;0.25
4748;0.2881533528265516;0.05413541505491282;6;0.4435246012449682;[0.20125011839476498;-0.03276781937687377;0.3750565872583382;0.14103864948669942];0.7808432592691579;0.25
5702;0.008232396775160189;0.5388036433557224;6;0.36871852840923947;[-0.07612261291642702;0.4544486336641352;0.0925874064667474;0.6231586530473097];0.7744314024198082;0.25
4578;0.4909471355981775;0.761054769044003;6;0.5152437830719506;[0.40388002435702963;0.6739876578028552;0.5780142468393253;0.8481218802851509];0.7843205698634148;0.25
3744;0.561785208018226;0.15518371600978853;6;0.43925686632382943;[0.4760052278333977;0.06940373582496029;0.6475651882030542;0.24096369619461677];0.7791326032818552;0.25
6854;0.6965940475493735;0.8589344858961863;6;0.38300389059185636;[0.6092953759989168;0.7716358143457296;0.7838927190998302;0.9462331574466429];0.7817836169309879;0.25
2544;0.4231238107415386;0.6901671009404361;6;0.3729201653332823;[0.3336206515590378;0.6006639417579354;0.5126269699240393;0.7796702601229368];0.7806578728421861;0.25
2769;0.7292568995249248;0.9564290437702758;6;0.533434592144077;[0.6436063045159117;0.8707784487612628;0.8149074945339378;1.0420796387792888];0.7772224146922903;0.25
1181;0.3282858769550739;0.7751489384238308;6;0.38435909513630323;[0.24223941423061646;0.6891024756993733;0.4143323396795313;0.8611954011482883];0.7769690343046864;0.25
2833;0.6020212194615674;0.1744249756818551;6;0.5753049458758643;[0.5098071604250566;0.08221091664534431;0.6942352784980782;0.2666390347183659];0.7767370221681146;0.25
6691;0.5945322816169321;0.9475817615995556;6;0.5154639751760483;[0.5116417618099037;0.8646912417925273;0.6774228014239604;1.030472281406584];0.7766214287164812;0.25
3783;0.09790110790351458;0.3794847794111405;6;0.27243726698189286;[0.013115199392062696;0.2946988708996886;0.18268701641496649;0.4642706879225924];0.7734812428553816;0.25
9635;0.8573529256766068;0.972130638575117;6;0.5396206583372893;[0.7677352391982308;0.882512952096741;0.9469706121549828;1.061748325053493];0.7814923156866436;0.25
6131;0.3106308217946946;0.4827440906938667;6;0.571931016426203;[0.2271585935531507;0.3992718624523228;0.39410305003623847;0.5662163189354106];0.7799863431044161;0.25
8881;0.1052425410943586;0.8612774025196854;6;0.49480531813305006;[0.0256539617666552;0.7816888231919821;0.184831120422062;0.9408659818473888];0.7794816282729472;0.25
395;0.6642560123155966;0.5382652911301372;6;0.6084415223192992;[0.5773209275398701;0.4513302063544107;0.7511910970913231;0.6252003759058637];0.7805836819358559;0.25
6581;0.5824435385904533;0.17418228724305845;6;0.4826083479220535;[0.4963072706639738;0.08804601931657897;0.6685798065169327;0.26031855516953795];0.7808035831359619;0.25
2588;0.6947246905143216;0.8638019084989776;6;0.45324353327617756;[0.6060121947612773;0.7750894127459333;0.7834371862673659;0.9525144042520219];0.7769335548237328;0.25
8412;0.7622149744920863;0.5895537940392683;6;0.4727149085322046;[0.6762731682889076;0.5036119878360896;0.848156780695265;0.675495600242447];0.7821569786483443;0.25
9739;0.9128929314587608;0.5632656704422008;6;0.357170138526657;[0.8283268368681572;0.47869957585159717;0.9974590260493644;0.6478317650328044];0.767613000599983;0.25
7852;0.9029390426475195;0.4874291936045479;6;0.6182716251820345;[0.8127073979437318;0.3971975489007603;0.9931706873513071;0.5776608383083355];0.7696227073777466;0.25
4900;0.799680166422244;0.0909708058731214;6;0.25896658268734907;[0.7126095784669944;0.0039002179178717483;0.8867507543774937;0.17804139382837103];0.7821191447700365;0.25
916;0.5769631588101968;0.7333741676627731;6;0.515269864121076;[0.4928464807565093;0.6492574896090856;0.6610798368638843;0.8174908457164606];0.7738847924128375;0.25
9495;0.552021577795935;0.43652719556301267;6;0.4966705946342465;[0.46839675427318006;0.35290237204025776;0.6356464013186899;0.5201520190857676];0.7827535035913277;0.25
1574;0.8033471339264648;0.31910131362846633;6;0.3731957033276314;[0.7164960364126016;0.23225021611460311;0.8901982314403281;0.40595241114232955];0.7715361420879194;0.25
8167;0.6907099316099256;0.3298730895011076;6;0.5628121130028612;[0.6017875006872442;0.24095065857842624;0.7796323625326069;0.418795520423789];0.7802003694754109;0.25
3067;0.6073125404862112;0.40119117793956083;6;0.47096694264081485;[0.5205520181419762;0.31443065559532585;0.6940730628304462;0.4879517002837958];0.779375903561677;0.25
2022;0.7806649444481698;0.006852471676621619;6;0.449109700830763;[0.6959618089062767;-0.07785066386527148;0.8653680799900629;0.09155560721851472];0.7774358270969949;0.25
5822;0.8211022013851853;0.26239676418148533;5;0.5507960645322239;[0.7309781702767086;0.1722727330730086;0.911226232493662;0.35252079528996205];0.7719224223224664;0.25
4874;0.4621211126597841;0.48144877760840493;6;0.4381240385819158;[0.3767156658795516;0.3960433308281724;0.5475265594400167;0.5668542243886375];0.7740710873403254;0.25
6833;0.8775560449842057;0.25683716463942524;5;0.5860920562521429;[0.7926197428018964;0.17190086245711592;0.962492347166515;0.3417734668217346];0.7668457750232421;0.25
5635;0.697492084815997;0.6175693108321175;6;0.37187065548946263;[0.6074641179347028;0.5275413439508233;0.7875200516972912;0.7075972777134117];0.78402989288194;0.25
2636;0.4144249200770718;0.8614668281467597;6;0.5896999243565387;[0.32561869773870006;0.7726606058083879;0.5032311424154435;0.9502730504851314];0.7774456444826567;0.25
462;0.6933739701762429;0.5530138102011145;6;0.4310063608433141;[0.6028644779854836;0.4625043180103552;0.7838834623670022;0.6435233023918738];0.7717975488053511;0.25
3848;0.7212358373912789;0.457510049781706;6;0.4428569282104281;[0.6325302639298644;0.36880447632029156;0.8099414108526934;0.5462156232431205];0.7732832895763813;0.25
9769;0.8630469206696187;0.16039765822544283;6;0.6361979756862564;[0.7752105316826309;0.07256126923845499;0.9508833096566066;0.24823404721243067];0.7652893765815919;0.25
5356;0.6627680766412996;0.23520918310781108;6;0.408371495083861;[0.571474331059643;0.14391543752615443;0.7540618222229561;0.32650292868946773];0.7844872230625305;0.25
7095;0.4742199755207366;0.021693470740975718;6;0.37140303678584574;[0.3882618989422011;-0.06426460583755979;0.5601780520992721;0.10765154731951122];0.7744097657283668;0.25
5140;0.854913664816664;0.8212359945087194;6;0.4455362254065736;[0.7697531986958152;0.7360755283878706;0.9400741309375128;0.9063964606295682];0.7747639512768487;0.25
2471;0.7287872011010446;0.5481788095378917;6;0.44867379059847223;[0.641961088937452;0.46135269737429907;0.8156133132646372;0.6350049217014843];0.7831264237611851;0.25
5504;0.4146221760177429;0.9843769360072048;6;0.6291826164620598;[0.32677698775770647;0.8965317477471684;0.5024673642777794;1.0722221242672412];0.7756552358320203;0.25
3358;0.8995059860005492;0.10287232834260795;6;0.3290599199694645;[0.8086803468142586;0.012046689156317375;0.9903316251868398;0.19369796752889853];0.7695719074215683;0.25
9392;0.8094989487460836;0.38624584925283934;6;0.6074282523141341;[0.7227369666825065;0.2994838671892622;0.8962609308096607;0.4730078313164165];0.7695220269864855;0.25
5593;0.9729406190848409;0.7584643468621258;6;0.4752724141121922;[0.8880542468287211;0.6735779746060061;1.0578269913409606;0.8433507191182456];0.7751055640020731;0.25
780;0.4000507611711155;0.710620840828901;6;0.3492806105862988;[0.3120740289965155;0.622644108654301;0.4880274933457155;0.798597573003501];0.7745808076987891;0.25
7021;0.8365607917923928;0.5060607961142964;6;0.46818849401047025;[0.744239856893294;0.4137398612151975;0.9288817266914917;0.5983817310133953];0.7720966788330624;0.25
6153;0.6953966617379671;0.048346774401450465;6;0.516125672577172;[0.6083656058931617;-0.038684281443354895;0.7824277175827725;0.13537783024625583];0.7764789652829001;0.25
423;0.13154043779017255;0.0037540914880971332;6;0.511631490536736;[0.04194563630136457;-0.08584071000071085;0.22113523927898054;0.09334889297690512];0.7752941003616242;0.25
8232;0.6834190499211996;0.35397897696804814;6;0.5124675841269336;[0.5960919785803502;0.26665190562719876;0.770746121262049;0.4413060483088975];0.7767715017860717;0.25
3644;0.9536492124186268;0.2108721906690057;6;0.5239522712766558;[0.8672658994021252;0.12448887765250406;1.0400325254351284;0.29725550368550735];0.7672374845184687;0.25
6876;0.8655162931591125;0.4979521011668311;6;0.4506050195587081;[0.7832407850329084;0.415676593040627;0.9477918012853166;0.5802276092930352];0.7688855368670127;0.25
2724;0.9175861358680292;0.975300544839267;6;0.539742337805027;[0.8278427743931834;0.8855571833644212;1.0073294973428748;1.0650439063141126];0.7785571493513981;0.25
9869;0.6031690052734964;0.19778269857841102;6;0.649871456635279;[0.5192767419558615;0.11389043526077616;0.6870612685911313;0.2816749618960459];0.7714322539224414;0.25
4126;0.650349721720874;0.4656123453753834;6;0.6365875700581318;[0.5606254708936647;0.375888094548174;0.7400739725480834;0.5553365962025927];0.7740398369713452;0.25
8787;0.5702550867410832;0.9740296413107739;6;0.6449403181960536;[0.483779764443476;0.8875543190131667;0.6567304090386903;1.060504963608381];0.7744428028441218;0.25
7825;0.2967856772810078;0.049730943233116054;6;0.503681359021508;[0.20796603816761916;-0.0390886958802726;0.38560531639439644;0.1385505823465047];0.7806025140560033;0.25
8622;0.7649306860052634;0.68107121810844;6;0.4320124739344523;[0.6716889126368478;0.5878294447400244;0.8581724593736789;0.7743129914768555];0.7770001677026674;0.25
7368;0.8254626018767265;0.21865971869590323;6;0.5703977142507066;[0.7380579546969156;0.13125507151609234;0.9128672490565374;0.3060643658757141];0.7814266881378025;0.25
2719;0.6522019294559791;0.5650469094689241;6;0.44542892066346557;[0.5640217722121068;0.4768667522250518;0.7403820866998514;0.6532270667127964];0.7791122525424427;0.25
691;0.6369040646390483;0.017224655995939142;6;0.4605059644013553;[0.5468979819673838;-0.07278142667572524;0.7269101473107127;0.10723073866760352];0.7759163350253676;0.25
3450;0.6848698567084249;0.6307966608891249;6;0.4933100568461152;[0.599276136835128;0.545202941015828;0.7704635765817218;0.7163903807624218];0.7766460524356192;0.25
2422;0.8346050924624976;0.34496132184607053;6;0.2561164976375617;[0.7427192461315288;0.25307547551510184;0.9264909387934663;0.4368471681770392];0.7741689474056145;0.25
8853;0.6276674170608805;0.34983362913716626;6;0.535843897899768;[0.5415999695052414;0.2637661815815271;0.7137348646165196;0.4359010766928054];0.7712458402074519;0.25
1298;0.5800135394925912;0.11599093361114549;6;0.3527929071143652;[0.4973335374490826;0.0333109315676369;0.6626935415360997;0.19867093565465407];0.7718057749202073;0.25
7437;0.9415015908784891;0.34945342784222505;6;0.4822302738234386;[0.8548147451288028;0.2627665820925388;1.0281884366281753;0.4361402735919113];0.7794055938962045;0.25
2634;0.7827841342133521;0.17679067302259827;6;0.49921638030914034;[0.6982041225358738;0.09221066134511996;0.8673641458908304;0.26137068470007657];0.7746319027360158;0.25
8785;0.7626779290495237;0.9549353916554877;6;0.589486938756491;[0.6830642650083085;0.8753217276142725;0.8422915930907389;1.034549055696703];0.7837732958610937;0.25
3706;0.6013082086285353;0.24953193984606448;6;0.45897368188114707;[0.5144848989409488;0.16270863015847803;0.6881315183161217;0.3363552495336509];0.7729791847750234;0.25
2616;0.8486561983100477;0.4620048912143363;6;0.5547684171255294;[0.7551972092889155;0.36854590219320416;0.9421151873311798;0.5554638802354684];0.7704195828226873;0.25
8728;0.03791762979163882;0.21347664990946746;6;0.4484750077790252;[-0.04874849117213553;0.1268105289456931;0.12458375075541317;0.3001427708732418];0.761255137065836;0.25
1356;0.6732507724256659;0.04620130366094094;6;0.3005241230588846;[0.5835285215165581;-0.043520947248166825;0.7629730233347737;0.1359235545700487];0.7727046867121494;0.25
130;0.3915107094152537;0.6611799274206823;6;0.4574502257583515;[0.3018019465432464;0.571471164548675;0.481219472287261;0.7508886902926897];0.7791035585456397;0.25
4112;0.6153396246954697;0.07024718351973502;6;0.42919647937872374;[0.5258406954572454;-0.01925174571848917;0.7048385539336939;0.15974611275795922];0.7735560451974562;0.25
338;0.941363970988879;0.7138946455582807;6;0.4655917302156094;[0.853938267790036;0.6264689423594377;1.028789674187722;0.8013203487571238];0.7751095525696661;0.25
8019;0.7624204646971431;0.3735865761684536;6;0.4768024647717449;[0.6754998738148892;0.28666598528619963;0.849341055579397;0.46050716705070754];0.7759102078985174;0.25
3861;0.9108154485694044;0.4641387824366458;6;0.48580450883755555;[0.8226983679102238;0.3760217017774652;0.9989325292285851;0.5522558630958264];0.7737981281276922;0.25
6016;0.9231611923040991;0.97251974990106;6;0.48260702485768675;[0.8374826474377312;0.8868412050346921;1.008839737170467;1.058198294767428];0.773453157991294;0.25
4844;0.6897590494063806;0.9771033137871916;6;0.4901520701662336;[0.6034334814871949;0.890777745868006;0.7760846173255662;1.0634288817063773];0.7795911081518434;0.25
7155;0.77098918668547;0.06892653427515127;6;0.43362393142503697;[0.6882333543318648;-0.013829298078453872;0.8537450190390752;0.15168236662875642];0.7717446250154536;0.25
6107;0.32312364089450407;0.12177680768493437;6;0.4007668945424664;[0.23584678472123627;0.03449995151166657;0.4104004970677719;0.20905366385820218];0.7871684498800575;0.25
2645;0.12797329797790757;0.03433474384484936;6;0.5329301342508149;[0.043981382929160734;-0.04965717120389748;0.21196521302665441;0.1183266588935962];0.7685618506043828;0.25
7312;0.649964640522199;0.5005235433015751;6;0.4248534139626476;[0.5635269862181861;0.41408588899756216;0.736402294826212;0.5869611976055881];0.779244343026009;0.25
649;0.42808379697028304;0.6176987238091924;6;0.447816979482504;[0.3412665231283331;0.5308814499672425;0.514901070812233;0.7045159976511424];0.7743604961456867;0.25
139;0.9567605909633607;0.1550317695322317;6;0.381258268669457;[0.8654756439241329;0.06374682249300381;1.0480455380025886;0.24631671657145957];0.7715645049379825;0.25
5982;0.7097592441843784;0.8781533903907409;6;0.4654732647547387;[0.6216539945760094;0.790048140782372;0.7978644937927474;0.9662586399991099];0.7783671633915539;0.25
9950;0.684182141451424;0.8808670673801559;6;0.5202165434102646;[0.5962825649365032;0.7929674908652351;0.7720817179663447;0.9687666438950766];0.7648443493964455;0.25
8431;0.4577524845620519;0.9148381278519256;6;0.5095596154362322;[0.3756068136666645;0.8326924569565383;0.5398981554574394;0.996983798747313];0.7709671322824878;0.25
4957;0.802926985427077;0.4690345782852075;6;0.6073286286466225;[0.7196059101650598;0.3857135030231903;0.8862480606890941;0.5523556535472247];0.7718447386826794;0.25
9289;0.6713188190316295;0.13432690712207057;6;0.5986649206638587;[0.5820361039454568;0.04504419203589788;0.7606015341178022;0.22360962220824326];0.7702412937827774;0.25
8267;0.9468324935337666;0.43929935335456705;6;0.5651450724565663;[0.8603588796526758;0.3528257394734762;1.0333061074148575;0.5257729672356579];0.7770952821982572;0.25
379;0.6137928568484166;0.4246153371943013;6;0.4399187955731872;[0.5283041258322545;0.33912660617813917;0.6992815878645786;0.5101040682104634];0.775454979296151;0.25
9289;0.15143171341877737;0.9919252395027015;6;0.5986649206638587;[0.06287246951482707;0.9033659955987512;0.23999095732272768;1.0804844834066518];0.7702412937827774;0.25
2077;0.457983966974528;0.7548024008093218;5;0.39953322616234116;[0.36961212846104435;0.6664305622958382;0.5463558054880115;0.8431742393228054];0.7719599291454322;0.25
3409;0.37172686626757284;0.785299333795386;6;0.6916220188853497;[0.286462277688171;0.7000347452159841;0.4569914548469747;0.8705639223747879];0.7792427591907456;0.25
5391;0.9009936156237716;0.5909511794947301;6;0.4854685429937959;[0.813396366458532;0.5033539303294905;0.9885908647890111;0.6785484286599697];0.771033296987579;0.25
5818;0.7825874903310979;0.7022424852615394;6;0.5135900097663111;[0.6955960110028615;0.6152510059333031;0.8695789696593342;0.7892339645897758];0.7806870083191205;0.25
754;0.9453903582330343;0.2658525988894913;5;0.14794133575571478;[0.8564897115426051;0.17695195219906215;1.0342910049234635;0.3547532455799205];0.7809080559755632;0.25
2486;0.7566281279297639;0.9983998127679874;6;0.5213445626816613;[0.6711124554749754;0.912884140313199;0.8421438003845523;1.083915485222776];0.7792195204208213;0.25
4747;0.4860461696385349;0.6192535191258025;6;0.6186844507295111;[0.40002132259095935;0.533228672078227;0.5720710166861105;0.705278366173378];0.780684763780226;0.25
8362;0.5484675538459853;0.5500717500489352;6;0.400606369903554;[0.4595010919494613;0.46110528815241114;0.6374340157425094;0.6390382119454592];0.7738385011767794;0.25
31;0.8054969058921266;0.7133572731951052;6;0.5208878800340122;[0.7200974209592531;0.6279577882622317;0.8908963908250002;0.7987567581279787];0.7819123702518205;0.25
5766;0.8246408781611908;0.7507638195673509;6;0.6103366231044033;[0.7351733991288446;0.6612963405350047;0.914108357193537;0.8402312985996971];0.7695765884213107;0.25
5391;0.86533585569338;0.934166690233955;6;0.4854685429937959;[0.7750675351186282;0.8438983696592033;0.9556041762681318;1.0244350108087068];0.771033296987579;0.25
1584;0.8446568815551113;0.4187192166559486;6;0.29281734141545124;[0.7612633799256842;0.3353257150265214;0.9280503831845385;0.5021127182853757];0.7676064380095311;0.25
2677;0.13323559315389988;0.76008970173104;6;0.4920015405999817;[0.049418903649649834;0.6762730122267899;0.2170522826581499;0.84390639123529];0.7761676645032307;0.25
9841;0.6601745799958563;0.6711574784550548;6;0.5040359692702409;[0.5763158085673038;0.5872987070265023;0.7440333514244087;0.7550162498836073];0.7748945495011307;0.25
5561;0.8359188166067301;0.27451019170523777;6;0.5468986778332718;[0.7513062722445003;0.18989764734300807;0.9205313609689598;0.3591227360674675];0.7795309244241665;0.25
3949;0.7112760448353805;0.42793485478431953;6;0.7251411420914262;[0.6269378523940626;0.34359666234300157;0.7956142372766984;0.5122730472256375];0.774825427703113;0.25
9333;0.14187379008802004;0.4009900637046761;6;0.48638780544113114;[0.05761354139520704;0.3167298150118631;0.22613403878083305;0.4852503123974891];0.7739534265374476;0.25
9683;0.14779708840283234;0.705200455802812;6;0.5341613351747477;[0.05840951754241702;0.6158128849423967;0.23718465926324767;0.7945880266632273];0.7757435603250011;0.25
9228;0.7030262469456099;0.04786986100467244;6;0.5478706416075211;[0.614645607623584;-0.04051077831735339;0.7914068862676358;0.13625050032669828];0.7678996531516136;0.25
8806;0.7837479576299827;0.5770961558561224;6;0.4481963433062795;[0.6949047581605632;0.4882529563867029;0.8725911570994023;0.6659393553255419];0.7718454025616281;0.25
3820;0.8112027173886427;0.4576844770194403;6;0.5279224099766728;[0.7222980824094405;0.3687798420402381;0.9001073523678449;0.5465891119986426];0.7779637204574998;0.25
1262;0.696602398381589;0.32363230693449596;7;0.5203608809602555;[0.6073559643043557;0.23438587285726264;0.7858488324588223;0.4128787410117293];0.7749094000154552;0.25
9391;0.5197381795495335;0.466710018324323;5;0.27004130269373217;[0.4244230345119047;0.37139487328669424;0.6150533245871622;0.5620251633619517];0.7772750076940437;0.25
4401;0.31768899344006013;0.7482058343697624;6;0.6584375021753338;[0.22903792191068711;0.6595547628403894;0.40634006496943315;0.8368569058991354];0.7669129622037983;0.25
4742;0.6426244576285085;0.4563483296707922;6;0.5006809587869064;[0.5556206905058193;0.36934456254810305;0.7296282247511977;0.5433520967934814];0.7714281664367897;0.25
1413;0.8357569071382829;0.10228535233321734;6;0.44223356644981204;[0.7511660237878653;0.017694468982799846;0.9203477904887004;0.18687623568363482];0.7690704583270468;0.25
7561;0.9209641640153459;0.21317729672722846;5;0.6140554348116001;[0.8382444020244155;0.13045753473629815;1.0036839260062762;0.29589705871815875];0.7707516150118614;0.25
7161;0.5194949752113116;0.6954054067229279;6;0.5194859718504902;[0.4370463364814997;0.612956767993116;0.6019436139411235;0.7778540454527398];0.7758874111339934;0.25
3039;0.8307318833778656;0.41085968563773195;6;0.6695949986789538;[0.7399828798736119;0.32011068213347815;0.9214808868821194;0.5016086891419858];0.7709282781528315;0.25
2737;0.3251280440471522;0.9934707142073376;6;0.39742500512987955;[0.24024010235206764;0.9085827725122531;0.41001598574223674;1.078358655902422];0.776927604683171;0.25
9227;0.8101979824700127;0.8532401016660571;6;0.5258580293932004;[0.7252158864674171;0.7682580056634615;0.8951800784726084;0.9382221976686528];0.7698343098857455;0.25
4211;0.09180910316727486;0.09127237913660291;6;0.405862632703857;[5.222379125236765E-4;-1.4486118148276939E-5;0.18309596842202605;0.1825592443913541];0.7712766829410684;0.25
9696;0.1699874466735503;0.6500142324494659;6;0.5082974467420613;[0.0815929003350274;0.5616196861109429;0.2583819930120732;0.7384087787879888];0.778740794226015;0.25
5934;0.5427771439390879;0.6258283985226882;6;0.5888960506947152;[0.45241461439031344;0.5354658689739137;0.6331396734878625;0.7161909280714628];0.7770669988056551;0.25
424;0.0722543327852655;0.2938169484441511;6;0.5075925102733664;[-0.01662487897776431;0.2049377366811213;0.16113354454829532;0.38269616020718095];0.7693684170801496;0.25
8554;0.27837906226264364;0.18360038802509265;6;0.3918763076787195;[0.19237068439578364;0.09759201015823266;0.36438744012950364;0.26960876589195265];0.7802229230947584;0.25
3980;0.46254656527955074;0.3369574137107137;6;0.5031929537537512;[0.3725583521003952;0.24696920053155813;0.5525347784587064;0.42694562688986926];0.7789331532657853;0.25
8465;0.1445450764456862;0.8360554987863175;6;0.24903452127932085;[0.0540665428259991;0.7455769651666304;0.2350236100653733;0.9265340324060045];0.7711808495641638;0.25
4753;0.9619655128756239;0.6002310242606477;6;0.6559465034885767;[0.8757609627595018;0.5140264741445255;1.048170062991746;0.6864355743767698];0.7761727250304588;0.25
5701;0.7705963450193305;0.39972899579304844;6;0.5698952236267135;[0.6846715594073942;0.3138042101811122;0.8565211306312668;0.48565378140498466];0.7753421680730581;0.25
9228;0.8736704637578978;0.19802457520462075;6;0.5478706416075211;[0.7917559772935251;0.11611008874024807;0.9555849502222705;0.2799390616689934];0.7678996531516136;0.25
5446;0.47066561100931026;0.5254252992897438;6;0.36032782381080547;[0.3831810175745184;0.43794070585495193;0.5581502044441021;0.6129098927245357];0.7665104098272065;0.25
9815;0.8035002629074626;0.5292578614052509;6;0.6072879296848293;[0.7157997876052956;0.4415573861030839;0.8912007382096295;0.6169583367074178];0.7740335062232585;0.25
6159;0.9163982459008783;0.7987067400077759;6;0.5729946851292594;[0.827644517965631;0.7099530120725286;1.0051519738361256;0.8874604679430231];0.7708480126218383;0.25
4958;0.22317040399685872;0.3433285281019406;5;0.3824060262282333;[0.13407403077623697;0.25423215488131884;0.3122667772174805;0.43242490132256234];0.7716791748274443;0.25
9393;0.07879458985726484;0.5282462397949963;6;0.5232505110215958;[-0.00751465897451567;0.4419369909632158;0.16510383868904535;0.6145554886267768];0.770569682694559;0.25
3660;0.7836759797869173;0.699617104664482;6;0.5452681676528957;[0.6898982921343881;0.6058394170119529;0.8774536674394464;0.7933947923170112];0.7711202015089841;0.25
1559;0.6871637979073657;0.3681123818388638;6;0.4784027794565956;[0.5986731415516032;0.2796217254831013;0.7756544542631282;0.4566030381946263];0.7800688894811519;0.25
8420;0.24127921109366574;0.4877561890574656;6;0.5906855706593702;[0.15178552002447593;0.3982624979882758;0.33077290216285554;0.5772498801266553];0.7772330147964932;0.25
5919;0.0946299185663031;0.6559064926021394;7;0.6752149851763665;[0.005118430753677614;0.5663950047895139;0.18414140637892856;0.7454179804147649];0.77328156074542;0.25
9329;0.44241599376033874;0.6857526442063443;6;0.6713416503794534;[0.35985587776763994;0.6031925282136456;0.5249761097530375;0.768312760199043];0.7684193169410911;0.25
5402;0.6860280120284583;0.43160059046043164;6;0.4159171888129242;[0.5970982786871257;0.342670857119099;0.7749577453697909;0.5205303238017642];0.7722522490328675;0.25
943;0.733736660162633;0.38436598473235034;6;0.4530080107343667;[0.6464342122417834;0.2970635368115008;0.8210391080834825;0.4716684326531999];0.7739324602259077;0.25
12;0.6636575916557272;0.41015016106532853;6;0.4845793913432185;[0.5744069279408972;0.3208994973504985;0.7529082553705573;0.49940082478015857];0.7700417564745123;0.25
5087;0.8549497167518597;0.8866533002656993;6;0.3238499738284355;[0.7676062676050941;0.7993098511189337;0.9422931658986253;0.973996749412465];0.7792903919974761;0.25
5193;0.47526963657309407;0.28664052920380684;6;0.5643265439918699;[0.3895981115544559;0.20096900418516866;0.5609411615917322;0.372312054222445];0.7832454290482923;0.25
1545;0.6055486465624877;0.6862508998610131;6;0.4723180485387144;[0.5183137983244002;0.5990160516229255;0.6927834948005753;0.7734857480991006];0.7720151301016931;0.25
5314;0.6425458729125626;0.6847307852532727;6;0.5698787982916763;[0.5599045123815783;0.6020894247222884;0.7251872334435469;0.7673721457842569];0.7749357828132225;0.25
9047;0.8847864529462637;0.15019738656687381;6;0.500281665537289;[0.7995930393498234;0.06500397297043359;0.969979866542704;0.23539080016331404];0.7797792723626153;0.25
4591;0.6675520661455253;0.19697550456426344;6;0.49345419769377535;[0.5763975222610925;0.10582096067983064;0.7587066100299581;0.2881300484486962];0.7748718744879185;0.25
9556;0.3850063725160462;0.17761180192814907;5;0.41704535766306783;[0.29764878807680684;0.0902542174889097;0.47236395695528555;0.2649693863673884];0.769116437019183;0.25
5731;0.6967083950986014;0.7608993027672207;6;0.4987712387563052;[0.6111622207438355;0.6753531284124549;0.7822545694533672;0.8464454771219866];0.77945356290752;0.25
1942;0.15688705327902125;0.7387595815998413;6;0.513864840291279;[0.06694008845370544;0.6488126167745255;0.24683401810433706;0.8287065464251572];0.7807536712515257;0.25
7078;0.2363656474660631;0.8397304541536839;6;0.3495706708973678;[0.14762961351433318;0.750994420201954;0.325101681417793;0.9284664881054138];0.7792867859178728;0.25
5637;0.9341564290140592;0.3614025583579056;6;0.49964827407351886;[0.8477644198910012;0.2750105492348476;1.0205484381371173;0.4477945674809636];0.77806195295403;0.25
1675;0.2156107855531475;0.8761946065656683;6;0.5040618777533417;[0.12736970347691945;0.7879535244894402;0.30385186762937555;0.9644356886418963];0.7742331532401443;0.25
8359;0.8791511497712506;0.5575257616676799;6;0.5983640547286632;[0.7916578226164711;0.47003243451290033;0.9666444769260302;0.6450190888224594];0.7764511602120111;0.25
2032;0.5404601618496232;0.6156734115857998;6;0.37664003824889253;[0.4503376626444885;0.5255509123806651;0.6305826610547579;0.7057959107909345];0.7786164804780632;0.25
8537;0.14301825158004572;0.6713838331931898;6;0.5019013493633191;[0.05374497232997494;0.5821105539431191;0.2322915308301165;0.7606571124432606];0.7706925939736785;0.25
8825;0.8792552483117462;0.09252074081772999;6;0.4543426037224306;[0.7922506335016651;0.005516126007648919;0.9662598631218272;0.17952535562781105];0.7721579330615083;0.25
2299;0.4075810371787594;0.6682077233610036;6;0.6730729708997277;[0.3184302108757574;0.5790568970580017;0.49673186348176135;0.7573585496640056];0.7760450661317586;0.25
6580;0.8686146293614532;0.618439662893404;6;0.5173209760735906;[0.7786463456115038;0.5284713791434547;0.9585829131114025;0.7084079466433534];0.7757909232031777;0.25
2362;0.8891116375772157;0.544065582840871;6;0.4776645428508243;[0.802685069383446;0.4576390146471013;0.9755382057709854;0.6304921510346407];0.7739080868863636;0.25
7830;0.510645882356342;0.41436981004603934;6;0.40541284959910723;[0.42248602233474725;0.3262099500244446;0.5988057423779367;0.502529670067634];0.7643900474886958;0.25
6755;0.2827795808459194;0.36668649719212487;6;0.5565375158577452;[0.19553631970303803;0.2794432360492435;0.3700228419888008;0.45392975833500626];0.7784697577398786;0.25
9062;0.38569931212038855;0.12159234931329704;6;0.6117038097705674;[0.2956768100258931;0.0315698472188016;0.475721814214884;0.2116148514077925];0.774227061882832;0.25
1931;0.778527127075357;0.8796611916917421;6;0.5671504913801132;[0.6911009635517777;0.7922350281681627;0.8659532905989362;0.9670873552153214];0.7788470611713165;0.25
2048;0.8437376629418534;0.1325586596493098;6;0.49458936074942383;[0.7572734179907805;0.046094414698236955;0.9302019078929262;0.21902290460038265];0.7684297184813076;0.25
7723;0.4645814150833828;0.7841385583256391;6;0.49916051596375416;[0.37939295318680943;0.6989500964290657;0.5497698769799562;0.8693270202222124];0.7801829064580166;0.25
2374;0.9150036523536644;0.7360753252183545;6;0.3102833006068811;[0.8275328159851651;0.6486044888498552;1.0024744887221637;0.8235461615868538];0.781839680180888;0.25
5229;0.47713154440735295;0.41772858913256705;6;0.4276404809663291;[0.3933776273321069;0.333974672057321;0.560885461482599;0.5014825062078131];0.771611877034554;0.25
5995;0.3386076215705566;0.304159598885913;6;0.5100419719839265;[0.2563139729153239;0.2218659502306802;0.4209012702257894;0.38645324754114574];0.7765071637021669;0.25
850;0.23541525933028962;0.21941434484494365;6;0.49155221076744043;[0.14844703100623277;0.1324461165208868;0.32238348765434643;0.3063825731690005];0.7706933226659609;0.25
9145;0.788557160445829;0.22388723114162573;6;0.415309062272823;[0.7059745523343529;0.14130462303014957;0.8711397685573051;0.3064698392531019];0.7816435636694585;0.25
1868;0.00641175051729026;0.9176599658514559;6;0.5524310736774323;[-0.08137439528101265;0.829873820053153;0.09419789631559317;1.0054461116497588];0.773517303564487;0.25
125;0.47546323745859664;0.22896928113390097;6;0.39256004568393965;[0.39207528872249686;0.14558133239780122;0.5588511861946964;0.3123572298700007];0.7816101142288273;0.25
2859;0.331732971288489;0.9468270920524747;6;0.3418266159134482;[0.2438981693545026;0.8589922901184883;0.4195677732224754;1.0346618939864611];0.7669511748086306;0.25
9128;0.6711955535038207;0.7548874876545887;6;0.47539817095755343;[0.5862329771053099;0.6699249112560779;0.7561581299023314;0.8398500640530995];0.77051141712037;0.25
6133;0.17248402274810037;0.31893343670946617;6;0.5796444102031981;[0.08110474282887228;0.22755415679023808;0.2638633026673285;0.4103127166286943];0.7689754162135011;0.25
8268;0.3614185818020556;0.5188996106626508;6;0.5376410809400403;[0.2734357109181252;0.43091673977872036;0.449401452685986;0.6068824815465812];0.7791378069268771;0.25
4488;0.452603807499517;0.8247799889291232;6;0.46712527858841385;[0.3646413859476465;0.7368175673772527;0.5405662290513875;0.9127424104809937];0.7727892125783137;0.25
1430;0.5936279040028554;0.680006441264412;6;0.7358453314894382;[0.5088107180406051;0.5951892553021617;0.6784450899651057;0.7648236272266623];0.7691685405338687;0.25
242;0.48151323399355106;0.5712263190236554;6;0.5655652658077329;[0.39250200538992625;0.4822150904200306;0.5705244625971759;0.6602375476272803];0.7700798980398331;0.25
3126;0.722764538837907;0.8927528081028974;6;0.3456180055341368;[0.6391665098015565;0.8091547790665469;0.8063625678742575;0.9763508371392479];0.7670592615196705;0.25
849;0.23777371459619906;0.6224934908151303;6;0.5434630113546814;[0.15590445314747153;0.5406242293664028;0.3196429760449266;0.7043627522638578];0.7710599336567892;0.25
5658;0.31833378881550306;0.8288211035840846;6;0.6885661093096691;[0.23314828638083473;0.7436356011494163;0.4035192912501714;0.9140066060187528];0.7732188977022201;0.25
146;0.22046403624935446;0.5311754624185752;6;0.4751930908863494;[0.13612449740503302;0.4468359235742537;0.3048035750936759;0.6155150012628966];0.7777647221857414;0.25
9819;0.2388037105620079;0.2748391201410411;6;0.6253377802730523;[0.15364429109349143;0.18967970067252465;0.32396313003052435;0.3599985396095576];0.7721036355591019;0.25
1067;0.5147493161381324;0.746135193046383;6;0.5906232234215907;[0.4291113285011645;0.6604972054094151;0.6003873037751002;0.8317731806833508];0.774177975615702;0.25
9890;0.5081926198561035;0.1082876981047518;6;0.5122601857015374;[0.4231425026634593;0.023237580912107564;0.5932427370487477;0.19333781529739605];0.7795566210367462;0.25
1783;0.635597374848987;0.5248207362833969;6;0.632773355692584;[0.5420527547292169;0.4312761161636267;0.7291419949687572;0.618365356403167];0.7749440342454041;0.25
3258;0.7982559227303925;0.37856381695260427;6;0.5617408899635221;[0.7104387574345056;0.29074665165671737;0.8860730880262794;0.46638098224849117];0.7846635791739919;0.25
3509;0.9157472325396858;0.7597486675483105;6;0.22864845526640526;[0.8298947190843675;0.6738961540929922;1.0015997459950041;0.8456011810036288];0.7833401924116578;0.25
3264;0.5285143247786606;0.39040914559897416;6;0.4204419072856764;[0.4427191367779933;0.3046139575983069;0.6143095127793278;0.4762043335996414];0.77230247283259;0.25
5013;0.9399487036187151;0.8655473837247165;6;0.5020348687688441;[0.84985243238125;0.7754511124872514;1.0300449748561802;0.9556436549621816];0.7836231411246567;0.25
1782;0.42094750818723126;0.6263717238892903;6;0.4030374348807191;[0.33797721497587674;0.5434014306779358;0.5039178013985858;0.7093420171006448];0.7784736740155432;0.25
6375;0.24205462924771137;0.2448025250026245;6;0.4353959595109111;[0.15082188005855404;0.15356977581346717;0.33328737843686873;0.3360352741917818];0.7663681063592253;0.25
7513;0.4448162299635412;0.8417860451892665;6;0.6668505257782638;[0.35630969412190366;0.7532795093476289;0.5333227658051788;0.9302925810309041];0.7757591813614645;0.25
8825;0.30327414427882554;0.6211660187873604;6;0.4543426037224306;[0.2146391702630829;0.5325310447716178;0.3919091182945682;0.709800992803103];0.7721579330615083;0.25
8170;0.12310987856858963;0.6764008079545842;6;0.47449453685226833;[0.030411303854323002;0.5837022332403177;0.21580845328285625;0.7690993826688508];0.7763307172405383;0.25
996;0.807676199044947;0.5873417492268151;6;0.39040857381268357;[0.7170426771824152;0.4967082273642834;0.8983097209074788;0.677975271089347];0.7818718051547346;0.25
4465;0.9647604071213467;0.42372798127820566;6;0.6667500362195317;[0.874596786444417;0.3335643606012759;1.0549240277982765;0.5138916019551354];0.7703921348223054;0.25
4561;0.7730255921359738;0.3128469892191514;6;0.6632014315190816;[0.6859843377387358;0.22580573482191343;0.8600668465332117;0.3998882436163893];0.7742603522812946;0.25
8861;0.05922052762676566;0.7102054897414783;6;0.7026636609705523;[-0.03007321707522609;0.6209117450394865;0.1485142723287574;0.7994992344434702];0.7762096400064865;0.25
7687;0.8653323817828693;0.8023506187669177;6;0.44380603172986005;[0.7789747259143945;0.7159929628984429;0.9516900376513441;0.8887082746353925];0.7763550232633164;0.25
7011;0.9600928149369083;0.4158847198298084;6;0.5302569787668955;[0.8748663751299331;0.3306582800228332;1.0453192547438837;0.5011111596367837];0.7751471354703415;0.25
3787;0.6621492972187001;0.5187671216922108;6;0.4611246482167687;[0.5777958965641995;0.43441372103771025;0.7465026978732007;0.6031205223467114];0.7725612793522199;0.25
1675;0.7710757064516426;0.604330726313765;6;0.5040618777533417;[0.6810922816650843;0.5143473015272068;0.8610591312382009;0.6943141511003234];0.7742331532401443;0.25
1815;0.5732396831052384;0.5590231311808903;6;0.3591043647633826;[0.48486553801121707;0.47064898608686895;0.6616138281992598;0.6473972762749116];0.7794464697597778;0.25
8715;0.7991882121590614;0.3262765388141314;6;0.4536522805806988;[0.7143720870488179;0.24146041370388788;0.8840043372693049;0.4110926639243749];0.7785838695919509;0.25
1247;0.6923817563377196;0.8234166552911828;6;0.41625590195272744;[0.6049921215151315;0.7360270204685947;0.7797713911603077;0.9108062901137709];0.7684701910390992;0.25
708;0.5364191186480924;0.6325826183765326;6;0.5515060087540108;[0.45278742808150313;0.5489509278099434;0.6200508092146817;0.7162143089431219];0.7755125555844656;0.25
4670;0.23609688179077343;0.4371663362916385;6;0.6185951072561525;[0.14786464274892896;0.348934097249794;0.3243291208326179;0.5253985753334829];0.7730219658614907;0.25
