3453;0.8913043721359643;0.30116485816282446;6;0.549799468720478;[0.8032759560496663;0.21313644207652654;0.9793327882222622;0.38919327424912237];0.7828215697384016;0.25
586;0.3711237511251447;0.9066175750814429;6;0.39377724759438204;[0.28647207498495225;0.8219658989412505;0.4557754272653371;0.9912692512216353];0.7699629367857378;0.25
7677;0.9695060052959734;0.6712022411355872;6;0.28508696986770465;[0.8843067543869852;0.5860029902265991;1.0547052562049615;0.7564014920445754];0.777023096592716;0.25
4282;0.34513976756695786;0.6499074043745855;6;0.734280831347553;[0.26314505667155413;0.5679126934791817;0.4271344784623616;0.7319021152699893];0.7705559840558504;0.25
9843;0.7977658596018588;0.8623132505794602;6;0.4176177964285873;[0.7133813706159747;0.7779287615935762;0.8821503485877428;0.9466977395653442];0.7791564473009565;0.25
4519;0.44262350159054925;0.5967833132585337;6;0.37789546838678334;[0.35745458628621685;0.5116143979542013;0.5277924168948817;0.6819522285628662];0.7781489389964844;0.25
9458;0.7765558991505113;0.5618827986472383;6;0.45614581329385673;[0.6888802916108294;0.4742071911075565;0.8642315066901931;0.6495584061869202];0.7757522928441717;0.25
2031;0.3121733481173861;0.36591604557298474;6;0.6502455496498127;[0.22285089621964446;0.27659359367524305;0.40149580001512775;0.4552384974707264];0.7709388827284767;0.25
9345;0.0693417937128239;0.2506283154445241;6;0.6215889424441041;[-0.015482193980962594;0.16580432775073758;0.15416578140661039;0.33545230313831054];0.773883864515965;0.25
6870;0.12664719375100364;0.3262103614710465;6;0.49189812195243554;[0.03807976106040081;0.23764292878044366;0.21521462644160647;0.4147777941616493];0.7733356502929825;0.25
9228;0.3824741558493364;0.11750024029743977;6;0.5478706416075211;[0.2950161125489402;0.030042196997043608;0.4699321991497326;0.20495828359783594];0.7678996531516136;0.25
3059;0.4858962986720704;0.5514722901491632;6;0.6204220672641735;[0.3959641217729175;0.4615401132500103;0.5758284755712233;0.6414044670483161];0.77703418332983;0.25
578;0.9227984588257518;0.24069254966163162;6;0.5067683795857048;[0.8331707929293164;0.15106488376519617;1.0124261247221873;0.33032021555806707];0.7803609524284124;0.25
7124;0.4344288996625585;0.9799338815174912;6;0.48577206035348686;[0.3515337833613298;0.8970387652162625;0.5173240159637872;1.0628289978187198];0.7797345468793991;0.25
9690;0.7677373651879622;0.2595100030550274;6;0.5320997966347711;[0.6807150957105867;0.17248773357765196;0.8547596346653377;0.3465322725324029];0.7629205956408174;0.25
4091;0.40941123986391414;0.8456380383961937;5;0.4401575080459434;[0.3197515841120403;0.7559783826443198;0.499070895615788;0.9352976941480675];0.7804316187472142;0.25
1540;0.3058011814060293;0.6863127490397058;6;0.499044589270813;[0.2164966254719865;0.597008193105663;0.3951057373400721;0.7756173049737487];0.7687841487011042;0.25
7827;0.7040926926507863;0.256035255773447;6;0.5436996853995875;[0.6157806965169074;0.16772325963956808;0.7924046887846653;0.3443472519073259];0.7765361621136242;0.25
994;0.42768352738037896;0.8302040203049504;6;0.5118010422119358;[0.33914920550047944;0.7416696984250509;0.5162178492602785;0.91873834218485];0.7694922283932325;0.25
5058;0.9702078601580315;0.08247677445620327;6;0.48767598922189137;[0.8879220871215951;1.9100141976692575E-4;1.0524936331944679;0.16476254749263963];0.7815072516172961;0.25
3944;0.6988617928305814;0.882309701374568;6;0.6339783184527858;[0.6107157281878098;0.7941636367317965;0.7870078574733529;0.9704557660173395];0.7788135296551087;0.25
1254;0.5280854351592148;0.4890855311503525;6;0.47676071818123106;[0.43981854095500594;0.40081863694614367;0.6163523293634237;0.5773524253545613];0.7662207488967585;0.25
5904;0.33052658346582925;0.23903882083724737;6;0.6651887063597755;[0.23934526211042056;0.14785749948183868;0.42170790482123793;0.33022014219265605];0.7756810454967361;0.25
7580;0.14393746273548025;0.12484512175498896;6;0.4332047258451772;[0.06085927964314472;0.041766938662653436;0.22701564582781578;0.2079233048473245];0.770788387880116;0.25
8009;0.39037862523033384;0.7954403238151456;5;0.6355689533368718;[0.2983202623030342;0.703381960887846;0.4824369881576335;0.8874986867424453];0.7804114223605454;0.25
9428;0.8305558419865436;0.7072898918599911;6;0.3279636171973168;[0.7431999945401263;0.6199340444135738;0.917911689432961;0.7946457393064085];0.7772693278272437;0.25
7050;0.8092400265466052;0.32553703569990483;6;0.5296065901524992;[0.7204996081733597;0.23679661732665927;0.8979804449198507;0.4142774540731504];0.7786140953644607;0.25
8805;0.6330638609343356;0.35778470795485573;6;0.6167418645224345;[0.5475352837856616;0.2722561308061817;0.7185924380830097;0.44331328510352974];0.7794719320660936;0.25
7087;0.6862368110347158;0.9222324426541544;6;0.5109143986904251;[0.5986803849710602;0.8346760165904988;0.7737932370983713;1.00978886871781];0.7734747255772905;0.25
8861;0.22295242207248106;0.18671650847185867;6;0.7026636609705523;[0.13571059913461192;0.09947468553398951;0.3101942450103502;0.2739583314097278];0.7762096400064865;0.25
5861;0.66645993337621;0.7326363533493867;6;0.3105127951255251;[0.577611470803313;0.6437878907764897;0.755308395949107;0.8214848159222837];0.7772812643621048;0.25
3277;0.5127220377317512;0.493815898668435;6;0.5860537577770661;[0.42534285995432514;0.40643672089100896;0.6001012155091772;0.5811950764458611];0.7693208348077801;0.25
3029;0.672683897831907;0.29495573624057764;6;0.3896669144357653;[0.5848097737176834;0.20708161212635406;0.7605580219461305;0.3828298603548012];0.7773683371713693;0.25
3303;0.8600329864312409;0.7612202267910385;5;0.509140723050503;[0.7761063471375459;0.6772935874973435;0.943959625724936;0.8451468660847336];0.776481671267462;0.25
488;0.45417874680167253;0.9163444523685293;6;0.5082077222403811;[0.36755682407047635;0.8297225296373332;0.5408006695328688;1.0029663750997255];0.7743207513281309;0.25
3282;0.9421522641239003;0.6331233632481797;6;0.39858403931952374;[0.8529668342417054;0.5439379333659848;1.0313376940060952;0.7223087931303747];0.7705763054903759;0.25
6889;0.502048231388421;0.17693456569733856;6;0.4716065298984506;[0.4151683616159157;0.09005469592483323;0.5889281011609264;0.2638144354698439];0.7715279058091946;0.25
3236;0.7281605514910239;0.5085504470221326;7;0.4634674032215737;[0.6399442155292931;0.42033411106040186;0.8163768874527546;0.5967667829838633];0.7783001269828687;0.25
496;0.23925138620601077;0.5569670601180767;6;0.3296926866098133;[0.14984919808387792;0.4675648719959439;0.3286535743281436;0.6463692482402096];0.7810668513704084;0.25
732;0.4403640358583202;0.8072609016968604;6;0.550254454983867;[0.3513179110939133;0.7182147769324535;0.529410160622727;0.8963070264612673];0.7809273147512654;0.25
4875;0.31634136183189104;0.7008366779616043;6;0.6209656179234169;[0.2284451529586703;0.6129404690883835;0.4042375707051118;0.7887328868348251];0.7782813020737938;0.25
1976;0.519103730554321;0.3508196255851625;6;0.5925641231736701;[0.43049080316348465;0.2622066981943261;0.6077166579451574;0.43943255297599887];0.7693381143731708;0.25
9717;0.3657250713603914;0.4264197425955445;6;0.5019417844758262;[0.28095268660044664;0.34164735783559974;0.45049745612033615;0.5111921273554892];0.7732711540003134;0.25
2043;0.855124389392468;0.32612444974355087;6;0.5270897181771308;[0.7688545574362154;0.23985461778729827;0.9413942213487206;0.41239428169980347];0.7743456708865049;0.25
419;0.5620267673671384;0.7523370055434088;6;0.47193426810109373;[0.4757073471778033;0.6660175853540736;0.6483461875564736;0.8386564257327439];0.7888456203524539;0.25
5266;0.6209532143736546;0.27738311814317484;6;0.48603416798441723;[0.529316543785572;0.18574644755509226;0.7125898849617371;0.3690197887312574];0.7783413790613873;0.25
9561;0.33114781596505444;0.11242064510682603;6;0.5267975250374008;[0.24707634820061364;0.028349177342385234;0.41521928372949524;0.19649211287126683];0.7696194121216438;0.25
864;0.6377217583014355;0.6747365170400419;6;0.22726381953390212;[0.5518470070308302;0.5888617657694366;0.7235965095720408;0.7606112683106472];0.770718410887078;0.25
6041;0.7613558644961591;0.7545039394342954;6;0.5094602875284245;[0.6710066599357132;0.6641547348738495;0.851705069056605;0.8448531439947413];0.7717171821530852;0.25
585;0.829381617919562;0.3641048068117506;6;0.49581564876643436;[0.742121426220427;0.2768446151126156;0.916641809618697;0.45136499851088563];0.7711856037772923;0.25
5459;0.34429606624253006;0.7799859397405489;6;0.4913917735605565;[0.25589731028945895;0.6915871837874777;0.4326948221956012;0.86838469569362];0.7817340682279673;0.25
8681;0.30575058589255455;0.3991940623083293;6;0.5683168111929815;[0.21539788954490066;0.30884136596067546;0.3961032822402084;0.4895467586559832];0.771974807115806;0.25
5924;0.1882242782599271;0.9617651424522614;6;0.6216390576234403;[0.10090389892312021;0.8744447631154545;0.27554465759673397;1.0490855217890682];0.7723178287271142;0.25
3141;0.8399838838179073;0.716184189111631;7;0.47111770582075585;[0.7561513480861008;0.6323516533798245;0.9238164195497138;0.8000167248434374];0.7702754630217028;0.25
1135;0.6151832847149532;0.9505863293893062;6;0.4037524352683933;[0.5270492242782301;0.8624522689525831;0.7033173451516763;1.0387203898260293];0.7730404887868619;0.25
3206;0.6451686069837477;0.18638204440740608;5;0.4978428980945087;[0.5589372637527659;0.10015070117642431;0.7313999502147295;0.2726133876383878];0.7733169036793502;0.25
7992;0.43015140453887224;0.16970668718298948;6;0.5794876729470799;[0.34582581726784856;0.08538109991196582;0.5144769918098959;0.2540322744540131];0.7808937255741499;0.25
1676;0.4176218312517671;0.889412773165219;6;0.5462620358872587;[0.331237115435312;0.8030280573487639;0.5040065470682222;0.9757974889816742];0.7859767916099221;0.25
6771;0.7097527621406275;0.538207866938198;6;0.38621057691272914;[0.6199144555649808;0.44836956036255127;0.7995910687162743;0.6280461735138447];0.7723707516001735;0.25
3594;0.48840224921246056;0.6113249297010468;5;0.4738263318284328;[0.40480978648568133;0.5277324669742676;0.5719947119392398;0.694917392427826];0.7679578610496605;0.25
244;0.6209102044393517;0.6331863313215365;6;0.5102369515571294;[0.5311903757083719;0.5434665025905566;0.7106300331703316;0.7229061600525163];0.7674703426145986;0.25
3199;0.7765566172678988;0.5174201930359378;6;0.5711624664028665;[0.688478171797325;0.4293417475653639;0.8646350627384727;0.6054986385065116];0.7802593376306503;0.25
4635;0.28122578783457763;0.9406732870510219;6;0.4454025496022234;[0.18969846644085114;0.8491459656572955;0.3727531092283041;1.0322006084447484];0.7720056375547891;0.25
2387;0.9509298291024254;0.7452007786449453;6;0.6502273264906376;[0.8576316205430298;0.6519025700855496;1.044228037661821;0.8384989872043409];0.7780159059006982;0.25
178;0.8297286654668796;0.605376054408611;6;0.5811750483264033;[0.738955437501055;0.5146028264427864;0.9205018934327043;0.6961492823744355];0.7718473542979455;0.25
7786;0.241732549590495;0.45364654644200436;6;0.69609113066337;[0.15398363511031543;0.3658976319618248;0.3294814640706746;0.5413954609221839];0.7752884014743303;0.25
6903;0.3876158388059444;0.6146600823047168;7;0.455104867177771;[0.29970260641859764;0.52674684991737;0.4755290711932912;0.7025733146920636];0.7791884158983465;0.25
5084;0.7725498128059811;0.6266575873437757;6;0.6096700879406359;[0.6868738538796141;0.5409816284174087;0.8582257717323482;0.7123335462701428];0.7744124747675278;0.25
9550;0.3037942395610147;0.47752432636518105;6;0.5310416269316126;[0.21728306830037736;0.3910131551045437;0.39030541082165204;0.5640354976258184];0.7848960069910078;0.25
3747;0.7489095916658624;0.7706767450605196;6;0.47600220543732275;[0.6652237608343998;0.6869909142290571;0.8325954224973249;0.8543625758919822];0.7720358743190932;0.25
2267;0.6758511929582048;0.9742049682003953;6;0.5728289077566585;[0.5860684254332775;0.884422200675468;0.7656339604831321;1.0639877357253227];0.7766011038029789;0.25
6129;0.4057988415004072;0.5731982999291013;6;0.4552000022025276;[0.3193059661798876;0.4867054246085817;0.49229171682092676;0.659691175249621];0.7750201204191006;0.25
9113;0.6797427952729045;0.5496729603639401;6;0.6432855121802936;[0.5933832613266489;0.46331342641768447;0.7661023292191601;0.6360324943101957];0.7652957828355896;0.25
3568;0.4342117801508919;0.5261085778210388;6;0.48839255839985457;[0.3436907305571023;0.4355875282272492;0.5247328297446815;0.6166296274148284];0.7751775783121517;0.25
1623;0.806791250988891;0.2066976373577652;6;0.6843684134658066;[0.7171019181748883;0.11700830454376254;0.8964805838028937;0.29638697017176785];0.7716718944702126;0.25
5634;0.5852314160884226;0.4099305118284565;6;0.5509312134045161;[0.4990949505565493;0.32379404629658326;0.6713678816202958;0.4960669773603298];0.7736716623471926;0.25
3309;0.06259901618248098;0.4989602385052392;6;0.4813108525182447;[-0.024571133473837797;0.41179008884892043;0.14976916583879976;0.5861303881615579];0.7801782920886643;0.25
4152;0.18377236345518283;0.03487492228050604;6;0.4639234346967692;[0.09757900053585282;-0.05131844063882397;0.2699657263745128;0.12106828519983605];0.7762622091649676;0.25
8983;0.22115390488989384;0.6636550417173153;6;0.4480716989022959;[0.1326899010853132;0.5751910379127346;0.3096179086944745;0.7521190455218959];0.7745988491251263;0.25
3733;0.9418772110937959;0.20820624799417897;6;0.49626725566964314;[0.8541412296210774;0.12047026652146052;1.0296131925665144;0.2959422294668974];0.7802676279197385;0.25
6351;0.5655854883203405;0.17705935216150498;6;0.48479110620750854;[0.4781693500048439;0.08964321384600836;0.6530016266358372;0.2644754904770016];0.782521479090367;0.25
4714;0.4946920453378919;0.9541332721798339;6;0.611330705399536;[0.4044794437092533;0.8639206705511953;0.5849046469665306;1.0443458738084725];0.7769347625962248;0.25
289;0.44327232172509434;0.5114450150807542;5;0.469485571218056;[0.35759767280772614;0.42577036616338604;0.5289469706424625;0.5971196639981224];0.7798204350471404;0.25
4433;0.23200124206741973;0.897203211619487;6;0.571137225425881;[0.14359098015857985;0.8087929497106472;0.3204115039762596;0.9856134735283268];0.7735255787237022;0.25
7497;0.5138683016999939;0.9169754173191238;6;0.6235978360394439;[0.42275233194621076;0.8258594475653407;0.604984271453777;1.008091387072907];0.7760641030636729;0.25
1979;0.40015709889221646;0.476980484993596;6;0.484618990488965;[0.3111538458333402;0.3879772319347198;0.4891603519510927;0.5659837380524723];0.7821796717635061;0.25
7696;0.8602875582826023;0.7205870424623004;7;0.47875486060298844;[0.7733355640120728;0.633635048191771;0.9472395525531317;0.8075390367328299];0.7672948554207621;0.25
2965;0.5451293463785178;0.9571980930739419;6;0.36740818300069356;[0.4563436792022828;0.8684124258977068;0.6339150135547529;1.045983760250177];0.7759316917096727;0.25
8296;0.6051758588904341;0.994306212597655;6;0.40295151015665;[0.517322899952998;0.9064532536602188;0.6930288178278703;1.0821591715350911];0.7783687327133024;0.25
5314;0.6319319516881141;0.4044554198506444;6;0.5698787982916763;[0.5445015301214409;0.31702499828397124;0.7193623732547874;0.4918858414173176];0.7749357828132225;0.25
8439;0.6208882280649963;0.9011068593499881;6;0.48277074233805445;[0.5349264032441043;0.8151450345290961;0.7068500528858883;0.9870686841708801];0.7804230170164663;0.25
2254;0.14345172369253956;0.29314509405973105;6;0.5647944862641483;[0.0582116707617418;0.2079050411289333;0.2286917766233373;0.37838514699052883];0.7736983336749482;0.25
7191;0.7163087925874925;0.9173495714537792;6;0.5734550237240694;[0.624004831174199;0.8250456100404857;0.8086127540007859;1.0096535328670726];0.780961420396775;0.25
4502;0.28298960637730575;0.0844220583470433;6;0.5036711287713291;[0.19846221176543077;-1.0533626483166803E-4;0.3675170009891807;0.16894945295891828];0.7801673951439533;0.25
4177;0.5391539600756151;0.09077389374134537;6;0.45728060933605646;[0.44789324923554286;-4.868170987268605E-4;0.6304146709156874;0.1820346045814176];0.7755230339640565;0.25
2453;0.35658482265109476;0.31802285401786595;6;0.5946995604657186;[0.2722753412542439;0.23371337262101513;0.4408943040479456;0.4023323354147168];0.7685993390844634;0.25
4699;0.15749704253289198;0.7190293137895171;7;0.44196298668603506;[0.06682047486187079;0.6283527461184959;0.24817361020391318;0.8097058814605382];0.7739548740053432;0.25
9380;0.5014484105278374;0.44585588500328255;6;0.4757493499775609;[0.41344929000701797;0.3578567644824631;0.5894475310486569;0.533855005524102];0.7670559195464411;0.25
3802;0.4503617090822411;0.506046864649522;5;0.6323885469104067;[0.35941417584798363;0.4150993314152645;0.5413092423164986;0.5969943978837795];0.768141526078857;0.25
1799;0.7076379175232357;0.7852242728634768;6;0.6256733972637687;[0.6227924718044409;0.700378827144682;0.7924833632420305;0.8700697185822717];0.7752193767809049;0.25
6845;0.41321243842599875;0.7867175653637848;6;0.4026584722615759;[0.3281509770423184;0.7016561039801044;0.4982738998096791;0.8717790267474652];0.7759872602591593;0.25
1886;0.6654900869025712;0.4024036435909546;6;0.5988063098090572;[0.5771183162699572;0.3140318729583407;0.7538618575351851;0.4907754142235685];0.7726726136151875;0.25
5219;0.7792473331051338;0.7038891349138278;6;0.4010484382454247;[0.6908262536503288;0.6154680554590227;0.8676684125599389;0.7923102143686328];0.7700324936464795;0.25
534;0.951238982042137;0.45251561068504254;6;0.44678607160512823;[0.8582164262201482;0.35949305486305366;1.0442615378641258;0.5455381665070314];0.7740679032336256;0.25
5325;0.5328328967167654;0.8651037510675048;6;0.645755404371897;[0.4453572392879538;0.7776280936386932;0.620308554145577;0.9525794084963164];0.7788398837276075;0.25
2073;0.7476213764147837;0.31503399530327225;6;0.5656782861831443;[0.6584418085255728;0.22585442741406134;0.8368009443039945;0.40421356319248314];0.7728919039686221;0.25
2148;0.35615365139283384;0.4470448116626068;5;0.4524546726000479;[0.27329190714622786;0.3641830674160008;0.4390153956394398;0.5299065559092128];0.7797986694144341;0.25
9755;0.9374475423965665;0.49827389719168835;6;0.5989949540908137;[0.8490936112254659;0.4099199660205878;1.025801473567667;0.5866278283627889];0.777244349761939;0.25
6991;0.5728175859496631;0.39263478715459843;6;0.4370574682807624;[0.48679737395513606;0.30661457516007135;0.6588377979441903;0.4786549991491255];0.7774199749314539;0.25
4463;0.5548004730801586;0.9562025749149907;6;0.4366488834143031;[0.4669556762670501;0.8683577781018823;0.642645269893267;1.0440473717280991];0.7749901295732986;0.25
5966;0.7809743760185389;0.48096985345502113;6;0.5196828224989058;[0.6923769963957086;0.3923724738321908;0.8695717556413692;0.5695672330778514];0.7746068484356736;0.25
9684;0.34575407324564045;0.50620476815287;6;0.26482714435530774;[0.2594125586746314;0.41986325358186094;0.4320955878166495;0.592546282723879];0.7799664564996546;0.25
7188;0.41464815171407243;0.997331387267104;6;0.48500378152013773;[0.32178125359588894;0.9044644891489205;0.5075150498322559;1.0901982853852876];0.77902346558123;0.25
1544;0.5989836573684508;0.8550244376130359;6;0.5594985971142924;[0.5118438833745179;0.767884663619103;0.6861234313623837;0.9421642116069688];0.7752321263098073;0.25
5591;0.25373659676379934;0.8120349483075917;6;0.47232467771148096;[0.1672658078287787;0.725564159372571;0.34020738569882;0.8985057372426124];0.7738286987304043;0.25
2885;0.781505727568028;0.6974692538706123;6;0.44958917634025386;[0.6921199257424221;0.6080834520450064;0.870891529393634;0.7868550556962183];0.774582465520647;0.25
5439;0.7420506846437992;0.8560031739802827;6;0.5513823884676072;[0.6556976580810272;0.7696501474175108;0.8284037112065712;0.9423562005430546];0.7686019348536562;0.25
78;0.3374787345680633;0.819067808290221;6;0.6500480384436474;[0.24775326746326579;0.7293423411854234;0.4272042016728609;0.9087932753950185];0.771902223748078;0.25
6879;0.9747463045740303;0.38332077691477695;6;0.5984992986098696;[0.8821308460199299;0.2907053183606765;1.0673617631281307;0.4759362354688774];0.7761192103748271;0.25
5077;0.15447963596193448;0.3783774609637298;7;0.40119184589520207;[0.07004539464705975;0.29394321964885506;0.2389138772768092;0.4628117022786046];0.7734100798911063;0.25
5459;0.4123190565965904;0.6480622114622763;6;0.4913917735605565;[0.3274645658282913;0.5632077206939772;0.4971735473648895;0.7329167022305754];0.7817340682279673;0.25
9404;0.7830124323945014;0.1951477673066691;6;0.5643923403358506;[0.6977188168269277;0.10985415173909541;0.868306047962075;0.2804413828742428];0.7821391340254948;0.25
7710;0.17644435340565867;0.2700795344771367;6;0.44202991416148796;[0.09045022890314885;0.18408540997462686;0.2624384779081685;0.3560736589796465];0.7805032985489246;0.25
1904;0.9211266285749439;0.7341075365236887;6;0.5877066266394572;[0.8332022825960312;0.646183190544776;1.0090509745538565;0.8220318825026013];0.775994638159292;0.25
7495;0.9842520336348155;0.528808600522346;6;0.5371987733105587;[0.900969132435488;0.4455256993230186;1.067534934834143;0.6120915017216735];0.7708133908719653;0.25
5475;0.8999619187615542;0.16749367711543195;6;0.41269615369272045;[0.8138049257358163;0.08133668408969406;0.986118911787292;0.2536506701411698];0.7722519731755445;0.25
9129;0.1296122428725779;0.4767555968021909;7;0.5105482092468149;[0.04166114785946334;0.38880450178907633;0.21756333788569243;0.5647066918153054];0.7656757399240415;0.25
4841;0.7631575108747821;0.20414836545931397;6;0.5467110212693156;[0.6776139609640176;0.11860481554854943;0.8487010607855466;0.28969191537007855];0.7776534317215268;0.25
6026;0.01991955513363186;0.5033706882359692;6;0.3437949637207872;[-0.06898354180133462;0.41446759130100275;0.10882265206859834;0.5922737851709357];0.7790051079889787;0.25
2911;0.3410528621928205;0.983319209344941;5;0.3000082279959324;[0.2549084752598284;0.8971748224119489;0.4271972491258126;1.069463596277933];0.7777958971780391;0.25
8057;0.6593225722898873;0.29835035535613763;6;0.5329820901380045;[0.5681909473973725;0.20721873046362277;0.7504541971824021;0.3894819802486525];0.7756926707997461;0.25
6934;0.22184922196006363;0.590018435569225;6;0.4735044775214955;[0.1351705854583552;0.5033397990675166;0.30852785846177205;0.6766970720709333];0.7791227994100707;0.25
7477;0.7812839134560318;0.04835004561008832;6;0.5363444961258005;[0.6936867055877429;-0.03924716225820046;0.8688811213243206;0.1359472534783771];0.772139904966566;0.25
4291;0.642623622994517;0.5348946541846736;6;0.4709176506917735;[0.5586939597991268;0.45096499098928344;0.7265532861899072;0.6188243173800638];0.7752510554036985;0.25
9401;0.35678751895985195;0.8986000071374034;6;0.4270408398412602;[0.27190954290005515;0.8137220310776065;0.44166549501964875;0.9834779831972003];0.7715714601045012;0.25
3691;0.9596699889645262;0.2558997253872043;6;0.6013831692777785;[0.8743857052179299;0.170615441640608;1.0449542727111225;0.3411840091338006];0.7706836307998213;0.25
8444;0.23638505172276414;0.5585900629890149;6;0.5959072336104111;[0.14888456075607537;0.47108957202232615;0.3238855426894529;0.6460905539557037];0.7720390031015689;0.25
5382;0.7836773775370678;0.6263863514728765;5;0.5191306241257997;[0.6946417486779362;0.5373507226137448;0.8727130063961994;0.7154219803320081];0.7696199938055326;0.25
8020;0.4827044605427815;0.3559275865188769;6;0.35656763806860514;[0.39284234802169515;0.26606547399779057;0.5725665730638678;0.44578969903996324];0.7771305059883693;0.25
3453;0.5306513463806943;0.6831525771117561;6;0.549799468720478;[0.4430357487574681;0.5955369794885299;0.6182669440039206;0.7707681747349824];0.7828215697384016;0.25
520;0.7511044857117873;0.7896914550611327;6;0.4076982305975614;[0.6649205617343777;0.7035075310837231;0.8372884096891969;0.8758753790385423];0.7807900084224054;0.25
7862;0.9449098450168759;0.4855616646666967;6;0.6224303457335876;[0.8559747590213543;0.39662657867117507;1.0338449310123976;0.5744967506622183];0.7687883437992242;0.25
3536;0.6555596706527906;0.7687828366806138;6;0.2911136418817186;[0.5653666543472611;0.6785898203750842;0.7457526869583202;0.8589758529861433];0.7759402134212041;0.25
5631;0.6762303426304752;0.4952945499153421;6;0.6278966910503435;[0.5891433683847298;0.4082075756695967;0.7633173168762206;0.5823815241610875];0.7708964518864335;0.25
947;0.9178002100770335;0.6742672617421416;6;0.5012113427745534;[0.8288342152323926;0.5853012668975007;1.0067662049216743;0.7632332565867824];0.7669118670491537;0.25
5659;0.5828222755554489;0.026858169422737777;6;0.6263307136167653;[0.49779007718258256;-0.05817402895012852;0.6678544739283152;0.11189036779560407];0.7745068843550056;0.25
1147;0.8057925048895505;0.9981229579031716;5;0.39312381173868216;[0.7232800625836121;0.9156105155972333;0.8883049471954888;1.0806354002091099];0.7783049964746086;0.25
2252;0.34436486186167514;0.46619237290831583;6;0.638137795389772;[0.26024323535429633;0.382070746400937;0.42848648836905395;0.5503139994156947];0.7814310039859256;0.25
7742;0.6994164337000526;0.2533603154846194;6;0.5300116037491072;[0.61154670186862;0.16549058365318686;0.7872861655314851;0.34123004731605194];0.7765700172873126;0.25
2428;0.717939523054643;0.2695236834113833;6;0.6410037756559847;[0.6303842129122634;0.1819683732690036;0.8054948331970226;0.35707899355376294];0.7720767999525815;0.25
5316;0.3986440987302345;0.7927600515886443;6;0.4754513347955972;[0.31160379759386386;0.7057197504522736;0.4856843998666051;0.8798003527250149];0.7671755055126106;0.25
9888;0.6790692643063363;0.08984667357578213;6;0.6635485176270948;[0.5941065381631321;0.004883947432577945;0.7640319904495405;0.17480939971898632];0.7762310855739358;0.25
7457;0.7244006892728695;0.9196237275755514;6;0.32120193922736107;[0.634621784905845;0.8298448232085269;0.814179593639894;1.009402631942576];0.7779540156169358;0.25
2375;0.5715632663530035;0.6914000479772002;6;0.5358109736370318;[0.48374834255345445;0.6035851241776512;0.6593781901525525;0.7792149717767493];0.7803034151528432;0.25
6480;0.4882993806809216;0.2816175518810456;6;0.5818674759219344;[0.4024409363961866;0.19575910759631063;0.5741578249656566;0.3674759961657805];0.7727899843233084;0.25
4450;0.6514263611096563;0.6300455653966912;6;0.4128571368059431;[0.5630426791605724;0.5416618834476072;0.7398100430587403;0.7184292473457752];0.7683728386598269;0.25
9735;0.5454233191214974;0.2320405469549489;7;0.5119154051999705;[0.4590973347868303;0.14571456262028176;0.6317493034561646;0.31836653128961606];0.7769409222137869;0.25
3992;0.8794200081639095;0.3626457244653526;6;0.5956326848142862;[0.7902572850161689;0.273483001317612;0.9685827313116502;0.4518084476130932];0.7724728456687957;0.25
7018;0.6104574525204958;0.9151700078908345;6;0.4852571866525329;[0.521128607247509;0.8258411626178477;0.6997862977934826;1.0044988531638213];0.7793460464521477;0.25
1573;0.832996697496148;0.7014240727139052;6;0.4424596570806143;[0.7485601351587648;0.616987510376522;0.9174332598335312;0.7858606350512883];0.7719556456615445;0.25
5431;0.42661556662334377;0.07130626820915653;6;0.5067406202753274;[0.33519663564257357;-0.020112662771613665;0.518034497604114;0.16272519918992673];0.774511596191407;0.25
174;0.39580413990812874;0.34721796727251925;6;0.4710589071673335;[0.30671747336776367;0.2581313007321542;0.4848908064484938;0.4363046338128843];0.77029262908651;0.25
3282;0.9068060845962486;0.588933187950941;6;0.39858403931952374;[0.8241672673072221;0.5062943706619145;0.989444901885275;0.6715720052399674];0.7705763054903759;0.25
8102;0.7074130707473086;0.760473734796705;6;0.3664147527993574;[0.6188473967622319;0.6719080608116282;0.7959787447323854;0.8490394087817817];0.770287893416146;0.25
2639;0.9544290560971023;0.9480067878957021;6;0.48086479340424926;[0.8665744719558162;0.860152203754416;1.0422836402383884;1.0358613720369882];0.7797460382731639;0.25
1323;0.8373693124360939;0.4390753142471016;6;0.5484398839565772;[0.7492616263925296;0.3509676282035373;0.9254769984796583;0.5271830002906659];0.7716129651807913;0.25
3681;0.7078906007298934;0.1446346742941108;6;0.37674708412495805;[0.6199550711282951;0.0566991446925125;0.7958261303314917;0.23257020389570912];0.7798050074955553;0.25
8612;0.5384011280761096;0.8617274819521182;6;0.5468613002456469;[0.4497606896035531;0.7730870434795617;0.6270415665486662;0.9503679204246748];0.7695751660170644;0.25
8647;0.6580811367919759;0.7042786613770223;7;0.4778221263530086;[0.5696161925312232;0.6158137171162696;0.7465460810527286;0.792743605637775];0.774808260014248;0.25
8773;0.04682556071323485;0.164409424963667;6;0.4105640596207855;[-0.037722873939215196;0.07986099031121696;0.1313739953656849;0.24895785961611705];0.7747629147625713;0.25
2420;0.7798918020394746;0.4498935334411992;6;0.623184225360934;[0.6883928754880618;0.3583946068897864;0.8713907285908874;0.541392459992612];0.7721857928178548;0.25
9787;0.7677366140907749;0.5903372603963305;6;0.6344673080378807;[0.6803579075183719;0.5029585538239275;0.8551153206631779;0.6777159669687335];0.7758614742940828;0.25
6911;0.7565037867740145;0.9023593072963593;6;0.5875343373694605;[0.6669784805207459;0.8128340010430907;0.8460290930272831;0.9918846135496279];0.7682609792458753;0.25
1904;0.7987273265787561;0.13424872150673417;6;0.5877066266394572;[0.7064297045420338;0.04195109947001184;0.8910249486154784;0.22654634354345649];0.775994638159292;0.25
4394;0.5672652786964388;0.8351392510558178;6;0.5192654101704323;[0.4800120630461678;0.7478860354055468;0.65451849434671;0.9223924667060888];0.7704616243023019;0.25
2054;0.8029754614174897;0.13319113773778918;6;0.6604016145306376;[0.7136131173314137;0.04382879365171333;0.8923378055035656;0.22255348182386503];0.7720789856124749;0.25
9105;0.9417251226253931;0.5031715275734655;6;0.627079331324433;[0.8529599875973678;0.4144063925454402;1.0304902576534183;0.5919366626014908];0.7742059072555714;0.25
4211;0.630595192381032;0.8093275493184785;6;0.405862632703857;[0.5414297706306083;0.7201621275680548;0.7197606141314558;0.8984929710689022];0.7712766829410684;0.25
6673;0.6520670643008645;0.25223564660401604;6;0.5401892417098332;[0.5659355125904346;0.16610409489358618;0.7381986160112943;0.3383671983144459];0.7681515268406025;0.25
3800;0.8517092713796421;0.11776481490402613;6;0.5389803185326619;[0.7646351095354417;0.03069065305982567;0.9387834332238426;0.2048389767482266];0.7737539128058188;0.25
3045;0.8520495626318682;0.7957978507782648;6;0.6472223339082019;[0.7687782226191153;0.712526510765512;0.935320902644621;0.8790691907910176];0.7791014164127605;0.25
5061;0.7483940891601084;0.5714454948424595;6;0.5090582030085112;[0.6568099452873366;0.4798613509696878;0.8399782330328802;0.6630296387152312];0.7711558054539674;0.25
2234;0.596052399292861;0.28627889905809223;6;0.4313982901955056;[0.5065926276391206;0.19681912740435176;0.6855121709466014;0.3757386707118327];0.7719960180647042;0.25
7691;0.8167303626550139;0.8592503291276804;7;0.619849090148393;[0.7262201804257821;0.7687401468984486;0.9072405448842457;0.9497605113569122];0.7742200299259929;0.25
2394;0.8995759268383783;0.133886762503041;7;0.3903134358320933;[0.8125618865088753;0.04687272217353797;0.9865899671678813;0.220900802832544];0.7856659830669053;0.25
7799;0.9845763336922295;0.34361680387418536;6;0.555670636157981;[0.8946301749836711;0.253670645165627;1.074522492400788;0.43356296258274374];0.7754544016322662;0.25
2436;0.8439313552590706;0.29516081116185544;6;0.48077673796595677;[0.757089021677194;0.2083184775799789;0.9307736888409471;0.382003144743732];0.7806588317744121;0.25
8019;0.6409352579245092;0.2323417939527126;6;0.4768024647717449;[0.547058797272976;0.13846533330117933;0.7348117185760424;0.32621825460424586];0.7759102078985174;0.25
389;0.688214929932808;0.7662795245314289;6;0.533920023838033;[0.5996398502703366;0.6777044448689575;0.7767900095952793;0.8548546041939002];0.7810525860545503;0.25
8516;0.9508739592762306;0.8066378778096848;6;0.5357428341812007;[0.8609090412094467;0.7166729597429008;1.0408388773430146;0.8966027958764687];0.773704822776243;0.25
3627;0.6540882984306317;0.1653347494219759;6;0.3476498011143564;[0.5665689980168379;0.0778154490081822;0.7416075988444254;0.2528540498357696];0.7783804447834916;0.25
3387;0.9589551559078544;0.047223347891474365;6;0.44610215243467527;[0.8705702838202287;-0.04116152419615135;1.04734002799548;0.13560821997910008];0.7721843408345693;0.25
1297;0.4652221409504931;0.7293338915295502;6;0.3867163391649915;[0.37407317315654565;0.6381849237356028;0.5563711087444405;0.8204828593234976];0.763434059000318;0.25
5205;0.8906012822086226;0.08013748187178704;5;0.6330539845218661;[0.8005409970833756;-0.00992280325345997;0.9806615673338696;0.17019776699703404];0.77491122619013;0.25
2739;0.5999006438011588;0.6363330399432063;6;0.43305675261859333;[0.5110716224364157;0.5475040185784632;0.688729665165902;0.7251620613079495];0.7811265217084657;0.25
7809;0.6816794556984065;0.5539610697452737;6;0.4955345864831228;[0.5942144723936856;0.4664960864405529;0.7691444390031273;0.6414260530499946];0.7722203927618562;0.25
818;0.5267779086218183;9.316111154464846E-4;6;0.4220388682204773;[0.4370472563061833;-0.08879904120018851;0.6165085609374533;0.09066226343108148];0.7743354226576183;0.25
1736;0.8548561121091319;0.9131193739462438;6;0.4476917295261112;[0.766014373750491;0.8242776355876027;0.9436978504677729;1.0019611123048848];0.7794928215600216;0.25
4558;0.9554452611523616;0.3772169683239927;6;0.5244902478683304;[0.868113106146758;0.289884813318389;1.0427774161579653;0.4645491233295964];0.7779815996877611;0.25
1699;0.44374191945082364;0.3548388177647809;6;0.38109530921450896;[0.3589699806271117;0.27006687894106896;0.5285138582745356;0.4396107565884928];0.7801719789340067;0.25
8521;0.6519082242522063;0.6248793820949818;6;0.5898127289044554;[0.5636617872437183;0.5366329450864938;0.7401546612606943;0.7131258191034698];0.7729698150697523;0.25
8893;0.6405632257240886;0.25013442243618894;7;0.408260307730372;[0.551659505847133;0.16123070255923322;0.7294669456010443;0.33903814231314466];0.7697796131011585;0.25
9968;0.23177569189814762;0.22446547237328546;7;0.3829577322123818;[0.1460832051839234;0.13877298565906124;0.31746817861237187;0.31015795908750965];0.7724095271144251;0.25
7188;0.8658810000596862;0.5801672459066464;6;0.48500378152013773;[0.7783885330431326;0.49267477889009276;0.9533734670762397;0.6676597129232];0.77902346558123;0.25
8202;0.18666063810817102;0.839903383552023;6;0.43455670968009685;[0.10009746623512361;0.7533402116789756;0.2732238099812184;0.9264665554250704];0.7826846160688193;0.25
8661;0.31695018556987536;0.8582486631520898;6;0.4535983538516474;[0.23048656669479198;0.7717850442770064;0.4034138044449588;0.9447122820271732];0.767686309998446;0.25
4725;0.05802242240498812;0.9797982631473547;6;0.47060038118128;[-0.026345189793118118;0.8954306509492485;0.14239003460309435;1.064165875345461];0.7757285209383363;0.25
735;0.7600587770327554;0.33491566021199765;6;0.3243182059042423;[0.6713080259940708;0.24616490917331302;0.84880952807144;0.4236664112506823];0.7807905510356034;0.25
8205;0.16814793666004935;0.8562518592091194;5;0.4680370250963063;[0.08141047828461295;0.7695144008336829;0.25488539503548574;0.9429893175845558];0.7647844383154961;0.25
2730;0.8667376874668894;0.8984503622771076;6;0.334416472301567;[0.780900634254581;0.8126133090647992;0.9525747406791978;0.984287415489416];0.7772626389551641;0.25
9101;0.034671187120938085;0.44497786482410734;6;0.6128565750842583;[-0.053124866012004945;0.3571818116911643;0.12246724025388112;0.5327739179570503];0.7720406428610112;0.25
6311;0.8742912829832767;0.3934581951951872;6;0.490575690977804;[0.7850852843778054;0.3042521965897159;0.963497281588748;0.4826641938006585];0.7747576943771989;0.25
3551;0.5639933484254155;0.13388153947055714;6;0.5507938900396537;[0.4720074339843223;0.04189562502946395;0.6559792628665087;0.22586745391165033];0.7671777375218249;0.25
2237;0.9486422915144593;0.7957910383891844;6;0.5479928783329437;[0.8604548609965158;0.7076036078712409;1.0368297220324028;0.883978468907128];0.7734077000437853;0.25
8978;0.5374901912171864;0.39595421953344123;6;0.6918838669962253;[0.44794499656882725;0.30640902488508204;0.6270353858655456;0.4854994141818004];0.7649366123840992;0.25
1493;0.9488579526768294;0.7156471677985043;5;0.5522304079198465;[0.8598842592385383;0.6266734743602133;1.0378316461151205;0.8046208612367954];0.7753685114454341;0.25
6425;0.246636854999695;0.36785746413180787;5;0.559303915245706;[0.15674378373739745;0.2779643928695103;0.3365299262619926;0.45775053539410543];0.7739457187390979;0.25
4237;0.6600842045793824;0.6653608899364848;6;0.4469358369155;[0.5703574963454938;0.5756341817025962;0.7498109128132711;0.7550875981703734];0.7825840225860395;0.25
1907;0.4789642103600774;0.8604410327360645;6;0.4558229437526664;[0.3917986984029241;0.7732755207789112;0.5661297223172308;0.9476065446932179];0.7760382189033279;0.25
1589;0.9807722460644523;0.1937901857106043;6;0.4575349940226908;[0.8887118598134098;0.10172979945956181;1.0728326323154949;0.28585057196164676];0.7730685798854566;0.25
5781;0.8544832066868744;0.8278363923424363;6;0.4407375151254492;[0.7682000537052223;0.7415532393607842;0.9407663596685265;0.9141195453240885];0.771073845117117;0.25
3110;0.7660205727733389;0.6305334769766071;6;0.5273214441121847;[0.6807077031903715;0.5452206073936398;0.8513334423563063;0.7158463465595745];0.7782187927168426;0.25
1572;0.5233945143451937;0.9719834503715397;6;0.5305132624672598;[0.43538643423924916;0.8839753702655951;0.6114025944511382;1.0599915304774843];0.774947613955485;0.25
2479;0.4159632988652501;0.6745007230875515;6;0.559429046218694;[0.32721490229028277;0.5857523265125841;0.5047116954402173;0.7632491196625188];0.767513045810075;0.25
265;0.3980584509344766;0.04232109362591874;6;0.3582393319025947;[0.3100305693362776;-0.045706787972280255;0.48608633253267564;0.13034897522411773];0.7725164569675657;0.25
6964;0.3493881951962851;0.39050171192863337;6;0.43938359918279635;[0.25965451830962566;0.3007680350419739;0.43912187208294456;0.4802353888152928];0.772820946336238;0.25
3952;0.3194159724207953;0.8487020840344921;6;0.3346892056956601;[0.22987357208989095;0.7591596837035878;0.4089583727516996;0.9382444843653964];0.7767719819130251;0.25
3220;0.6625797371903688;0.4308519003283733;6;0.6663458517444645;[0.5761897185810012;0.34446188171900577;0.7489697557997363;0.5172419189377409];0.7679459753659903;0.25
1031;0.8716448779830602;0.38537219518066523;6;0.5544419479429611;[0.7832969931616893;0.29702431035929433;0.9599927628044311;0.47372008000203614];0.7730677971226592;0.25
8624;0.21848996685704197;0.07231982863302411;6;0.625642314852634;[0.1285587421731052;-0.017611396050912664;0.30842119154097875;0.16225105331696088];0.7734870011314423;0.25
3170;0.4957376332779912;0.7330906784366676;6;0.3875560494799224;[0.40961004479852725;0.6469630899572036;0.5818652217574551;0.8192182669161316];0.771835193403098;0.25
5899;0.6331876695457229;0.8910572837038246;7;0.5980654711029764;[0.5466891110533229;0.8045587252114246;0.719686228038123;0.9775558421962247];0.7714346553015042;0.25
146;0.11803743660276306;0.992766243083697;6;0.4751930908863494;[0.02800661693753695;0.9027354234184709;0.20806825626798917;1.0827970627489232];0.7777647221857414;0.25
565;0.5075760540869794;0.34310642310983386;6;0.5615536778921576;[0.4130194632380799;0.2485498322609344;0.6021326449358788;0.4376630139587333];0.7746051939507231;0.25
4401;0.4791234886502884;0.42051585278537107;6;0.6584375021753338;[0.3919101513144354;0.33330251544951806;0.5663368259861414;0.5077291901212241];0.7669129622037983;0.25
6366;0.024945793149797946;0.05430310947735795;6;0.6854850590490635;[-0.06511749731925884;-0.03576018099169884;0.11500908361885473;0.14436639994641473];0.772914851411942;0.25
1314;0.36123480806934455;0.4257381049177059;6;0.6551993349126739;[0.2731180364659001;0.3376213333142615;0.449351579672789;0.5138548765211504];0.7650034598051918;0.25
7819;0.7741275501628329;0.2746772563886514;6;0.4560307784223284;[0.6883296155778699;0.18887932180368844;0.8599254847477958;0.3604751909736144];0.773983430599312;0.25
3059;0.16459929534885975;0.9134648570770836;6;0.6204220672641735;[0.07473809607133211;0.8236036577995559;0.2544604946263874;1.0033260563546111];0.77703418332983;0.25
7935;0.7305426217549547;0.757291275085683;6;0.6310829647561003;[0.6455959194018431;0.6723445727325714;0.8154893241080662;0.8422379774387945];0.7785284901330779;0.25
3128;0.361308262858457;0.7139509070144731;6;0.5617210542660802;[0.27013206684187185;0.6227747109978878;0.4524844588750422;0.8051271030310583];0.7697749300744234;0.25
6013;0.7001817188569315;0.649773968024037;5;0.3994652491429558;[0.6151848693299392;0.5647771184970447;0.7851785683839237;0.7347708175510292];0.7787936120057386;0.25
3507;0.18844060149176373;0.3697469612206288;6;0.5683934486892391;[0.09998699442901758;0.28129335415788265;0.27689420855450986;0.4582005682833749];0.7759739306331561;0.25
7751;0.279683594907274;0.07737972043913499;6;0.34367101734804806;[0.18923569224281994;-0.01306818222531908;0.3701314975717281;0.16782762310358906];0.7724945126226865;0.25
686;0.6561692927669466;0.18678446975308782;6;0.6026279598415744;[0.569644558782035;0.10025973576817626;0.7426940267518581;0.2733092037379994];0.7837710946463619;0.25
2941;0.6362136282969575;0.7442872635243755;6;0.33842687974805463;[0.5472433260353132;0.6553169612627312;0.7251839305586018;0.8332575657860197];0.770287176674426;0.25
6290;0.02963690622383741;0.4238386668705242;6;0.6425752426956867;[-0.05894732232149176;0.335254438325195;0.11822113476916658;0.5124228954158534];0.7771630549365651;0.25
6363;0.9368551016248534;0.7033074661460282;7;0.5505288706236481;[0.8557075782981501;0.622159942819325;1.0180026249515568;0.7844549894727315];0.7724697868997638;0.25
5801;0.6217743586126397;0.7850174587048503;6;0.509779162414105;[0.53356434405683;0.6968074441490405;0.7099843731684495;0.8732274732606601];0.7757401010915991;0.25
1636;0.4961100926758357;0.9230423411480781;6;0.46808503187758715;[0.4071224547619545;0.834054703234197;0.5850977305897169;1.0120299790619594];0.7729235161409995;0.25
3704;0.24365706905133838;0.22484616440983396;6;0.7035725226534101;[0.1589055997898955;0.14009469514839107;0.3284085383127813;0.30959763367127685];0.7732151786062513;0.25
3587;0.8451241750247769;0.5891698014083965;5;0.5818522542382013;[0.7665636589620723;0.5106092853456919;0.9236846910874814;0.667730317471101];0.781509089646244;0.25
4469;0.09303715830778803;0.47611400565521;6;0.5178183341654627;[0.0030512171449181003;0.38612806449234005;0.18302309947065795;0.56609994681808];0.7766556869539111;0.25
2277;0.6572943600168872;0.25698486007728066;6;0.5158829294244914;[0.567697630953683;0.16738813101407635;0.7468910890800915;0.346581589140485];0.7754198135831554;0.25
6489;0.163730702310103;0.9674853711964071;6;0.6867128943367886;[0.0761175227668962;0.8798721916532003;0.2513438818533098;1.055098550739614];0.7815489464756599;0.25
1942;0.7058868530272682;0.5549467317370441;6;0.513864840291279;[0.6159130435271197;0.4649729222368956;0.7958606625274166;0.6449205412371926];0.7807536712515257;0.25
6565;0.058376320880626165;0.7462808076074035;6;0.3723339794643741;[-0.02857679073954239;0.659327695987235;0.14532943250079472;0.833233919227572];0.7798275670900474;0.25
3794;0.21941899931940673;0.5469998463763514;6;0.47574683978966487;[0.13199901829894267;0.4595798653558873;0.3068389803398708;0.6344198273968154];0.7638946224987015;0.25
388;0.8104785814988689;0.3681039211815561;6;0.5086276156975428;[0.7169161902689788;0.27454152995166603;0.9040409727287589;0.4616663124114462];0.7752283507692486;0.25
5637;0.39061744276656973;0.8004630335759825;6;0.49964827407351886;[0.30578128529149684;0.7156268761009096;0.4754536002416426;0.8852991910510554];0.77806195295403;0.25
8826;0.9401683532152139;0.8091018617863107;6;0.6250382318324196;[0.8508737953044827;0.7198073038755796;1.029462911125945;0.8983964196970419];0.7754721537937608;0.25
4841;0.6720781002973987;0.21981246089944873;6;0.5467110212693156;[0.5815658896252854;0.1293002502273355;0.7625903109695119;0.31032467157156196];0.7776534317215268;0.25
2302;0.036543166923632686;0.8201555586966385;6;0.266718152021383;[-0.04720826608553394;0.7364041256874718;0.12029459993279931;0.9039069917058051];0.7719039832197472;0.25
5482;0.5434651403778343;0.16438585959240293;6;0.4444454180493334;[0.4538215417198666;0.0747422609344352;0.6331087390358021;0.25402945825037065];0.7731533325138182;0.25
9320;0.6338871491511836;0.4588209830658896;6;0.45710674888943414;[0.5503677684556879;0.37530160237039395;0.7174065298466793;0.5423403637613853];0.7759470674938215;0.25
7174;0.23882975183784177;0.8047190835264577;6;0.4093442071306774;[0.15092882824579798;0.7168181599344139;0.32673067542988554;0.8926200071185015];0.7805493349550967;0.25
2748;0.016400630297928154;0.39007795977367155;6;0.4405681207629948;[-0.06937758260645477;0.3042997468692886;0.10217884320231108;0.47585617267805447];0.7681702454950127;0.25
4537;0.6178766999241043;0.7247056095552189;6;0.588984247265743;[0.5282346875060537;0.6350635971371683;0.7075187123421549;0.8143476219732695];0.766367312392869;0.25
4463;0.6007717333476791;0.056299554456853085;6;0.4366488834143031;[0.512872280159249;-0.03159989873157694;0.6886711865361091;0.1441990076452831];0.7749901295732986;0.25
8706;0.3528434387267468;0.7251918930667534;6;0.5327831275194579;[0.2628610722998184;0.635209526639825;0.44282580515367514;0.8151742594936817];0.766110799259565;0.25
241;0.8189780243418439;0.06273885847766958;6;0.40746810234661746;[0.7324844336752706;-0.023754732188903685;0.9054716150084171;0.14923244914424283];0.7735268204512019;0.25
4715;0.21604384330358883;0.6678865434795237;6;0.49820778733570137;[0.1290201730261617;0.5808628732020966;0.30306751358101597;0.7549102137569508];0.777954949136902;0.25
9500;0.5103311740247438;0.6137956299571828;6;0.44785017751117956;[0.4245885967246821;0.5280530526571211;0.5960737513248056;0.6995382072572446];0.771834552563957;0.25
8294;0.29554963294116626;0.6562222962749394;6;0.3816288208792302;[0.20385754453312402;0.5645302078668972;0.38724172134920853;0.7479143846829817];0.7829219111118024;0.25
9783;0.43955191709130825;0.6741658506169443;6;0.39341224620767357;[0.3526483381050038;0.5872622716306398;0.5264554960776128;0.7610694296032489];0.774149835563333;0.25
5083;0.9502219428197578;0.3472281858186695;6;0.3287905967769129;[0.8590564209206619;0.25606266391957366;1.0413874647188537;0.4383937077177653];0.7772156582925346;0.25
2785;0.0685379988045196;0.5188453703709592;6;0.32343597419690295;[-0.016345670339684315;0.4339617012267553;0.15342166794872353;0.6037290395151631];0.7744568818100964;0.25
7500;0.41369239313776984;0.45451530135350365;5;0.5462121104175472;[0.3251408894749515;0.3659637976906853;0.5022438968005882;0.543066805016322];0.7783649528158546;0.25
2142;0.6875793230023168;0.6041453960986117;6;0.5357092653422146;[0.5995585865045929;0.5161246596008877;0.7756000595000407;0.6921661325963357];0.7818434292848325;0.25
5750;0.2713039795174278;0.8583679461976218;6;0.5688254885670437;[0.1820071208117481;0.7690710874919421;0.3606008382231075;0.9476648049033015];0.7732901803291603;0.25
836;0.465310846597417;0.17182179764682548;7;0.5955947769040393;[0.37823753078472167;0.08474848183413011;0.5523841624101123;0.2588951134595209];0.772739662519799;0.25
8122;0.6567119805639748;0.5696108961025692;6;0.5900893144290749;[0.5699620808888014;0.48286099642739577;0.7434618802391483;0.6563607957777426];0.7722858919334196;0.25
1045;0.5526700964353822;0.7348225877231432;6;0.4474630077782442;[0.46140730495507976;0.6435597962428408;0.6439328879156847;0.8260853792034457];0.7676905075868371;0.25
5826;0.4004836714792608;0.48641367113513057;6;0.4454494095571756;[0.3103385756140908;0.39626857526996057;0.4906287673444308;0.5765587670003006];0.7752562204964939;0.25
40;0.30574096727731476;0.3945551799205905;6;0.652316101391742;[0.2186743504081313;0.30748856305140704;0.3928075841464982;0.481621796789774];0.7735679918201877;0.25
8134;0.9644420161581939;0.6133035472646862;6;0.3544343339006679;[0.8753687805865368;0.524230311693029;1.0535152517298512;0.7023767828363433];0.7727196863381568;0.25
2383;0.8239248593382003;0.8353625532989812;6;0.39516922113131214;[0.7347332323539324;0.7461709263147134;0.9131164863224681;0.9245541802832491];0.7627872696899684;0.25
7311;0.0951676294063204;0.9403419333949716;6;0.6051823619655975;[0.007493354834395269;0.8526676588230465;0.1828419039782455;1.0280162079668969];0.7754733883047297;0.25
5365;0.6939464365576493;0.8253660366892104;6;0.5284360740059342;[0.6082123924676291;0.7396319925991902;0.7796804806476695;0.9111000807792305];0.7823877569114847;0.25
9717;0.8064021107726731;0.5036790645641668;6;0.5019417844758262;[0.7158996835014169;0.4131766372929106;0.8969045380439293;0.594181491835423];0.7732711540003134;0.25
813;0.7672411296876652;0.4063458514712609;6;0.3864188767164999;[0.6790785251283263;0.318183246911922;0.8554037342470041;0.4945084560305998];0.7774761936243237;0.25
6477;0.6101193051459567;0.9865505079137807;6;0.46003229246553945;[0.5225967751685239;0.8990279779363479;0.6976418351233895;1.0740730378912136];0.7767525604197294;0.25
542;0.6810383753915707;0.469797940447914;6;0.5549477360924365;[0.5933659950528537;0.38212556010919696;0.7687107557302878;0.5574703207866311];0.7814313346013686;0.25
5296;0.47594670737020345;0.23569974793876436;6;0.38156537046188616;[0.391747302608265;0.15150034317682592;0.5601461121321418;0.3198991527007028];0.7757751792346183;0.25
1695;0.5939850192988418;0.2993227553550482;6;0.6213020663107709;[0.5078757667359509;0.2132135027921573;0.6800942718617328;0.3854320079179391];0.7862094344541642;0.25
6986;0.3122522636604778;0.3204445071158336;6;0.5696120344628159;[0.22703935093248204;0.23523159438783783;0.39746517638847356;0.4056574198438294];0.7688001080171337;0.25
1712;0.34815477072849493;0.42040265898269447;6;0.6813130187698212;[0.25842454825077843;0.33067243650497796;0.43788499320621144;0.5101328814604109];0.7799850315768119;0.25
6905;0.3675092908163825;0.9384320806564397;6;0.42278560922585723;[0.27667012882766473;0.8475929186677219;0.4583484528051003;1.0292712426451573];0.7842990402469696;0.25
2540;0.8373295945635805;0.7898165493584278;6;0.4585180596566261;[0.7466730499682148;0.6991600047630622;0.9279861391589461;0.8804730939537935];0.7675900934671545;0.25
6413;0.9413639840524757;0.5153539275924275;6;0.49447534786146685;[0.8513148231253522;0.42530476666530403;1.0314131449795991;0.6054030885195509];0.7741762795719654;0.25
