4683;0.543180223151516;0.21443524204417763;6;0.7186792970836412;[0.45461539637675585;0.12587041526941745;0.6317450499262762;0.3030000688189378];0.7697646661208952;0.25
4532;0.9490605776583607;0.6202244731424258;6;0.489231104196253;[0.8654108280711547;0.5365747235552197;1.0327103272455667;0.7038742227296318];0.7761318909098675;0.25
3829;0.09957391769552004;0.7449406636757535;6;0.333527834325145;[0.016044192720026232;0.6614109387002597;0.18310364267101387;0.8284703886512473];0.7786124296058742;0.25
2070;0.25731388956012385;0.2728221459432767;6;0.40114532434154426;[0.17344560267482512;0.18895385905797796;0.3411821764454226;0.35669043282857543];0.7715198033848731;0.25
8113;0.9498516887691367;0.9121002961511692;6;0.5870781367344386;[0.8565214417767084;0.8187700491587409;1.043181935761565;1.0054305431435975];0.7774426754720879;0.25
6222;0.6319309094280307;0.41147056649139013;6;0.5160906968928601;[0.5470195762163574;0.326559233279717;0.7168422426397039;0.4963818997030633];0.7808267438007784;0.25
14;0.15243566813639892;0.5289406440287426;6;0.4553028926821884;[0.06483263725776146;0.44133761315010517;0.24003869901503638;0.61654367490738];0.7685275082713373;0.25
3350;0.6572777817491104;0.7537105367284445;6;0.6296596553951533;[0.5680754361714278;0.6645081911507618;0.7464801273267931;0.8429128823061272];0.7701397387601179;0.25
8374;0.45484607449992354;0.6267894867041539;6;0.5506034619626652;[0.37153678662057765;0.543480198824808;0.5381553623792694;0.7100987745834998];0.7746372788719499;0.25
8452;0.6920628675027973;0.9398712169748723;6;0.5277506060254886;[0.603520141284359;0.851328490756434;0.7806055937212356;1.0284139431933106];0.773019008985059;0.25
4214;0.55044295699327;0.6908632160664429;6;0.4291689410373284;[0.4643149739172203;0.6047352329903932;0.6365709400693196;0.7769911991424925];0.7722250889710368;0.25
1998;0.43401773912189;0.5687560042261343;7;0.48253227220863515;[0.35021698834564385;0.4849552534498881;0.5178184898981362;0.6525567550023804];0.7869076304882157;0.25
1923;0.4910043420357641;0.22208311308722983;6;0.5397007362997424;[0.4025919277678557;0.1336706988193214;0.5794167563036725;0.3104955273551383];0.7793294447062641;0.25
2588;0.568376765356365;0.6426349328956161;6;0.45324353327617756;[0.4794992083631279;0.5537573759023791;0.6572543223496021;0.7315124898888532];0.7769335548237328;0.25
8489;0.7331082454260444;0.756634871688454;5;0.3681546772120929;[0.6441965560837555;0.6677231823461651;0.8220199347683332;0.8455465610307429];0.7741597782362287;0.25
1120;0.6616047810202477;0.9349830656171404;6;0.4385856934080825;[0.5764840695750699;0.8498623541719625;0.7467254924654254;1.0201037770623183];0.7727743005100196;0.25
2846;0.4584879485388701;0.4780161452165712;5;0.5646993567862425;[0.3697557283463644;0.3892839250240655;0.5472201687313758;0.5667483654090769];0.7766967737759861;0.25
6611;0.8642864187487519;0.32582618650780487;6;0.45915103488638737;[0.7773642457531975;0.23890401351225055;0.9512085917443063;0.4127483595033592];0.7783883364126623;0.25
5701;0.5073458687156559;0.7089822703812381;6;0.5698952236267135;[0.42003116939425306;0.6216675710598352;0.5946605680370588;0.796296969702641];0.7753421680730581;0.25
9154;0.9615487998385173;0.4501466606106115;6;0.38280340868271734;[0.8736758630409891;0.3622737238130833;1.0494217366360454;0.5380195974081396];0.7752955074706811;0.25
3850;0.22389508751525494;0.7669117704115673;6;0.28990156637877484;[0.1370979991821214;0.6801146820784337;0.3106921758483885;0.8537088587447009];0.7773549734470359;0.25
8862;0.25032584342769704;0.26802900033793503;6;0.5228401804656375;[0.1598041465693134;0.1775073034795514;0.34084754028608066;0.35855069719631866];0.7679618518585989;0.25
5984;0.34208667969589496;0.8754467866874115;6;0.4527325924203345;[0.2552920556828294;0.7886521626743459;0.4288813037089605;0.9622414107004771];0.779464867566823;0.25
7923;0.8025316218223729;0.6863439004565373;7;0.4636944537548602;[0.7150699304480141;0.5988822090821785;0.8899933131967317;0.773805591830896];0.7780928059309227;0.25
8253;0.15217306909989742;0.5182479644392176;6;0.588876346852023;[0.06410217225931683;0.43017706759863705;0.240243965940478;0.6063188612797982];0.7648847866929068;0.25
444;0.6872414135099323;0.30157281632025745;6;0.44666279584145646;[0.6007298890976862;0.21506129190801132;0.7737529379221784;0.3880843407325036];0.783197587907292;0.25
2571;0.3048395375383478;0.8276374687491723;6;0.45329741402287616;[0.2159351686245634;0.7387330998353879;0.3937439064521322;0.9165418376629567];0.7715963893934731;0.25
9336;0.20640709576172306;0.5097128204462228;6;0.6249460638338467;[0.11973247398528504;0.42303819866978476;0.2930817175381611;0.5963874422226608];0.7800671203196343;0.25
2406;0.5561852064139323;0.8918977199811812;6;0.6142347294109136;[0.46968565468397483;0.8053981682512237;0.6426847581438898;0.9783972717111387];0.7786639292783175;0.25
3705;0.5484733390494302;0.20706086507757637;6;0.46450646804562756;[0.46555591922145545;0.12414344524960161;0.6313907588774049;0.2899782849055511];0.7778341740817123;0.25
575;0.6448772144839223;0.7998536284780601;6;0.505777627624296;[0.560374988643997;0.7153514026381348;0.7293794403238476;0.8843558543179854];0.7667028487207749;0.25
7008;0.37909422108492596;0.26481719852136415;6;0.6461120640061441;[0.29130341073336713;0.17702638816980532;0.4668850314364848;0.352608008872923];0.7760484355302495;0.25
3778;0.7895953792292622;0.27956448453453697;6;0.6184501295935854;[0.7056585068187664;0.19562761212404117;0.8735322516397579;0.36350135694503277];0.7810984550030421;0.25
6053;0.909207761893813;0.6574027913446078;6;0.5099541667954546;[0.8195181817793564;0.5677132112301511;0.9988973420082696;0.7470923714590645];0.778225010015905;0.25
9853;0.8857679260981532;0.6871715939249116;6;0.41240850319725;[0.7996511661553994;0.6010548339821578;0.971884686040907;0.7732883538676654];0.7755140190723113;0.25
166;0.7962579378148478;0.6735871781940915;6;0.5579274976822133;[0.7111419092155045;0.5884711495947483;0.8813739664141911;0.7587032067934347];0.781715104765592;0.25
8225;0.7720455462762374;0.7289288225769095;6;0.451293392508398;[0.6849742636649361;0.6418575399656081;0.8591168288875388;0.8160001051882109];0.7738951329371362;0.25
2223;0.2657652819934581;0.08405099331769816;6;0.4648268181277388;[0.17672766714513033;-0.004986621530629606;0.3548028968417859;0.17308860816602595];0.776953335171905;0.25
4878;0.6637668433913023;0.8459191907121403;6;0.35321780416530224;[0.5749623802276865;0.7571147275485245;0.7525713065549181;0.9347236538757561];0.7684042575773721;0.25
405;0.5504223725950252;0.7208092944705742;7;0.5466747012060849;[0.4626136807229562;0.6330006025985052;0.6382310644670942;0.8086179863426431];0.7832989117682271;0.25
8521;0.4318334169802168;0.41826548437693567;6;0.5898127289044554;[0.3448792287310918;0.33131129612781063;0.5187876052293419;0.5052196726260607];0.7729698150697523;0.25
7023;0.28252550725173314;0.21986656663393433;7;0.4834160380079197;[0.1965491073675507;0.1338901667497519;0.3685019071359156;0.30584296651811677];0.7795655346840185;0.25
8816;0.5897373579698774;0.9054117013818173;6;0.5984943932174308;[0.5033827331397734;0.8190570765517133;0.6760919827999813;0.9917663262119212];0.7741486220230446;0.25
8804;0.4026498067298417;0.4793759419994467;6;0.5775652313160624;[0.31499948652784315;0.3917256217974482;0.4903001269318402;0.5670262622014453];0.7750599921045287;0.25
6306;0.40445776204790634;0.6744148657452116;6;0.4495697724550265;[0.31557970584077993;0.5855368095380852;0.49333581825503275;0.763292921952338];0.7828666607117878;0.25
7559;0.5832075296779541;0.4348697166485884;6;0.59448310329455;[0.4958697974881479;0.34753198445878225;0.6705452618677603;0.5222074488383945];0.7633745796242235;0.25
7193;0.6065181942156552;0.9998619986912816;6;0.7087416471333959;[0.5248156537375438;0.9181594582131701;0.6882207346937667;1.0815645391693929];0.7823175124609452;0.25
1856;0.6574289887849913;0.8211104651193528;6;0.500321875153045;[0.5704246173488317;0.7341060936831931;0.744433360221151;0.9081148365555125];0.7759327551200491;0.25
3799;0.521873214438791;0.853459220895984;6;0.6676804748448946;[0.4347258029335665;0.7663118093907595;0.6090206259440154;0.9406066324012086];0.7762851490957127;0.25
8765;0.5404682090573252;0.7049746360855517;6;0.4364045069804551;[0.451731507678044;0.6162379347062705;0.6292049104366064;0.7937113374648328];0.7769002915652312;0.25
7935;0.5065942662299026;0.4396554811942045;6;0.6310829647561003;[0.41670761717809096;0.3497688321423929;0.5964809152817142;0.5295421302460162];0.7785284901330779;0.25
2565;0.4197606770968136;0.8869037479342362;6;0.545357846837058;[0.33686661988542127;0.8040096907228439;0.502654734308206;0.9697978051456285];0.7745431345704129;0.25
164;0.2611404080714708;0.40831340460078097;6;0.6491535378756947;[0.17118940295811338;0.3183623994874235;0.3510914131848283;0.49826440971413843];0.7779677065337375;0.25
9177;0.7244575580085936;0.8039032499345757;6;0.461509489719597;[0.6352262282888478;0.71467192021483;0.8136888877283394;0.8931345796543215];0.7743832957282935;0.25
7748;0.5798834536080879;0.8031096845111374;6;0.4904621676578903;[0.4923627694421415;0.715589000345191;0.6674041377740343;0.8906303686770838];0.785788381964613;0.25
6323;0.8294656314807166;0.2564734118831352;6;0.5690240334569237;[0.7451146431731792;0.17212242357559787;0.913816619788254;0.34082440019067256];0.7685459146002062;0.25
1012;0.48258258169681645;0.10561318861557067;6;0.4095872434077582;[0.39438966930665703;0.017420276225411258;0.5707754940869758;0.1938061010057301];0.7671392308160562;0.25
7702;0.904841649727286;0.4817003799662405;6;0.3141840052650082;[0.8182970440647094;0.39515577430366394;0.9913862553898626;0.5682449856288171];0.7738804684309863;0.25
7804;0.3386089322588753;0.26682662293549847;6;0.4601902702837087;[0.2528531270201707;0.18107081769679392;0.42436473749757986;0.35258242817420304];0.7760123183667716;0.25
5801;0.9407593323752652;0.43087259381782117;6;0.509779162414105;[0.8544461066039892;0.3445593680465452;1.0270725581465412;0.5171858195890972];0.7757401010915991;0.25
2938;0.8425555272520248;0.9946283533334881;6;0.5768831412522142;[0.7546560904393891;0.9067289165208524;0.9304549640646604;1.0825277901461237];0.7797735773451435;0.25
1769;0.7098390461066452;0.3102789316804263;6;0.5119175977904823;[0.6211958484089593;0.2216357339827404;0.7984822438043311;0.3989221293781122];0.7746784875634843;0.25
9483;0.7822954912131816;0.07544068896671363;6;0.42158127494932773;[0.6933078470728662;-0.013546955173601827;0.8712831353534971;0.1644283331070291];0.7660751632288602;0.25
1402;0.5172168464195848;0.877094647308594;6;0.20193347521302968;[0.427490470441157;0.7873682713301662;0.6069432223980125;0.9668210232870218];0.7641687206176945;0.25
9198;0.7267679116181003;0.48082201654520984;6;0.5314132360318531;[0.639591048463199;0.3936451533903086;0.8139447747730015;0.5679988797001111];0.7719449658105144;0.25
6363;0.9898073614079171;0.2303464733724379;7;0.5505288706236481;[0.9072067999871697;0.14774591195169043;1.0724079228286647;0.3129470347931854];0.7724697868997638;0.25
5111;0.7704667318905853;0.050540112841943596;6;0.5127551256673814;[0.6836228056827914;-0.036303813365850326;0.8573106580983793;0.1373840390497375];0.7758470482751999;0.25
8341;0.5489569450208351;0.21982894924023388;7;0.44101936343673653;[0.4609128525509601;0.13178485677035884;0.6370010374907102;0.30787304171010893];0.7806809604654756;0.25
2480;0.6868477179328495;0.5174726742014921;6;0.49324104856371725;[0.6023619222635623;0.4329868785322049;0.7713335136021366;0.6019584698707794];0.7845766871987664;0.25
2336;0.28946650440907656;0.5421275945726226;6;0.35573753101528516;[0.20619957269745043;0.45886066286099647;0.3727334361207027;0.6253945262842487];0.7794534152611035;0.25
748;0.7655792961067031;0.5711804931168523;6;0.6199399070815663;[0.6784432798754594;0.4840444768856086;0.8527153123379467;0.6583165093480959];0.7706782165818269;0.25
4967;0.8854598058913323;0.9419648315376252;6;0.6033698328003849;[0.7993439517217025;0.8558489773679954;0.9715756600609622;1.028080685707255];0.777711848269314;0.25
4773;0.39950011152128084;0.1844155400311736;6;0.43980340966642634;[0.31384400839963855;0.0987594369095313;0.48515621464292313;0.2700716431528159];0.7781318043701332;0.25
6189;0.344075350466347;0.377756261022342;6;0.5017696167947803;[0.25784727485347503;0.29152818540947;0.430303426079219;0.463984336635214];0.7826970914880839;0.25
48;0.8540851716236266;0.508847121608531;6;0.3517771095634211;[0.7696047980724992;0.42436674805740354;0.9385655451747541;0.5933274951596583];0.7748409743368445;0.25
7558;0.7809904192643828;0.9648028975718203;6;0.4735117138717384;[0.6976793427036172;0.8814918210110546;0.8643014958251485;1.048113974132586];0.7786959341860247;0.25
1111;0.7245268498236912;0.4863302881567136;6;0.4629958535591943;[0.6333167180947044;0.3951201564277267;0.815736981552678;0.5775404198857005];0.7735940576188405;0.25
5341;0.20016866631674785;0.9496870147985815;6;0.5052886165968985;[0.11507093932760729;0.864589287809441;0.28526639330588843;1.034784741787722];0.7760488876176845;0.25
2986;0.4293833873634676;0.9064513710325285;6;0.3741855148286918;[0.3445256074168678;0.8215935910859287;0.5142411673100674;0.9913091509791283];0.7769539733618173;0.25
8986;0.8828958896043462;0.18636245745511282;6;0.5011818878510028;[0.7905117613636542;0.09397832921442088;0.9752800178450381;0.27874658569580474];0.7660298155516485;0.25
1639;0.6357826795756991;0.4923931961238117;6;0.3975221654801774;[0.5465266293562229;0.40313714590433547;0.7250387297951754;0.581649246343288];0.7738705937708042;0.25
9586;0.1213450901245221;0.9830437586470656;6;0.5394477477488593;[0.03450246233763063;0.8962011308601742;0.20818771791141358;1.0698863864339572];0.7718325486308075;0.25
6855;0.35105286897055993;0.3904060878746653;6;0.5166840095539106;[0.26520654603887484;0.3045597649429802;0.436899191902245;0.4762524108063504];0.7740816307705781;0.25
2177;0.8993353468859496;0.7215563979687981;6;0.3971968166672328;[0.8123411799540885;0.634562231036937;0.9863295138178108;0.8085505649006592];0.7798692924327809;0.25
7928;0.493836011608648;0.26087323673969737;6;0.4284182611721149;[0.4073117836269275;0.17434900875797688;0.5803602395903684;0.34739746472141786];0.7634782963031558;0.25
9543;0.22951289292309163;0.3759493788711785;6;0.48803644803744806;[0.14720373368387446;0.29364021963196135;0.3118220521623088;0.4582585381103957];0.7797774084239936;0.25
116;0.2691689368493511;0.5004047216635662;6;0.4246910739601638;[0.18021637719886804;0.4114521620130831;0.35812149649983416;0.5893572813140493];0.7666794275098222;0.25
8823;0.6300237050926717;0.9942046901460345;6;0.6731457589542866;[0.540676939124832;0.9048579241781948;0.7193704710605114;1.0835514561138744];0.7702442031177243;0.25
8930;0.8857175031613687;0.9687035507417439;6;0.470064285524867;[0.7976762185737979;0.8806622661541731;0.9737587877489394;1.0567448353293147];0.7713948002907905;0.25
2675;0.16254705238627254;0.18082404873697616;6;0.48619101087281535;[0.07181019847488157;0.09008719482558519;0.2532839062976635;0.27156090264836713];0.7772364071363557;0.25
2243;0.6257368477614069;0.07035153054145071;6;0.631168716617843;[0.5377504775595437;-0.01763483966041242;0.7137232179632701;0.15833790074331383];0.7753032906037257;0.25
358;0.2898087470669696;0.47644352633423126;7;0.4635284535139599;[0.1996331228783861;0.38626790214564777;0.37998437125555307;0.5666191505228148];0.7839354840840673;0.25
6295;0.7510419857520596;0.5435308591147375;6;0.6458464810803287;[0.6678930120333869;0.46038188539606484;0.8341909594707323;0.6266798328334102];0.7720123193896327;0.25
278;0.20679115006083176;0.8459193622462156;6;0.6073937357502153;[0.1183696746872073;0.7574978868725911;0.29521262543445626;0.93434083761984];0.7736390680299989;0.25
9930;0.2510754373957659;0.44162436271589134;6;0.6290124955344526;[0.16447234172441;0.35502126704453546;0.33767853306712176;0.5282274583872473];0.7751227094422003;0.25
1736;0.5931208622786849;0.3465975243796708;6;0.4476917295261112;[0.5068502963939961;0.2603269584949821;0.6793914281633736;0.43286809026435946];0.7794928215600216;0.25
5940;0.6198486969999003;0.9464347953384997;7;0.4633374245376141;[0.5335052960712936;0.8600913944098931;0.706192097928507;1.0327781962671063];0.7692741608244262;0.25
3491;0.5067535388068898;0.4546678467441745;6;0.4032661179548382;[0.4193047140947541;0.3672190220320388;0.5942023635190254;0.5421166714563102];0.7745271445417824;0.25
5328;0.18608034284046493;0.9464003116190723;6;0.4601464865754859;[0.10056208158261655;0.860882050361224;0.2715986040983133;1.0319185728769207];0.769467674546996;0.25
8837;0.2546327107520003;0.48580751990911203;6;0.489260037484493;[0.16847799828489915;0.3996528074420109;0.3407874232191014;0.5719622323762131];0.7839183439263281;0.25
3850;0.7050226569955487;0.31975322138125656;6;0.28990156637877484;[0.6179450881263909;0.23267565251209876;0.7921002258647064;0.40683079025041435];0.7773549734470359;0.25
3138;0.45675634559589284;0.43153539788075657;6;0.45104559364099994;[0.36873485176325216;0.3435139040481159;0.5447778394285335;0.5195568917133973];0.7723384203432629;0.25
2437;0.46606669625886865;0.240882295384804;6;0.4344054274005956;[0.37985299005334805;0.1546685891792834;0.5522804024643893;0.3270960015903246];0.772229039360473;0.25
1672;0.5838192829533768;0.8479392280050988;6;0.5839465944548138;[0.4968769249708951;0.7609968700226171;0.6707616409358585;0.9348815859875805];0.7707809839822468;0.25
9266;0.9812110576990052;0.19432591085558348;6;0.49829334792799684;[0.8960370451180726;0.10915189827465094;1.0663850702799378;0.27949992343651603];0.7794932191727812;0.25
1703;0.9032497995097768;0.5009178842208787;6;0.35955075829419547;[0.818200549622191;0.4158686343332929;0.9882990493973626;0.5859671341084645];0.764864103823429;0.25
6286;0.08887275879114132;0.2828940647206587;6;0.41694778905800545;[0.004420372782848819;0.1984416787123662;0.1733251447994338;0.3673464507289512];0.7757452654825385;0.25
5856;0.7253503178910616;0.7293371469586907;6;0.5092318830389894;[0.6375313351855351;0.6415181642531641;0.8131693005965882;0.8171561296642172];0.768279788379454;0.25
2077;0.2309741180521746;0.18183426217038112;5;0.39953322616234116;[0.1450484351656258;0.09590857928383231;0.3168998009387234;0.2677599450569299];0.7719599291454322;0.25
4437;0.23234709367894057;0.44722137748314583;6;0.4874145563476216;[0.14848126060740652;0.3633555444116118;0.31621292675047463;0.5310872105546799];0.7758975769099904;0.25
1751;0.8905658813311613;0.2525675556136479;6;0.49797653003414316;[0.8053335346900997;0.16733520897258636;0.9757982279722229;0.33779990225470946];0.7791016595139436;0.25
4201;0.5307456995470969;0.7801295730126638;6;0.5372115638770989;[0.44260678955018984;0.6919906630157567;0.618884609544004;0.8682684830095709];0.7738735198565885;0.25
7284;0.1538103803673806;0.8408784764204817;6;0.549335391640241;[0.06446732969647156;0.7515354257495728;0.24315343103828962;0.9302215270913907];0.7758838175830469;0.25
4156;0.5779153330404732;0.5537769900623609;6;0.5956350297501898;[0.4895045805937546;0.4653662376156424;0.6663260854871917;0.6421877425090794];0.7736928746924605;0.25
5665;0.27569659737955154;0.9404237358457581;6;0.3249041316747421;[0.18339262714217094;0.8481197656083775;0.3680005676169321;1.0327277060831388];0.7739988128993801;0.25
1403;0.7280318347318759;0.23853358212977427;6;0.4736258714946258;[0.6387895383511075;0.14929128574900585;0.8172741311126444;0.3277758785105427];0.775287218911459;0.25
429;0.7951318260225931;0.7322164995769889;6;0.6266064590286953;[0.7086790321002446;0.6457637056546404;0.8815846199449416;0.8186692934993374];0.7703232565514267;0.25
2394;0.2702512980460099;0.20072172240234692;7;0.3903134358320933;[0.1831922952307802;0.11366271958711724;0.3573103008612396;0.2877807252175766];0.7856659830669053;0.25
3302;0.5793360092572011;0.2215876862257971;6;0.49296614865800537;[0.4926886355805457;0.13494031254914174;0.6659833829338564;0.3082350599024525];0.7645196638430717;0.25
967;0.48034604833751954;0.7172146732836993;6;0.36792308837072607;[0.39655586562041184;0.6334244905665916;0.5641362310546272;0.801004856000807];0.7752348048189484;0.25
322;0.487349542887995;0.8091081451893821;6;0.46651098013542436;[0.4057817752282383;0.7275403775296254;0.5689173105477517;0.8906759128491388];0.7755715399731958;0.25
9200;0.28236126013086027;0.5412511798111745;6;0.5009842528151601;[0.19746258540986997;0.4563525050901842;0.3672599348518506;0.6261498545321649];0.7717586473747717;0.25
3240;0.6451101766258477;0.01863958459214532;6;0.4685818170200336;[0.5571335623172149;-0.06933702971648749;0.7330867909344805;0.10661619890077813];0.7742132783293967;0.25
2167;0.36073774260464486;0.9339171655262455;6;0.326092546163126;[0.2770696407217712;0.8502490636433718;0.4444058444875185;1.0175852674091193];0.7704447608810677;0.25
431;0.3255152616838194;0.563325842777196;6;0.281312796505242;[0.23528003180880153;0.47309061290217813;0.41575049155883725;0.6535610726522139];0.7802439881950791;0.25
5798;0.7262259996665059;0.8394365144090519;6;0.33476060558119825;[0.6429008061363778;0.7561113208789237;0.809551193196634;0.92276170793918];0.7715365573008616;0.25
284;0.7920472128552969;0.6849257555814174;6;0.3764910738193701;[0.707406467909056;0.6002850106351766;0.8766879578015377;0.7695665005276583];0.7752920725536241;0.25
7683;0.2827921567465501;0.042411156929772986;6;0.46782816545747746;[0.1969054454986392;-0.04347555431813792;0.36867886799446103;0.1282978681776839];0.7645830842112662;0.25
2297;0.8364281927794489;0.3958390575001722;6;0.33030519980602296;[0.7483721295423866;0.3077829942631099;0.9244842560165112;0.48389512073723445];0.7757668607663074;0.25
4622;0.7033470425197053;0.47875130917027386;5;0.46326484558848896;[0.616501951106049;0.3919062177566176;0.7901921339333615;0.5655964005839301];0.7754008883638935;0.25
9156;0.4003085985464363;0.35520744735622256;6;0.730008535570817;[0.3138090173246063;0.26870786613439257;0.4868081797682663;0.44170702857805255];0.778578840918837;0.25
1897;0.6319327431278026;0.6347060577742825;6;0.5122496258809165;[0.5427006136463204;0.5454739282928003;0.7211648726092847;0.7239381872557646];0.784232245604564;0.25
742;0.3322621226521767;0.8638723249543936;6;0.4458096284157767;[0.24784866145273526;0.7794588637549521;0.4166755838516181;0.9482857861538351];0.7672954538642408;0.25
8848;0.18456328619937334;0.052897921925724956;5;0.43271455547781495;[0.09917177769209072;-0.03249358658155767;0.26995479470665595;0.13828943043300757];0.7705244555375214;0.25
493;0.8575729503714083;0.6293409488064411;6;0.5277021310983971;[0.7678928225218933;0.539660820956926;0.9472530782209234;0.7190210766559562];0.7785526243524153;0.25
4503;0.8858891470171691;0.03827263800897296;6;0.4792471142463694;[0.797811997879645;-0.04980451112855125;0.9739662961546933;0.12634978714649717];0.7734176506357512;0.25
4537;0.9983082943580268;0.573900127113427;6;0.588984247265743;[0.9141554766450193;0.4897473094004194;1.0824611120710343;0.6580529448264345];0.766367312392869;0.25
3714;0.6474352071857341;0.21832152400351446;6;0.6550016721049663;[0.5596094571611545;0.13049577397893491;0.7352609572103137;0.306147274028094];0.7722535108902862;0.25
1201;0.3618373603233365;0.4322008627343009;6;0.570457997842324;[0.27807660326541983;0.3484401056763842;0.4455981173812532;0.5159616197922176];0.76809288891666;0.25
5510;0.6044695236261903;0.472901313178263;6;0.49976004324841555;[0.5152887353860847;0.38372052493815734;0.693650311866296;0.5620821014183687];0.7668539150764625;0.25
7645;0.4421353810520403;0.257524012893368;6;0.6462102181193512;[0.34986248493151534;0.16525111677284304;0.5344082771725652;0.349796909013893];0.773128607899187;0.25
2705;0.7405652422372749;0.7153602346465678;6;0.5390770805037304;[0.6552042297069873;0.6299992221162802;0.8259262547675625;0.8007212471768554];0.7782498771612503;0.25
2567;0.6964887833549283;0.38659355199007095;6;0.5244891415726282;[0.6060122849750306;0.29611705361017326;0.7869652817348259;0.47707005036996863];0.7700775269049249;0.25
426;0.6205400776015475;0.4779520794478815;6;0.438357690002979;[0.5349720427813746;0.3923840446277085;0.7061081124217204;0.5635201142680545];0.781263751295107;0.25
4450;0.46529352346641284;0.3951130164743975;6;0.4128571368059431;[0.37905412391828613;0.3088736169262708;0.5515329230145396;0.4813524160225242];0.7683728386598269;0.25
8758;0.788758193328259;0.6840251644218038;6;0.4987166886591706;[0.702772383023752;0.5980393541172968;0.874744003632766;0.7700109747263109];0.7634379877330666;0.25
3813;0.23911285284942374;0.4477862511982052;5;0.6676302244808497;[0.1500713142448139;0.35874471259359536;0.3281543914540336;0.5368277898028151];0.7816488205135347;0.25
3284;0.7300697206969443;0.2539918307580613;6;0.5212950460287972;[0.6431512593185771;0.16707336937969408;0.8169881820753115;0.34091029213642854];0.7777733115828542;0.25
1454;0.99000735934738;0.47009630969290467;6;0.5152419115814063;[0.9033524468446937;0.38344139719021836;1.0766622718500665;0.556751222195591];0.7727397004787623;0.25
3086;0.8513058386491434;0.6009701578523812;6;0.41793125486461175;[0.762077650462866;0.5117419696661037;0.9405340268354209;0.6901983460386586];0.781376721954318;0.25
9570;0.7008529907713699;0.40477591411824554;6;0.5119322777317544;[0.6145156801938781;0.3184386035407538;0.7871903013488616;0.49111322469573726];0.7652877203373756;0.25
5969;0.7133040027641826;0.15199330606954192;6;0.4982418216343693;[0.6284056662323797;0.06709496953773905;0.7982023392959855;0.2368916426013448];0.7723854816827;0.25
7489;0.7615177162386512;0.0726448357780104;6;0.4853079869373749;[0.6747754566361293;-0.014097423824511554;0.8482599758411731;0.15938709538053236];0.7826597428822283;0.25
7774;0.9720701797171256;0.46801336900294216;6;0.39385952990988515;[0.8852054548016869;0.3811486440875035;1.0589349046325642;0.5548780939183808];0.7780319164277645;0.25
4841;0.7462891717245408;0.38472059073669523;6;0.5467110212693156;[0.6554673994193456;0.29389881843150006;0.837110944029736;0.4755423630418904];0.7776534317215268;0.25
9065;0.7622512592390388;0.27396535048568876;6;0.41576836046925036;[0.6746822827320612;0.18639637397871114;0.8498202357460164;0.3615343269926664];0.7855712797376321;0.25
7135;0.7600704916246895;0.6397431241428037;6;0.5691487456268531;[0.6712518904700886;0.5509245229882027;0.8488890927792905;0.7285617252974046];0.7775791067383045;0.25
3818;0.9118159176675286;0.928164732135955;6;0.4667783373010167;[0.8238712643030602;0.8402200787714866;0.9997605710319969;1.0161093855004233];0.7786480805764407;0.25
512;0.8329193502772141;0.6590859937890899;6;0.6601681324758863;[0.7456072884933433;0.5717739320052192;0.9202314120610848;0.7463980555729607];0.777926860148803;0.25
9846;0.24299727340361632;0.4188164005945993;6;0.6252079110325278;[0.15124297407937737;0.32706210127036034;0.3347515727278553;0.5105706999188382];0.7800177155849543;0.25
4502;0.6414152436058645;0.5861889904269973;6;0.5036711287713291;[0.553303726065837;0.4980774728869698;0.7295267611458921;0.6743005079670249];0.7801673951439533;0.25
3512;0.9913370779224495;0.4961658180497645;6;0.6332066715731055;[0.900714908921401;0.4055436490487161;1.081959246923498;0.5867879870508129];0.7703377613143034;0.25
4051;0.3347990110218888;0.471215409808549;6;0.3656945444868828;[0.24411844781333236;0.38053484659999254;0.42547957423044525;0.5618959730171055];0.7777207461461281;0.25
6672;0.47305429636122215;0.40015961247390563;6;0.4067738337083364;[0.37932652981939896;0.30643184593208245;0.5667820629030453;0.4938873790157288];0.7740081909144392;0.25
2875;0.5304326547564955;0.2721749040724238;6;0.5836203671740922;[0.44414725111296444;0.18588950042889274;0.6167180584000265;0.35846030771595483];0.7799662694931375;0.25
800;0.5660380027581349;0.14023881351886053;6;0.6076342749041634;[0.47716779760749783;0.0513686083682235;0.6549082079087719;0.22910901866949757];0.7783251924251231;0.25
8272;0.513924650057733;0.22705870936414474;6;0.49609549489939;[0.42719519257847277;0.1403292518848845;0.6006541075369932;0.313788166843405];0.7785290153906806;0.25
6136;0.6734904480984728;0.5859168343103176;6;0.517797034985507;[0.5835538376002334;0.4959802238120781;0.7634270585967122;0.675853444808557];0.7743332787835253;0.25
4966;0.49900137615020485;0.10612930534070403;6;0.6197249453480018;[0.4146327696655916;0.02176069885609079;0.5833699826348181;0.19049791182531728];0.7715015059044307;0.25
4678;0.694407413987638;0.47413889516768976;6;0.2952312259001213;[0.6054247064304598;0.3851561876105116;0.7833901215448161;0.5631216027248679];0.7717837040459786;0.25
2674;0.9352725580125076;0.7052638683316169;6;0.3899100926632502;[0.8477106575676195;0.6177019678867288;1.0228344584573958;0.792825768776505];0.7772786165031169;0.25
7697;0.5791249945412598;0.6939030765161127;6;0.5549762341043645;[0.4915920643318869;0.6063701463067399;0.6666579247506326;0.7814360067254855];0.7748406721034358;0.25
6586;0.7171815375688216;0.16045820034098174;6;0.5291020703054087;[0.6271086767313292;0.07038533950348932;0.8072543984063141;0.2505310611784741];0.7731000803443386;0.25
4436;0.8904796976289006;0.5678437119267816;6;0.5662425442017289;[0.8034231698171362;0.4807871841150173;0.9775362254406649;0.6549002397385459];0.7758011850251767;0.25
8149;0.41770775282922185;0.519077424683248;6;0.5412572750751903;[0.33605707764116266;0.43742674949518884;0.49935842801728103;0.6007280998713072];0.7742574850605883;0.25
5264;0.6797377905195763;0.9025996723210461;6;0.4591750205433822;[0.5926462840800661;0.815508165881536;0.7668292969590864;0.9896911787605562];0.7702885192355264;0.25
493;0.770618130050753;0.6256179709990144;6;0.5277021310983971;[0.678165273652881;0.5331651146011425;0.8630709864486249;0.7180708273968863];0.7785526243524153;0.25
8303;0.9885027925860006;0.18253047528226496;6;0.6075341207768449;[0.898927866433333;0.09295554912959735;1.0780777187386683;0.27210540143493256];0.7648338794898565;0.25
7630;0.830895550448863;0.39818230360400286;6;0.3349262820673;[0.7457142371939698;0.3130009903491097;0.9160768637037562;0.483363616858896];0.7779194230143874;0.25
576;0.46779193077413495;0.6473004899499794;6;0.4032034377125177;[0.3818420331213041;0.5613505922971485;0.5537418284269658;0.7332503876028102];0.7789502435059406;0.25
6456;0.9915918735000991;0.3029681143295361;6;0.522807770033596;[0.9005607598190608;0.2119370006484977;1.0826229871811375;0.39399922801057446];0.7765197695720394;0.25
4663;0.7020906297902578;0.9480271788612823;6;0.4413648222537174;[0.6201899422254328;0.8661264912964572;0.7839913173550829;1.0299278664261073];0.7666478867119778;0.25
963;0.4022118122115812;0.7755299703545792;6;0.5478999903220746;[0.3165542522153149;0.6898724103583129;0.4878693722078475;0.8611875303508454];0.7735256655771173;0.25
7919;0.7091727724326937;0.3084449292245811;6;0.4216382460565985;[0.6176420617304169;0.2169142185223043;0.8007034831349705;0.3999756399268579];0.7695877459202587;0.25
1587;0.3810538562688159;0.33738919025201286;6;0.41414289709377883;[0.29111360296159283;0.24744893694478978;0.47099410957603893;0.42732944355923597];0.779357728992437;0.25
2849;0.5367536710144576;0.20177516791002842;6;0.41274605550439314;[0.44088968027991804;0.10591117717548885;0.6326176617489971;0.29763915864456797];0.7710385969599609;0.25
479;0.8669414758044185;0.8845310795849928;6;0.5072954851053324;[0.7790282958012651;0.7966178995818394;0.9548546558075719;0.9724442595881462];0.7727417277914961;0.25
8600;0.5742712536576727;0.12907240153071253;6;0.5289342726152959;[0.48944462728117766;0.04424577515421749;0.6590978800341678;0.21389902790720758];0.7685287409933133;0.25
5832;0.8031886208692183;0.18894180096979368;6;0.6282292102545189;[0.7182810337267094;0.10403421382728474;0.8880962080117272;0.27384938811230264];0.7709665761268047;0.25
7160;0.6616192518026237;0.5714440194089219;6;0.5090815819109971;[0.5742849473798337;0.4841097149861318;0.7489535562254137;0.658778323831712];0.7696571328690818;0.25
9788;0.6431607314835663;0.8603178359633253;6;0.37854833571354396;[0.555993291782508;0.773150396262267;0.7303281711846247;0.9474852756643837];0.7710633363052127;0.25
7805;0.23374856234409114;0.23264394976100455;6;0.5587388835421001;[0.14758422644703806;0.14647961386395147;0.3199128982411442;0.31880828565805763];0.775117086285985;0.25
4719;0.6520620009646387;0.017514572453908084;6;0.5848805778699933;[0.5675233324027579;-0.06702409610797276;0.7366006695265196;0.10205324101578893];0.769802779481606;0.25
9880;0.983144694335393;0.09310085001865065;6;0.502782663079776;[0.8900005713501193;-4.3272966622973086E-5;1.0762888173206666;0.18624497300392429];0.7785754250601156;0.25
3875;0.40395946289263684;0.4746627688129046;6;0.611503509383785;[0.3158056057348053;0.38650891165507306;0.4921133200504684;0.5628166259707361];0.7800864745601825;0.25
1681;0.6584621422482689;0.5176149816218937;6;0.5614861951889686;[0.5671788263184434;0.4263316656920682;0.7497454581780945;0.6088982975517192];0.774617729916842;0.25
6683;0.674680767671918;0.251800674590582;6;0.46870123587619217;[0.5895908638239392;0.1667107707426032;0.7597706715198967;0.33689057843856074];0.7701724528635844;0.25
1393;0.8261631556219804;0.8248303086063848;5;0.34437199672273333;[0.7376044148726082;0.7362715678570126;0.9147218963713526;0.913389049355757];0.7690744625200915;0.25
9126;0.06606364815098886;0.49967306868107814;6;0.5628580017106167;[-0.020160338836769875;0.4134490816933194;0.1522876351387476;0.5858970556688369];0.7793159715111867;0.25
8626;0.8372136340385726;0.05715488529897045;6;0.611865235162123;[0.7522631066183693;-0.027795642121232894;0.922164161458776;0.1421054127191738];0.773766721578441;0.25
5725;0.40025987143419883;0.7500241362630056;6;0.5270074772247986;[0.3131853558099679;0.6629496206387746;0.48733438705842974;0.8370986518872365];0.7710707838844716;0.25
3265;0.2953878127965937;0.8557757059073743;6;0.3673144542380523;[0.20927314655042284;0.7696610396612035;0.3815024790427646;0.9418903721535451];0.7770552254857301;0.25
448;0.4746457727325798;0.08205146892458293;6;0.5917638424197561;[0.3900644496971273;-0.0025298541108695893;0.5592270957680323;0.16663279196003544];0.7708636907695292;0.25
2047;0.21759221031056286;0.479670841290215;6;0.45202720073074315;[0.12615762488250132;0.38823625586215343;0.3090267957386244;0.5711054267182765];0.7707989213248831;0.25
6078;0.25772053065259637;0.36308659034968904;6;0.4156421091100654;[0.16855971305785367;0.27392577275494634;0.34688134824733907;0.45224740794443175];0.7711729723062217;0.25
1578;0.7263674046604991;0.04602305674993856;6;0.48124779448697885;[0.6389728679473206;-0.04137147996324003;0.8137619413736776;0.13341759346311716];0.7718545450817853;0.25
6296;0.7183671252965997;0.9839923213764883;6;0.559174170881029;[0.6311564516273451;0.8967816477072337;0.8055777989658544;1.071202995045743];0.7700050118104708;0.25
8876;0.13488850773480449;0.12039099067423614;6;0.41283104029307655;[0.046397385556670084;0.03189986849610174;0.2233796299129389;0.20888211285237054];0.7769012160716634;0.25
7063;0.6260538619888919;0.40524392377750373;6;0.43115464078992405;[0.5396024526243918;0.31879251441300366;0.712505271353392;0.4916953331420038];0.7729115250022053;0.25
802;0.8980205081243218;0.5411288082772279;6;0.6518576975387115;[0.8116322977423245;0.45474059789523064;0.9844087185063191;0.6275170186592252];0.7849300176464336;0.25
8996;0.5571470974874619;0.3155895043462692;6;0.525803017231638;[0.46719449120855006;0.22563689806735734;0.6470997037663738;0.4055421106251811];0.7789115798098892;0.25
3747;0.8699037593969741;0.5889522607333104;6;0.47600220543732275;[0.7806923832653216;0.499740884601658;0.9591151355286265;0.6781636368649628];0.7720358743190932;0.25
5751;0.42017995723317986;0.20740082952575772;6;0.51639291046095;[0.32884901034598846;0.11606988263856632;0.5115109041203713;0.2987317764129491];0.7684519537202766;0.25
3337;0.2885588480722067;0.8621303167279952;6;0.4627782101404829;[0.20047414695642718;0.7740456156122157;0.37664354918798626;0.9502150178437747];0.7784038504473927;0.25
1982;0.4202014197199582;0.4349320115641861;6;0.46551888240129;[0.33603192535623366;0.35076251720046153;0.5043709140836828;0.5191015059279107];0.7774774454055904;0.25
5175;0.5362898683714985;0.5035443078301557;6;0.48694180157017813;[0.4508768754058041;0.4181313148644613;0.6217028613371929;0.5889573007958501];0.7777867467272125;0.25
1378;0.1808667911984913;0.9342789165826494;6;0.5881971079622296;[0.09078750147110082;0.844199626855259;0.2709460809258818;1.0243582063100398];0.768824653493396;0.25
6516;0.7526968884355613;0.6213385254476891;6;0.5660477020211059;[0.6653865066354897;0.5340281436476175;0.8400072702356328;0.7086489072477606];0.7734125090086531;0.25
3230;0.31620006881686274;0.7113527232441266;6;0.47049833535735397;[0.22653101341352494;0.6216836678407888;0.40586912422020055;0.8010217786474644];0.7732468000622545;0.25
5997;0.16751587750511548;0.4493807927975905;6;0.4160315489462804;[0.08289698771989668;0.3647619030123717;0.2521347672903343;0.5339996825828093];0.7717873375454268;0.25
542;0.5100934860526684;0.6486031953765808;6;0.5549477360924365;[0.42371378002299837;0.5622234893469109;0.5964731920823383;0.7349829014062508];0.7814313346013686;0.25
7502;0.535839001772199;0.9434191348750554;6;0.6067295500681587;[0.4488813495881143;0.8564614826909707;0.6227966539562837;1.03037678705914];0.78017472710882;0.25
4207;0.0989578353335433;0.9072854666074635;6;0.42147311325170594;[0.017972987915966993;0.8263006191898872;0.1799426827511196;0.9882703140250397];0.7857409351898352;0.25
609;0.8706752833271237;0.5214788348884499;6;0.536402110712968;[0.782691539615703;0.4334950911770292;0.9586590270385444;0.6094625785998706];0.7666072194947526;0.25
5184;0.4710363689416984;0.4284283772319132;6;0.36142513359468165;[0.382621115242061;0.34001312353227575;0.5594516226413359;0.5168436309315506];0.7816454684811514;0.25
9199;0.6725116253805224;0.3584522103932034;6;0.507445548661259;[0.5835142640118351;0.26945484902451616;0.7615089867492097;0.44744957176189065];0.7730833667028607;0.25
8856;0.5292984726422517;0.5777195465470065;6;0.5623218169621667;[0.4386728607693764;0.4870939346741312;0.619924084515127;0.6683451584198818];0.7742027758300787;0.25
1877;0.2231951961452583;0.5400413046522488;6;0.31172235856333375;[0.13514466441385017;0.45199077292084067;0.3112457278766664;0.6280918363836568];0.7709526177802043;0.25
7292;0.6488098026728759;0.9466460414617455;6;0.5866427712857252;[0.5624735375575265;0.860309776346396;0.7351460677882253;1.0329823065770949];0.7758140422842731;0.25
4269;0.2569206391436229;0.16584948387042941;6;0.49422374168284056;[0.16955461105967934;0.07848345578648587;0.34428666722756646;0.253215511954373];0.7737408045668612;0.25
9134;0.5240731302806014;0.54248376606493;6;0.5282395184898693;[0.4380167052242122;0.45642734100854077;0.6101295553369906;0.6285401911213192];0.769482172359962;0.25
6248;0.7162052280821033;0.21192555114907757;6;0.5393269094261367;[0.6259404107674538;0.12166073383442805;0.8064700453967528;0.3021903684637271];0.7708397253530825;0.25
1097;0.6246721248270356;0.5501428256227706;6;0.40171967134983055;[0.5352182112310371;0.4606889120267721;0.7141260384230341;0.6395967392187691];0.7734460839694938;0.25
2758;0.5300870667857032;0.03436937588548339;6;0.3745978053072391;[0.4475261415250142;-0.048191549375205575;0.6126479920463921;0.11693030114617235];0.7769428664613697;0.25
3188;0.17280663927524847;0.8628804675627831;6;0.5942206275748427;[0.08645323923485192;0.7765270675223865;0.259160039315645;0.9492338676031797];0.7835932376737128;0.25
11;0.15179312839507786;0.5008706445991552;6;0.4552514434880854;[0.06369392031936498;0.41277143652344234;0.23989233647079072;0.5889698526748681];0.7724276717736788;0.25
721;0.972163347802509;0.23546557637983612;6;0.5515504735523051;[0.882179406046347;0.1454816346236742;1.062147289558671;0.32544951813599804];0.7845715854702651;0.25
122;0.1413039973843485;0.7940984670626597;6;0.5401270046945721;[0.053960269674740796;0.706754739353052;0.22864772509395623;0.8814421947722675];0.7782482367505741;0.25
6946;0.23434629410948332;0.8461712803037856;6;0.5068213406455983;[0.1518235665053015;0.7636485526996037;0.31686902171366516;0.9286940079079675];0.7755239332343493;0.25
827;0.5178312404580494;0.6693116496784371;6;0.5186280203460398;[0.4336651801978256;0.5851455894182134;0.6019973007182732;0.7534777099386609];0.7769485739216315;0.25
2935;0.7889731120514956;0.6445855752952865;6;0.4403499446081057;[0.7012524392930345;0.5568649025368254;0.8766937848099566;0.7323062480537476];0.7743916838116592;0.25
3232;0.6077822103321843;0.020620498636949147;7;0.5633868050849017;[0.5163478008098249;-0.07081391088541025;0.6992166198545436;0.11205490815930855];0.7730653818785357;0.25
7369;0.8191960467115644;0.5045288002049753;6;0.5272953241907439;[0.7285568313908011;0.4138895848842119;0.9098352620323278;0.5951680155257386];0.7775211497713901;0.25
9131;0.2136269725140405;0.6649975573007147;5;0.535493379470779;[0.13180629131622837;0.5831768761029026;0.29544765371185266;0.7468182384985269];0.7758365437355915;0.25
7464;0.399726905484841;0.2848799941452074;6;0.5604335888175467;[0.312393277997705;0.1975463666580714;0.48706053297197704;0.37221362163234345];0.7722566943983682;0.25
4161;0.34731200736477275;0.0850638748705661;6;0.5642089801239805;[0.2602645457632602;-0.0019835867309464655;0.4343594689662853;0.17211133647207866];0.7738800678008684;0.25
7992;0.7056061501795801;0.614170545286953;6;0.5794876729470799;[0.6197078540622125;0.5282722491695855;0.7915044462969476;0.7000688414043206];0.7808937255741499;0.25
2505;0.42798697232181915;0.589597883757839;6;0.6835192713376806;[0.34062744007184315;0.502238351507863;0.5153465045717951;0.6769574160078149];0.77860046936713;0.25
2431;0.6130779174202856;0.32507605449977006;5;0.489715651145702;[0.5225890770750725;0.2345872141545569;0.7035667577654987;0.4155648948449832];0.7720663817538714;0.25
3345;0.597171799321993;0.6233040570834082;6;0.5846545906773138;[0.5053926723375808;0.5315249300989959;0.6889509263064053;0.7150831840678205];0.776543091075141;0.25
2062;0.5403459271174224;0.6191445371753876;6;0.507543117687966;[0.4558273146296001;0.5346259246875653;0.6248645396052446;0.70366314966321];0.7670250330841191;0.25
9751;0.9527989349433471;0.746084933628958;7;0.40021549756601543;[0.8635981367969503;0.6568841354825612;1.041999733089744;0.8352857317753548];0.7738749784600856;0.25
2987;0.6664811727441042;0.3468419957982375;6;0.2922360265890209;[0.5818452509577376;0.26220607401187085;0.7511170945304708;0.43147791758460413];0.77706113849023;0.25
9710;0.7751996857139056;0.7862409810856879;6;0.2591807651480326;[0.6880344709431736;0.6990757663149558;0.8623649004846377;0.8734061958564199];0.7759208200326608;0.25
7165;0.7793918458866589;0.5143522015002754;6;0.5211652947072436;[0.6913910066001101;0.42635136221372655;0.8673926851732077;0.6023530407868243];0.779990297454517;0.25
8837;0.02448844520032256;0.18013672132433473;6;0.489260037484493;[-0.056075559708113065;0.0995727164158991;0.10505245010875819;0.26070072623277035];0.7839183439263281;0.25
5237;0.9079219222185025;0.6222769640021292;6;0.5031410213369714;[0.8135518616573667;0.5279069034409933;1.0022919827796384;0.716647024563265];0.7740746872026999;0.25
9673;0.6309345831117057;0.5817407808976255;6;0.5938343018674026;[0.5439503264238743;0.4947565242097941;0.7179188397995371;0.6687250375854569];0.7815166608006512;0.25
6712;0.7638382050561241;0.22255181254852457;5;0.5177914432072297;[0.6727023376966141;0.13141594518901467;0.8549740724156341;0.3136876799080345];0.7732459838034214;0.25
1345;0.09152475064710841;0.46033733096835033;6;0.5335968832500024;[0.004184653823754381;0.3729972341449963;0.17886484747046244;0.5476774277917044];0.7714314279275444;0.25
6696;0.29044056580641603;0.6392383018049562;6;0.38849634032489794;[0.20499340338928004;0.5537911393878202;0.375887728223552;0.7246854642220922];0.7774337521228885;0.25
6584;0.4999769936856353;0.29621026466223027;6;0.5933803555748396;[0.4131338726083148;0.20936714358490974;0.5868201147629558;0.38305338573955083];0.7746892291230447;0.25
3265;0.28003196156915067;0.40966527873370046;6;0.3673144542380523;[0.19712402698579815;0.32675734415034796;0.3629398961525032;0.49257321331705295];0.7770552254857301;0.25
5218;0.8073459958404904;0.9325704097435983;6;0.6590682711037738;[0.7176599610397465;0.8428843749428544;0.8970320306412343;1.022256444544342];0.7819039233337055;0.25
4629;0.08325106909843571;0.5275627535002237;6;0.4072021354424337;[-0.0048226674067185366;0.4394890169950695;0.17132480560358998;0.615636490005378];0.775907941850525;0.25
6305;0.573555985874881;0.41862886798909926;6;0.6037248168992738;[0.48159085977153315;0.3266637418857514;0.6655211119782288;0.5105939940924471];0.7749887010373354;0.25
2373;0.28744126806717407;0.14326405412181442;6;0.4795586131592166;[0.20073322436808078;0.056556010422721126;0.37414931176626737;0.22997209782090772];0.7711911086432817;0.25
2592;0.0972618547860038;0.793996149232773;6;0.46790477850064593;[0.01174196560584044;0.7084762600526096;0.18278174396616714;0.8795160384129364];0.7787561201523231;0.25
1214;0.314988875016549;0.27404560258232763;6;0.5302145323942759;[0.2240940063936108;0.18315073395938944;0.4058837436394872;0.36494047120526585];0.7769492462016604;0.25
951;0.5352855535871298;0.297839394899519;6;0.28606679602269214;[0.44679935163309836;0.20935319294548754;0.6237717555411613;0.38632559685355045];0.7702983349253704;0.25
5467;0.5928380827322055;0.31526463634656976;5;0.5279964592482153;[0.49970567091344575;0.22213222452781;0.6859704945509653;0.4083970481653295];0.7714218400769876;0.25
3779;0.05058894165144656;0.6558869898698141;6;0.5509586633416967;[-0.030090120500874923;0.5752079277174926;0.13126800380376805;0.7365660520221355];0.7790832713300595;0.25
7721;0.16132150450209265;0.03824834637588137;6;0.3610863856024873;[0.07494666803078684;-0.04812649009542444;0.24769634097339846;0.12462318284718718];0.7789447254377666;0.25
3569;0.09231485321754951;0.7745345587319563;6;0.4599689444367537;[0.0018463158267911922;0.684066021341198;0.18278339060830784;0.8650030961227146];0.7801903934464761;0.25
7804;0.8574753846072944;0.41799274737134157;6;0.4601902702837087;[0.7663517990247487;0.3268691617887959;0.9485989701898402;0.5091163329538873];0.7760123183667716;0.25
7818;0.09748320183799675;0.5052347200621998;6;0.3780421428609861;[0.010028624694126714;0.41778014291832977;0.18493777898186678;0.5926892972060699];0.7809472333659464;0.25
9015;0.144045761333438;0.9550942268250157;5;0.5274579136544244;[0.05501603565538206;0.8660645011469598;0.23307548701149394;1.0441239525030717];0.7812843521633724;0.25
6388;0.9209846696602371;0.8449594629792475;6;0.42500195476085634;[0.8327509220765159;0.7567257153955264;1.0092184172439582;0.9331932105629687];0.773315249045447;0.25
3084;0.6722956605821417;0.23841914174797674;6;0.40183217195310095;[0.5892814913710478;0.15540497253688285;0.7553098297932357;0.32143331095907063];0.7682674763842424;0.25
2;0.14593421825479946;0.39614099584293455;6;0.5772513251149348;[0.05660975834470457;0.30681653593283964;0.23525867816489437;0.48546545575302946];0.7733039222051808;0.25
1323;0.9652543300921184;0.6552062286936132;6;0.5484398839565772;[0.8748354487519678;0.5647873473534627;1.0556732114322689;0.7456251100337637];0.7716129651807913;0.25
8344;0.6158358227332204;0.9151502056344649;6;0.48844602376282514;[0.5273173728699593;0.8266317557712038;0.7043542725964814;1.003668655497726];0.7718405658630295;0.25
7925;0.27883007358642964;0.9000499747537122;6;0.5969743571043102;[0.1874130701767952;0.8086329713440777;0.3702470769960641;0.9914669781633466];0.7711253417571434;0.25
414;0.8072609487648121;0.7518789330241654;6;0.39675224387905167;[0.7201641582352802;0.6647821424946335;0.894357739294344;0.8389757235536973];0.776153994897747;0.25
7672;0.6184413321124467;0.9282415517016407;7;0.5630807680852863;[0.5273881645601314;0.8371883841493254;0.709494499664762;1.0192947192539559];0.7718056281103727;0.25
1379;0.3129663946949019;0.27743656019619994;7;0.6062263915627666;[0.22531011526872807;0.18978028077002612;0.4006226741210757;0.36509283962237377];0.7709380674006473;0.25
6039;0.5541197332045797;0.4378034734830794;6;0.4377200646022864;[0.4667729682058939;0.3504567084843936;0.6414664982032656;0.5251502384817652];0.7783472974840169;0.25
42;0.8581208703718993;0.13720366457781447;6;0.4737993341085443;[0.7715737168606487;0.050656511066563784;0.94466802388315;0.22375081808906516];0.7677175582123676;0.25
9386;0.6033620004819066;0.2527248518673453;6;0.6360789469880685;[0.5135864636257854;0.16294931501122412;0.6931375373380277;0.34250038872346644];0.7700830194127939;0.25
1318;0.48883665925831443;0.5732119627753282;6;0.5400816048092191;[0.3956400027991978;0.48001530631621153;0.5820333157174311;0.6664086192344447];0.7701337990552714;0.25
6682;0.9765382836638995;0.8267797085943593;6;0.5254658992681999;[0.8872504648991316;0.7374918898295915;1.0658261024286675;0.9160675273591272];0.7758688766208192;0.25
5797;0.7635297795298173;0.17052758952958785;6;0.44439521837015605;[0.6717679629305098;0.07876577293028042;0.8552915961291248;0.2622894061288953];0.7776344872318535;0.25
7410;0.09403683023019627;0.06090742842940722;6;0.4248600516402108;[0.0059614242097784376;-0.02716797759101061;0.1821122362506141;0.14898283444982505];0.7755072040222791;0.25
4775;0.6997665797038848;0.061366152552163045;6;0.384583704018014;[0.613619769295489;-0.024780657856232777;0.7859133901122806;0.14751296296055888];0.7699665789538659;0.25
9568;0.7648842342012034;0.9198662779941973;6;0.7181514899709999;[0.6776120456085766;0.8325940894015704;0.8521564227938303;1.0071384665868242];0.7815584638238146;0.25
6571;0.7637925603616763;0.5745313982943365;6;0.38551521951549234;[0.6776000149724447;0.4883388529051049;0.8499851057509079;0.6607239436835681];0.7728306600826826;0.25
9395;0.2669745332764902;0.790846774996518;6;0.5414955698622705;[0.18012001554897114;0.7039922572689989;0.3538290510040092;0.8777012927240371];0.7789415461274426;0.25
4251;0.741520973284143;0.001806360255005024;6;0.5391866558710027;[0.6566733044007953;-0.08304130862834264;0.8263686421674907;0.08665402913835268];0.7810386926206958;0.25
3086;0.9985252867853472;0.28547744226829924;6;0.41793125486461175;[0.9148761836538593;0.20182833913681125;1.0821743899168352;0.36912654539978723];0.781376721954318;0.25
519;0.2556561047041795;0.27631474505082937;6;0.4803096970177361;[0.16865882564273238;0.18931746598938226;0.3426533837656266;0.3633120241122765];0.773735000182937;0.25
