8992;0.5448839761919326;0.6042853741382208;5;0.6585715422574743;[0.45632359039478587;0.515724988341074;0.6334443619890794;0.6928457599353676];0.7750103332282932;0.25
6781;0.16798168860562823;0.8476571538032546;5;0.42316816245664873;[0.08662223315775976;0.7662976983553861;0.24934114405349672;0.9290166092511231];0.7839015577537026;0.25
6286;0.3815345135231214;0.24699433831457301;6;0.41694778905800545;[0.2947145370572063;0.1601743618486579;0.4683544899890365;0.3338143147804881];0.7757452654825385;0.25
6372;0.9694033106921254;0.8606682471710664;6;0.5435938715896296;[0.8803835356762341;0.7716484721551751;1.0584230857080168;0.9496880221869577];0.7718760161236975;0.25
918;0.2536022560389297;0.8202150632566454;6;0.47553500793517944;[0.16867577917341026;0.7352885863911259;0.3385287329044492;0.9051415401221649];0.7729769178229704;0.25
8992;0.9502042888458733;0.863757874224446;5;0.6585715422574743;[0.8626389084682429;0.7761924938468157;1.0377696692235037;0.9513232546020765];0.7750103332282932;0.25
624;0.4040259632822337;0.05013567886497772;6;0.5557727317387987;[0.31834385312704827;-0.03554643129020772;0.4897080734374192;0.13581778902016317];0.7751297290665856;0.25
3228;0.05222391724986786;0.33733506876365815;6;0.3871139220718655;[-0.034459882666055805;0.2506512688477345;0.13890771716579153;0.42401886867958183];0.7720688289660466;0.25
1383;0.7635075740008509;0.4587518710041305;6;0.37638587041214544;[0.6765405492322345;0.3717848462355141;0.8504745987694673;0.5457188957727469];0.7823872975443087;0.25
5492;0.6008543078569965;0.002538878002290579;6;0.6568484081410135;[0.5161177489694196;-0.08219768088528626;0.6855908667445733;0.08727543688986741];0.7693642140046492;0.25
5136;0.4972626138815365;0.3760139810782354;6;0.45914833256609283;[0.41237594282655043;0.29112731002324943;0.5821492849365225;0.4609006521332214];0.7775331229260106;0.25
5986;0.8585437825298996;0.9932843815220846;6;0.7165259109317594;[0.7737792646841073;0.9085198636762923;0.9433083003756919;1.078048899367877];0.7639753146048986;0.25
3082;0.4126275093394057;0.446693889080752;6;0.3385016749282832;[0.32054467092871863;0.354611050670065;0.5047103477500927;0.5387767274914391];0.7723000607430175;0.25
8056;0.2259464155823282;0.4989990269863363;6;0.543220431542183;[0.14124334875333477;0.4142959601573429;0.3106494824113216;0.5837020938153297];0.7656626751778131;0.25
3372;0.2274334186799108;0.5891398698780792;6;0.5637691690965834;[0.13626622740434363;0.49797267860251204;0.31860060995547795;0.6803070611536464];0.7830440977233553;0.25
194;0.9100480112782103;0.6623529599224958;6;0.4429950780314571;[0.8212317702913385;0.573536718935624;0.9988642522650821;0.7511692009093676];0.7738991960491904;0.25
7541;0.20895582071808794;0.4392972929470019;6;0.523557181757018;[0.11993749334490261;0.3502789655738166;0.29797414809127326;0.5283156203201873];0.7707468752633677;0.25
950;0.5292960387780205;0.6449026584907968;6;0.6294778229529082;[0.4415267642116137;0.5571333839243899;0.6170653133444273;0.7326719330572036];0.762428398953874;0.25
6654;0.4387928242136485;0.3226556733227232;6;0.6173088648614681;[0.3537302651351999;0.23759311424427457;0.5238553832920971;0.4077182324011719];0.7745056690409717;0.25
3934;0.030891294868622743;0.24738997220578712;6;0.38668172233425113;[-0.057617142181559874;0.1588815351556045;0.11939973191880536;0.33589840925596975];0.7707372099382441;0.25
7382;0.8835075106766543;0.7387869114365155;6;0.42538582303392636;[0.7946082649029838;0.649887665662845;0.9724067564503249;0.8276861572101861];0.7897004217053963;0.25
34;0.6534947309150366;0.7448145077154578;6;0.47172421324476443;[0.5699895576253275;0.6613093344257487;0.7369999042047457;0.8283196810051668];0.7788673424016226;0.25
55;0.5090947376806356;0.4206884110143635;6;0.42117532265972346;[0.4207448349744116;0.3323385083081395;0.5974446403868596;0.5090383137205875];0.7783956324841642;0.25
5922;0.4031876027975766;0.6568442150005681;7;0.45641010704566504;[0.31455069031017835;0.5682073025131699;0.49182451528497484;0.7454811274879664];0.7773810490217353;0.25
8624;0.3249251441814369;0.5693574974100623;6;0.625642314852634;[0.23946266994431945;0.48389502317294475;0.4103876184185544;0.6548199716471798];0.7734870011314423;0.25
3227;0.9597531185038992;0.08101195795263894;6;0.4318902753840289;[0.8732259512507967;-0.005515209300463522;1.0462802857570017;0.16753912520574138];0.7747282187186024;0.25
2412;0.8598352420361723;0.6970088086614752;6;0.5882615182025327;[0.772636728112293;0.6098102947375958;0.9470337559600517;0.7842073225853545];0.7767052863899454;0.25
5230;0.7383664787260847;0.6865034628497712;6;0.6309816902386955;[0.6471942094434933;0.5953311935671797;0.8295387480086762;0.7776757321323626];0.7745614585343825;0.25
2184;0.22331960020213004;0.8823983755002667;6;0.6129577573847582;[0.1370342589275009;0.7961130342256375;0.3096049414767592;0.9686837167748958];0.7726454514774594;0.25
9756;0.19074783710768173;0.6859010195265658;7;0.3027800641152173;[0.1045152552658764;0.5996684376847605;0.27698041894948705;0.7721336013683711];0.7679551680372665;0.25
9159;0.5800798031338994;0.9959027152969032;6;0.5350702806785692;[0.4910077137243987;0.9068306258874026;0.6691518925434001;1.0849748047064038];0.7771751529365466;0.25
7881;0.22476851133438436;0.3371127775849159;6;0.5169525232207092;[0.13488358061987976;0.24722784687041133;0.31465344204888895;0.4269977082994205];0.7638160766657731;0.25
4115;0.8949260647350152;0.6319831375119296;7;0.7381525104768444;[0.8101156208835721;0.5471726936604865;0.9797365085864583;0.7167935813633727];0.7812954975762323;0.25
9358;0.12154499735234614;0.49066960051170166;6;0.4178426279424695;[0.03167860625583843;0.400803209415194;0.21141138844885385;0.5805359916082093];0.7824144546892092;0.25
2913;0.532307119177298;0.23682257038878451;6;0.4461219166239676;[0.4439842621462461;0.1484997133577326;0.6206299762083499;0.32514542741983643];0.7761210215920004;0.25
8145;0.760004877954532;0.9052603658973798;6;0.4137247971543489;[0.6747829381550989;0.8200384260979467;0.845226817753965;0.9904823056968128];0.7729021384269916;0.25
4593;0.7240055562980062;0.256767399694696;6;0.5860249667191211;[0.6330058378587515;0.1657676812554413;0.8150052747372609;0.34776711813395067];0.7738774931084523;0.25
2044;0.8246351022398062;0.7479120573534263;6;0.5404392495517303;[0.7384375609716296;0.6617145160852497;0.9108326435079828;0.8341095986216028];0.7764061976391473;0.25
4433;0.4536409182904795;0.21070589835047843;6;0.571137225425881;[0.36727795910909844;0.12434293916909737;0.5400038774718605;0.29706885753185946];0.7735255787237022;0.25
3762;0.08120080797481122;0.6053482170809145;5;0.5045962186753615;[-0.004033971004746478;0.5201134381013568;0.1664355869543689;0.6905829960604721];0.772637652238025;0.25
5767;0.7774032887350029;0.37196834742644086;6;0.5963994734585035;[0.6862440844367228;0.28080914312816074;0.8685624930332829;0.463127551724721];0.776411938216995;0.25
3046;0.4539909526714316;0.5477414060316339;6;0.5581428535828765;[0.3674109459565293;0.4611613993167316;0.5405709593863339;0.6343214127465362];0.7804151764631794;0.25
9849;0.6974127139142674;0.05249332905020221;6;0.5326455235660329;[0.6097770240245973;-0.035142360839467895;0.7850484038039375;0.1401290189398723];0.7694293201574259;0.25
5927;0.37476409500568003;0.35804702079592493;5;0.4098391172832249;[0.28515057064961635;0.26843349643986125;0.4643776193617437;0.4476605451519886];0.7762936434981431;0.25
9095;0.6846849901405327;0.9396280130542662;6;0.4734243501333012;[0.5934910842618268;0.8484341071755603;0.7758788960192387;1.0308219189329721];0.7671237039982968;0.25
5694;0.33588336331235624;0.36196693687938675;6;0.3470683811060977;[0.24446389716169745;0.270547470728728;0.427302829463015;0.4533864030300455];0.7724826458360755;0.25
2731;0.20457364137218786;0.4617023730223234;6;0.7010797779204934;[0.11851630500278999;0.37564503665292553;0.29063097774158575;0.5477597093917213];0.7800843902353137;0.25
4248;0.707905722646781;0.4854705000595877;6;0.5898548637405463;[0.6181586367457756;0.39572341415858237;0.7976528085477863;0.575217585960593];0.7812128648040376;0.25
4031;0.12262182084696716;0.618554076017113;6;0.44200580972560133;[0.035658985788333625;0.5315912409584794;0.2095846559056007;0.7055169110757465];0.7676099200488703;0.25
6690;0.07431955422392211;0.4216452952659259;6;0.5688541622052927;[-0.00942747830632551;0.3378982627356783;0.15806658675416974;0.5053923277961736];0.7797476104533902;0.25
1705;0.6546535468108572;0.3308540475574697;6;0.49459974526049155;[0.5651665206364452;0.24136702138305777;0.7441405729852691;0.4203410737318817];0.7726569670877698;0.25
6112;0.6842796575154726;0.2558022900816353;6;0.3800631815223968;[0.594394545163516;0.16591717772967868;0.7741647698674292;0.3456874024335919];0.778053497577978;0.25
2439;0.6743498636400167;0.9061357520099085;6;0.3282069420629441;[0.5878153702139514;0.8196012585838431;0.760884357066082;0.9926702454359738];0.7682985969129486;0.25
9683;0.8590119698573356;0.5561289055132045;6;0.5341613351747477;[0.7740329717262522;0.471149907382121;0.9439909679884191;0.6411079036442879];0.7757435603250011;0.25
3272;0.8839764269295673;0.7493723490079993;6;0.5398842567557715;[0.794873766039732;0.660269688118164;0.9730790878194027;0.8384750098978346];0.7682170562842515;0.25
8952;0.26407288179968996;0.8928121050663449;6;0.4725535742286648;[0.17910102750421283;0.8078402507708677;0.34904473609516706;0.977783959361822];0.7739642728544974;0.25
6382;0.05883674423614893;0.1078163522594272;6;0.48412819430263493;[-0.026287610987745416;0.02269199703553286;0.14396109946004326;0.19294070748332154];0.7762829990368348;0.25
3153;0.9962813821383925;0.9020829222629465;6;0.654876500049309;[0.9081418783276034;0.8139434184521575;1.0844208859491815;0.9902224260737356];0.7750284337189226;0.25
5333;0.6616617656033493;0.2901874680185466;7;0.44422864365809517;[0.5789338804372068;0.20745958285240412;0.7443896507694918;0.3729153531846891];0.7710095718325466;0.25
2729;0.8080290357129047;0.28026133453918495;5;0.4457724756743651;[0.7206734134805592;0.19290571230683945;0.8953846579452502;0.36761695677153045];0.7833200631789929;0.25
7667;0.9099855207618209;0.2951269941448769;6;0.3488913211370258;[0.8258985298587562;0.21104000324181216;0.9940725116648856;0.3792139850479417];0.7701830115137045;0.25
8235;0.7455964597480326;0.16889271981475013;5;0.38545193998833643;[0.6608454859404309;0.08414174600714851;0.8303474335556342;0.25364369362235173];0.7746970915017198;0.25
2537;0.4105150790088327;0.7373532712672703;6;0.44262568734706154;[0.3178642227716022;0.6447024150300398;0.5031659352460632;0.8300041275045009];0.7735744254138753;0.25
1090;0.2956249269965845;0.8603553074588192;6;0.5221308195219216;[0.20681704750862256;0.7715474279708572;0.3844328064845464;0.9491631869467811];0.7762211799243239;0.25
5350;0.2105255267231268;0.48811374370606375;6;0.711310828313003;[0.12284452089615427;0.4004327378790912;0.2982065325500993;0.5757947495330362];0.7876139909824553;0.25
8700;0.6547602339341264;0.8447651758950095;6;0.37002433179244004;[0.5677569443636099;0.757761886324493;0.7417635235046429;0.931768465465526];0.7715198707425737;0.25
4302;0.2438426486605596;0.41291732804847214;6;0.4469354027655958;[0.15519001213871153;0.32426469152662407;0.3324952851824077;0.5015699645703202];0.7754202208712739;0.25
346;0.5305523751554755;0.5538665626917073;6;0.48033338360517747;[0.443092713642377;0.46640690117860883;0.618012036668574;0.6413262242048058];0.7686092377472603;0.25
358;0.8207370091327952;0.5517581249782499;7;0.4635284535139599;[0.7340708483074189;0.4650919641528736;0.9074031699581716;0.6384242858036263];0.7839354840840673;0.25
1907;0.35078283043384884;0.4636085587017312;6;0.4558229437526664;[0.2660551935997362;0.37888092186761846;0.4355104672679615;0.5483361955358439];0.7760382189033279;0.25
8396;0.191295591295995;0.6924167437470192;6;0.45933419589788616;[0.10253971571505134;0.6036608681660756;0.28005146687693866;0.7811726193279629];0.7786234067177027;0.25
3126;0.0052948179683873775;0.7854801364785674;6;0.3456180055341368;[-0.08353913041066433;0.6966461880995157;0.09412876634743908;0.8743140848576191];0.7670592615196705;0.25
7818;0.5368648108773781;0.4543155083263647;6;0.3780421428609861;[0.45030231040371405;0.3677530078527006;0.6234273113510422;0.5408780088000288];0.7809472333659464;0.25
4921;0.5334858065691008;0.014415508350003048;6;0.4398029885818823;[0.445878260664222;-0.07319203755487577;0.6210933524739797;0.10202305425488187];0.7821391569292951;0.25
9161;0.23113571465376903;0.6041659046903294;6;0.5228159982556579;[0.14565505425241876;0.5186852442889791;0.3166163750551193;0.6896465650916797];0.7644154519720163;0.25
5338;0.8534166975774107;0.6054293522443276;5;0.5430426980944233;[0.766517454966403;0.5185301096333199;0.9403159401884184;0.6923285948553353];0.7752016038945321;0.25
1830;0.6953561978480413;0.2776841600215514;6;0.44634309364177815;[0.6080579419964701;0.19038590416998025;0.7826544536996124;0.3649824158731225];0.7776421705519108;0.25
6022;0.3001804604863354;0.4666660196616995;6;0.5185257278348533;[0.21293637628736956;0.3794219354627337;0.38742454468530124;0.5539101038606654];0.7751921210530726;0.25
4895;0.42127517007679194;0.39100149202278534;6;0.5193675958959613;[0.334873352531717;0.3045996744777104;0.5076769876218669;0.47740330956786026];0.7762827053006349;0.25
8535;0.3478224516980357;0.7679203976448191;6;0.5859154217216562;[0.2604280582917058;0.6805260042384892;0.43521684510436565;0.855314791051149];0.7844674561250533;0.25
7501;0.31347180219324244;0.4082194698838555;6;0.4615667451120599;[0.22498693349232843;0.3197346011829415;0.40195667089415643;0.4967043385847695];0.7714512108264916;0.25
8794;0.4742921202216177;0.7686074577858472;6;0.6510662312486291;[0.39054044524740783;0.6848557828116373;0.5580437951958276;0.852359132760057];0.7808538780552203;0.25
5133;0.09101786475465112;0.8013044521119908;6;0.4573856283583778;[0.003962319216525401;0.7142489065738651;0.17807341029277685;0.8883599976501164];0.7754273055772969;0.25
343;0.9003557689559012;0.4334820067229404;6;0.5244774052172337;[0.8104364417350304;0.34356267950206953;0.990275096176772;0.5234013339438113];0.7665286196872381;0.25
9708;0.7949342370090908;0.5700919729072463;6;0.4600023409007636;[0.7027752158086877;0.47793295170684325;0.8870932582094939;0.6622509941076494];0.7714656609102237;0.25
7584;0.32749845310659326;0.6389841236429942;6;0.583440155679569;[0.24757147943953667;0.5590571499759376;0.40742542677364985;0.7189110973100508];0.7702765919187108;0.25
5967;0.7064876909175231;0.6274223970521658;6;0.6164281608560799;[0.6183209178779077;0.5392556240125503;0.7946544639571385;0.7155891700917814];0.7779363195096559;0.25
5594;0.20195459699245416;0.841049193499384;6;0.5341708510938274;[0.11449936241305678;0.7535939589199866;0.2894098315718515;0.9285044280787814];0.7730811456372371;0.25
3732;0.3237098553200348;0.75114613952889;6;0.5031558680101147;[0.23986114430974698;0.6672974285186022;0.40755856633032267;0.8349948505391778];0.7692305148294607;0.25
9954;0.7325747959128764;0.6398369691170507;6;0.3915463088446637;[0.6441234552623875;0.5513856284665617;0.8210261365633654;0.7282883097675397];0.7732271286857848;0.25
8283;0.1023632913674487;0.7346923287726718;6;0.5544085962861206;[0.01212252450912206;0.6444515619143452;0.19260405822577537;0.8249330956309984];0.7864578890618862;0.25
9623;0.5163141638825683;0.6700751308826045;6;0.5448031613427311;[0.42280834540979234;0.5765693124098286;0.6098199823553443;0.7635809493553805];0.7781149544424288;0.25
3647;0.5650394376389178;0.5274808813337317;6;0.41108566853904105;[0.475544330236109;0.43798577393092286;0.6545345450417267;0.6169759887365406];0.7728895759709812;0.25
2995;0.5282668508050467;0.2718320429137266;6;0.6055357147444426;[0.4385862726427888;0.1821514647514688;0.6179474289673045;0.36151262107598436];0.7618766841007376;0.25
6367;0.9423625870417645;0.43997244205741526;6;0.5236606585422107;[0.8533939822420014;0.35100383725765216;1.0313311918415276;0.5289410468571784];0.7758123755211618;0.25
5117;0.5503792505265397;0.4040696578883943;7;0.5281962230894856;[0.45651805111096855;0.31020845847282313;0.6442404499421108;0.4979308573039654];0.7724868073440144;0.25
6993;0.6638403327882629;0.692732610704437;6;0.4729445888733935;[0.5811146631709163;0.6100069410870904;0.7465660024056096;0.7754582803217837];0.7776451562953932;0.25
3509;0.7081868302561555;0.6088933849925492;6;0.22864845526640526;[0.6239577361038419;0.5246642908402356;0.7924159244084691;0.6931224791448628];0.7833401924116578;0.25
345;0.679693943817945;0.34151393402909547;6;0.4225717182908669;[0.5910584244416979;0.2528784146528483;0.7683294631941922;0.4301494534053426];0.7793835187769309;0.25
2431;0.12320133031381475;0.5382229949138961;5;0.489715651145702;[0.04168177744103689;0.4567034420411183;0.2047208831865926;0.619742547786674];0.7720663817538714;0.25
2032;0.7230337380540472;0.8613921895490808;6;0.37664003824889253;[0.6310867722783184;0.769445223773352;0.814980703829776;0.9533391553248096];0.7786164804780632;0.25
7498;0.6369980303369849;0.6360109360130564;6;0.5404881924349796;[0.5461320333925157;0.5451449390685872;0.727864027281454;0.7268769329575255];0.772826804160489;0.25
9480;0.44027220747363466;0.10172245326238966;6;0.6487090597910121;[0.35551375439384636;0.01696400018260133;0.525030660553423;0.18648090634217798];0.7777945305292827;0.25
6520;0.15286463502841607;0.36854710164752275;6;0.23016701593535854;[0.06508269005867871;0.2807651566777854;0.24064657999815342;0.4563290466172601];0.7726095220775238;0.25
1920;0.8676753359091357;0.36741171532584205;6;0.6353423345447597;[0.7832674925484864;0.2830038719651927;0.952083179269785;0.4518195586864914];0.7666682506312226;0.25
6891;0.5046388146077018;0.36369514197182395;6;0.6293273149505176;[0.4147234026964879;0.27377973006061007;0.5945542265189157;0.45361055388303784];0.7753673373872001;0.25
5635;0.7590976970850042;0.4525032859087458;6;0.37187065548946263;[0.6708241246151497;0.3642297134388913;0.8473712695548586;0.5407768583786002];0.78402989288194;0.25
1674;0.49043466042262684;0.055413589615568914;6;0.5111283641527705;[0.40266236366598585;-0.03235870714107211;0.5782069571792678;0.14318588637220994];0.7786892314628255;0.25
5381;0.4789792293933648;0.23660421712170737;6;0.5253212409966342;[0.39118077353114256;0.14880576125948516;0.566777685255587;0.32440267298392955];0.7796765225168958;0.25
2613;0.7901599051413065;0.8569080375197582;6;0.5217241300423301;[0.7050079129982496;0.7717560453767014;0.8753118972843634;0.942060029662815];0.776696559171523;0.25
5791;0.34948329720355864;0.49782303772564324;6;0.4558069431580876;[0.26242226470261987;0.4107620052247045;0.4365443297044974;0.584884070226582];0.7889665495752852;0.25
5933;0.848120043379766;0.5793467734249212;6;0.4312061642244612;[0.7594246144211751;0.4906513444663304;0.9368154723383568;0.6680422023835121];0.7716191851053537;0.25
5225;0.42456988338988827;0.6951280769740606;6;0.39170512979900035;[0.33646096986008567;0.6070191634442581;0.5126787969196909;0.7832369905038632];0.7647773920596633;0.25
4233;0.5254085935101035;0.8759240939198718;6;0.5857717292383213;[0.4347251520944554;0.7852406525042237;0.6160920349257516;0.9666075353355199];0.7698182165502896;0.25
2407;0.5620345549726422;0.9938163013061128;6;0.45510288035559027;[0.47393592837046145;0.905717674703932;0.6501331815748229;1.0819149279082936];0.7659910936528411;0.25
6804;0.8360735974562912;0.08451206600371092;6;0.4500833872404827;[0.7481524267042678;-0.0034091047483123665;0.9239947682083145;0.1724332367557342];0.7767709873172348;0.25
2383;0.8035373200068002;0.7986940392603923;6;0.39516922113131214;[0.7142449777536749;0.709401697007267;0.8928296622599255;0.8879863815135176];0.7627872696899684;0.25
1234;0.8237221817754441;0.7587266235742507;6;0.4312515425814442;[0.7387054225129794;0.673709864311786;0.9087389410379088;0.8437433828367153];0.7754830194464039;0.25
8688;0.23496312906464945;0.8806239340944121;6;0.541645699783038;[0.14573422633760558;0.7913950313673682;0.3241920317916933;0.969852836821456];0.7699791418137559;0.25
9816;0.6922777966533962;0.4720395026036417;6;0.6039249099919749;[0.6050471057242239;0.38480881167446945;0.7795084875825684;0.5592701935328139];0.7656764713520635;0.25
117;0.9084912551904646;0.14280300588120687;6;0.38414339951454246;[0.817027169762341;0.05133892045308333;0.9999553406185882;0.2342670913093304];0.7701450621559315;0.25
1797;0.5232117752414804;0.9258217954503216;6;0.5392893577102132;[0.43396642349643566;0.8365764437052768;0.6124571269865252;1.0150671471953663];0.7818838945268267;0.25
515;0.7429464827897906;0.9989095102098238;6;0.2833573434923211;[0.6537432331646764;0.9097062605847096;0.8321497324149048;1.0881127598349378];0.7711309624642312;0.25
5457;0.507620712223288;0.9303880957302231;6;0.5591966781145059;[0.42682995024612386;0.849597333753059;0.588411474200452;1.0111788577073872];0.7728950753573088;0.25
4128;0.19788818519850881;0.2896770929889574;6;0.45486799013400747;[0.11331540757671553;0.20510431536716411;0.2824609628203021;0.37424987061075066];0.7627921728653412;0.25
7713;0.7545792521469192;0.3768385551958324;6;0.5953027032072998;[0.6647509760808706;0.28701027912978383;0.8444075282129678;0.466666831261881];0.782083249301348;0.25
5365;0.7528506164341608;0.3848480573362548;6;0.5284360740059342;[0.662621898430265;0.29461933933235895;0.8430793344380567;0.4750767753401507];0.7823877569114847;0.25
629;0.9588337655468514;0.6953528379627183;6;0.5622372061025873;[0.8694059062401636;0.6059249786560305;1.0482616248535392;0.7847806972694061];0.767773622812018;0.25
8987;0.20704634011245893;0.7017887806231158;6;0.3353340554237543;[0.11863574071282938;0.6133781812234862;0.29545693951208846;0.7901993800227454];0.7729587431434001;0.25
4263;0.2805347911673681;0.5471673891199732;6;0.7072600490080296;[0.19173924608226486;0.45837184403486997;0.36933033625247136;0.6359629342050764];0.7711635504586716;0.25
11;0.8865799186730268;0.840851164051218;6;0.4552514434880854;[0.8025953149893151;0.7568665603675063;0.9705645223567384;0.9248357677349296];0.7724276717736788;0.25
8144;0.29826546022667044;0.9168284009018268;6;0.6011213809025187;[0.21233664627468452;0.8308995869498409;0.38419427417865637;1.0027572148538126];0.779120115769733;0.25
6605;0.829171016573018;0.45010844914913783;7;0.4140699176609594;[0.7397479675977724;0.3606854001738923;0.9185940655482635;0.5395314981243834];0.7736328152924847;0.25
5181;0.8957001589474088;0.3234064477721138;6;0.47929519139074456;[0.8055639813458109;0.2332702701705158;0.9858363365490068;0.4135426253737118];0.7697195022121385;0.25
413;0.750758093458477;0.31090918174192406;5;0.5086183260958478;[0.6666595884439186;0.2268106767273656;0.8348565984730354;0.3950076867564825];0.777109348454858;0.25
6623;0.9946123844183689;0.6542930400553001;6;0.44740022229508836;[0.9055808870950653;0.5652615427319966;1.0836438817416723;0.7433245373786036];0.774471417020625;0.25
9865;0.8111719349562398;0.5011904703558403;6;0.47425505031710935;[0.7248096461545779;0.4148281815541784;0.8975342237579018;0.5875527591575023];0.7713595929876806;0.25
968;0.7421399477225182;0.7733869040058874;6;0.6403285029980802;[0.6554445995583598;0.6866915558417289;0.8288352958866767;0.8600822521700459];0.7702133040809475;0.25
8565;0.6737806160079869;0.4577412602858302;7;0.4860837549956665;[0.589973018904045;0.37393366318188825;0.7575882131119288;0.5415488573897721];0.7729250287601215;0.25
6171;0.6834886476685953;0.7593612200639313;6;0.4420197234786093;[0.5940245472554496;0.6698971196507856;0.772952748081741;0.8488253204770769];0.7807496407318574;0.25
1475;0.9946118686209953;0.9130142784016884;6;0.3947538394761383;[0.9041866585352434;0.8225890683159365;1.0850370787067471;1.0034394884874402];0.772324808058228;0.25
9412;0.8738755171345377;0.4527972773578709;6;0.5766195640077012;[0.7853737382280256;0.3642954984513588;0.9623772960410498;0.541299056264383];0.7804202838425824;0.25
6136;0.8878017586747561;0.7422468418829389;6;0.517797034985507;[0.8024872423077763;0.6569323255159591;0.9731162750417358;0.8275613582499186];0.7743332787835253;0.25
1380;0.5225206064222123;0.0012297204914790694;6;0.44828593565729463;[0.4322436760701124;-0.08904720986062087;0.6127975367743123;0.09150665084357901];0.7774688065511788;0.25
4202;0.6008567208085934;0.5175748232483552;6;0.4996979391297156;[0.515178760755273;0.43189686319503484;0.6865346808619138;0.6032527833016756];0.7692302893104224;0.25
2223;0.7584508001511614;0.33940040642047237;6;0.4648268181277388;[0.6703920642272931;0.25134167049660405;0.8465095360750297;0.4274591423443407];0.776953335171905;0.25
7804;0.5751382866257169;0.7302462574321739;6;0.4601902702837087;[0.48609462431209793;0.6412025951185549;0.6641819489393358;0.8192899197457928];0.7760123183667716;0.25
3046;0.5778343814868157;0.4438175628631556;6;0.5581428535828765;[0.48961741233999934;0.35560059371633923;0.666051350633632;0.532034532009972];0.7804151764631794;0.25
4727;0.41825376097638045;0.6848003688283301;6;0.4188554666569708;[0.32929134957377026;0.5958379574257199;0.5072161723789906;0.7737627802309403];0.7713552326609812;0.25
3229;0.31726465669866977;0.44982743697098077;6;0.5825856025634503;[0.230975165578043;0.36353794585035404;0.40355414781929655;0.5361169280916075];0.7794171989258494;0.25
5053;0.31540192107566056;0.6010863902455095;5;0.4814534088081438;[0.22618696039178876;0.5118714295616377;0.40461688175953237;0.6903013509293813];0.7732128135271581;0.25
2745;0.7618277172110626;0.6630032307897179;7;0.4318571512898875;[0.6751149059912277;0.576290419569883;0.8485405284308974;0.7497160420095528];0.773627148035469;0.25
9645;0.6191561593517627;0.24936641337509546;6;0.43142313445247504;[0.5353779946674565;0.16558824869078925;0.7029343240360689;0.3331445780594017];0.7686404192227447;0.25
9398;0.3796414387407627;0.5065349497125899;6;0.32409521390676704;[0.28991151044904007;0.4168050214208673;0.4693713670324854;0.5962648780043126];0.7751652294694492;0.25
4980;0.17994050946641837;0.5164848689564648;6;0.3538796591885517;[0.09103369146155438;0.42757805095160084;0.26884732747128237;0.6053916869613288];0.7743780243223233;0.25
3928;0.7239698587213119;0.2846793025862414;6;0.46265548767845377;[0.6403103898774809;0.2010198337424104;0.8076293275651429;0.36833877143007243];0.7791979054248851;0.25
6376;0.6188718526511691;0.6075829078418014;6;0.4205791180586;[0.532412487681228;0.5211235428718602;0.7053312176211102;0.6940422728117425];0.7750444084101389;0.25
8153;0.09550884499751444;0.5883474804037725;6;0.4214140919445854;[0.010093077888736618;0.5029317132949946;0.18092461210629227;0.6737632475125503];0.7770040484952272;0.25
6901;0.4548782911608573;0.8299821836276899;6;0.3582921648056405;[0.36794944056133105;0.7430533330281637;0.5418071417603836;0.9169110342272162];0.7741236358238378;0.25
6471;0.9988086109181786;0.6431777760785475;6;0.4423175779773568;[0.9101577607900712;0.5545269259504401;1.087459461046286;0.731828626206655];0.7754299396152888;0.25
7037;0.9176769619099994;0.29251496948470856;6;0.5127100551364072;[0.8316119390696535;0.20644994664436261;1.0037419847503453;0.3785799923250545];0.7754983022555599;0.25
7331;0.8762686343248676;0.5015521880331065;7;0.6318389501692155;[0.7829043862824949;0.4081879399907339;0.9696328823672402;0.5949164360754792];0.7768910814158142;0.25
4402;0.8931365044840591;0.8739674497134584;6;0.6220072054538038;[0.8045339775076918;0.7853649227370911;0.9817390314604264;0.9625699766898257];0.7699637825072112;0.25
1577;0.52551816589852;0.212360870189295;5;0.4586944953001624;[0.4405554251560391;0.12739812944681417;0.6104809066410009;0.29732361093177584];0.7756246272570779;0.25
2599;0.9077300479661894;0.035866116549112814;6;0.4470239720275342;[0.8218076845361071;-0.050056246880969546;0.9936524113962717;0.12178847997919517];0.7830836436532198;0.25
8868;0.6249385801678762;0.7018425026727826;5;0.5240976632859033;[0.5369625377994395;0.6138664603043459;0.7129146225363129;0.7898185450412193];0.7762240088471103;0.25
2867;0.7282252489456209;0.7544563752896769;6;0.47442108672006794;[0.6395750256184752;0.6658061519625312;0.8168754722727666;0.8431065986168226];0.7701489734694825;0.25
8666;0.9122022288480011;0.6975925801261427;6;0.3530836030233738;[0.8196447996170835;0.6050351508952251;1.0047596580789186;0.7901500093570603];0.7768888598708399;0.25
2715;0.740203263022144;0.7291740849112163;6;0.4495297127445777;[0.6473289122482989;0.6362997341373712;0.8330776137959891;0.8220484356850614];0.7744187187396223;0.25
8305;0.9729666528806136;0.37761260561028664;6;0.49179204312540126;[0.887505807198224;0.2921517599278971;1.058427498563003;0.4630734512926762];0.7746919013149076;0.25
5847;0.3016772741933592;0.38459749079145134;6;0.6068280374184405;[0.2060897240638039;0.289009940661896;0.39726482432291454;0.48018504092100667];0.7729862284366575;0.25
4786;0.9238460503824438;0.5356178677659155;6;0.41668729339299987;[0.8372876568320106;0.4490594742154822;1.010404443932877;0.6221762613163487];0.7869783328531209;0.25
9465;0.048104643135999825;0.8818232994863824;6;0.6231743144710375;[-0.03914153712746635;0.7945771192229162;0.135350823399466;0.9690694797498486];0.7711058288479098;0.25
7681;0.7713666485660376;0.17087435754949776;7;0.5340360590684474;[0.6869997776554114;0.08650748663887152;0.8557335194766639;0.255241228460124];0.7769452871517606;0.25
3139;0.5889566421212113;0.4156449652692742;6;0.4398307753636245;[0.5003127058101041;0.32700102895816696;0.6776005784323186;0.5042889015803814];0.7787458939760086;0.25
2453;0.42515247764510516;0.20242189949366124;6;0.5946995604657186;[0.3404871158110778;0.1177565376596339;0.5098178394791325;0.2870872613276886];0.7685993390844634;0.25
1865;0.6868374905028753;0.9029948411328801;6;0.5456509937608108;[0.5999399967511369;0.8160973473811416;0.7737349842546138;0.9898923348846186];0.7724725897579638;0.25
5934;0.8599426519112102;0.19245385947221555;6;0.5888960506947152;[0.7692062697702022;0.10171747733120756;0.9506790340522182;0.28319024161322354];0.7770669988056551;0.25
4741;0.5571885605773316;0.9166178753055159;6;0.4533793763582262;[0.46780843049067733;0.8272377452188616;0.6465686906639858;1.0059980053921702];0.7718992720804851;0.25
1072;0.5971278757667197;0.8513981814576356;6;0.2810152143612565;[0.5096254021433473;0.7638957078342632;0.684630349390092;0.938900655081008];0.7827418217032837;0.25
3239;0.949026563563791;0.0518175465557667;6;0.45365778955640634;[0.8602113245605788;-0.03699769244744547;1.037841802567003;0.14063278555897887];0.7712337928842304;0.25
9964;0.857459550672514;0.6082059580104006;6;0.41415434147063207;[0.7736801894465705;0.524426596784457;0.9412389118984575;0.6919853192363441];0.7789255156348747;0.25
4428;0.4008252965335763;0.8982917508511006;6;0.5477656826268409;[0.31440730583650606;0.8118737601540303;0.4872432872306465;0.9847097415481708];0.783261331424556;0.25
3387;0.2141688079249221;0.43076742982044247;6;0.44610215243467527;[0.12309368327896669;0.33969230517448706;0.3052439325708775;0.5218425544663978];0.7721843408345693;0.25
7518;0.6947846609488544;0.12478313062002655;6;0.5364778916721271;[0.6101013791118428;0.04009984878301501;0.779467942785866;0.2094664124570381];0.7800049641713239;0.25
3952;0.5970830592715282;0.5814145104857993;6;0.3346892056956601;[0.5067043489685132;0.49103580018278437;0.6874617695745431;0.6717932207888142];0.7767719819130251;0.25
8208;0.9450514453604288;0.9500023579451131;6;0.34400293316094754;[0.8594815659397413;0.8644324785244256;1.0306213247811162;1.0355722373658005];0.7695537755717194;0.25
5232;0.9178515795106413;0.8910851042743608;6;0.43184795893870404;[0.829403926596841;0.8026374513605605;1.0062992324244417;0.9795327571881611];0.7824228702866973;0.25
2306;0.5733431910459965;0.07255383143903432;6;0.5341215228510893;[0.48406959785264725;-0.01671976175431497;0.6626167842393458;0.16182742463238362];0.7741361567180631;0.25
6693;0.8654464113214222;0.4799254607140589;6;0.6308903113309291;[0.7757853026487561;0.39026435204139276;0.9551075199940883;0.569586569386725];0.7738230197083081;0.25
1194;0.5930108245622057;0.2634136107558464;6;0.44221379165737573;[0.5051451158231559;0.1755479020167967;0.6808765333012554;0.3512793194948961];0.7786239706935957;0.25
213;0.7452951004378758;0.45837702664855257;6;0.5443688396916885;[0.6575513593536564;0.3706332855643331;0.8330388415220953;0.546120767732772];0.7753855779076352;0.25
2450;0.7420272999942942;0.6668650283077613;6;0.5009572480956145;[0.6525179683656042;0.5773556966790712;0.8315366316229842;0.7563743599364514];0.7769754300733613;0.25
7263;0.8757936557065535;0.035747989615128595;6;0.4505532880638816;[0.7920113608004585;-0.048034305290966445;0.9595759506126486;0.11953028452122363];0.78078015510389;0.25
3280;0.6039909031827952;0.7882287401072723;7;0.5514317913384917;[0.5210979390401801;0.7053357759646571;0.6868838673254104;0.8711217042498874];0.7793721707238586;0.25
8896;0.7242210496690883;0.73448348836793;6;0.473201640602698;[0.6359127039976994;0.6461751426965411;0.8125293953404772;0.8227918340393189];0.7720486139528333;0.25
5764;0.18573089712690694;0.4475663870342942;6;0.6421610869123613;[0.0936407844157707;0.355476274323158;0.27782100983804314;0.5396564997454304];0.7727093531316808;0.25
9898;0.9347840942866221;0.8357253928249332;5;0.3567482000715002;[0.8447309490742004;0.7456722476125115;1.0248372394990437;0.9257785380373549];0.7769500745948142;0.25
5364;0.7433564992463925;0.5393026771248691;6;0.47564515230085747;[0.6550823919394436;0.4510285698179203;0.8316306065533413;0.627576784431818];0.7695904765381179;0.25
2441;0.7301504268668875;0.3662532898155907;6;0.4335930087571189;[0.6408558798315442;0.27695874278024746;0.8194449739022307;0.4555478368509339];0.7735822225361295;0.25
6621;0.8200197416989777;0.7994620971575624;7;0.5796998370807968;[0.7304702515161203;0.709912606974705;0.9095692318818351;0.8890115873404199];0.7725816883977935;0.25
3230;0.19274454038592348;0.8128438704599831;6;0.47049833535735397;[0.10241708229284455;0.7225164123669041;0.28307199847900244;0.903171328553062];0.7732468000622545;0.25
7962;0.9431857530377539;0.3004344063333187;6;0.5217763324410086;[0.8552092622899405;0.21245791558550534;1.0311622437855672;0.3884108970811321];0.780256408315696;0.25
4752;0.691376257354841;0.6000532600440248;6;0.4759837970563199;[0.6051595038089753;0.5138365064981592;0.7775930109007066;0.6862700135898905];0.7713130140521619;0.25
8973;0.3656130010929969;0.15302725285698743;7;0.5774424488753472;[0.2763590485608497;0.06377330032484027;0.45486695362514407;0.24228120538913459];0.7715023230981239;0.25
4200;0.10939418260835643;0.22973094748172407;6;0.5880013449155806;[0.017718805093040274;0.13805556996640792;0.20106956012367258;0.32140632499704025];0.7765689915266164;0.25
953;0.44536652879509475;0.4127747439740806;6;0.3206636064247934;[0.3612296352311246;0.3286378504101105;0.5295034223590649;0.4969116375380507];0.7744746325294994;0.25
6098;0.6320981926006092;0.07165804645576968;6;0.387777052346656;[0.5427000706927851;-0.01774007545205432;0.7214963145084332;0.16105616836359365];0.77730278425084;0.25
4;0.4017501687122528;0.6529603183672299;6;0.48606527724742316;[0.3121596999866101;0.5633698496415872;0.49134063743789547;0.7425507870928726];0.7762838235747466;0.25
6768;0.2790185263524724;0.788064959108249;6;0.5404608993921247;[0.19286218849035036;0.701908621246127;0.3651748642145944;0.8742212969703711];0.7619943344545059;0.25
3621;0.8685475523942946;0.25202431830218813;6;0.5142754673886909;[0.7822608247144763;0.1657375906223698;0.9548342800741129;0.33831104598200645];0.7708362823143197;0.25
4035;0.7735188986115942;0.09766674480797566;6;0.4692768516719908;[0.6861147504632843;0.010262596659665738;0.860923046759904;0.1850708929562856];0.7751900718517928;0.25
4294;0.3516572933302144;0.5376398402983155;6;0.509251460201264;[0.26205863160826115;0.44804117857636216;0.44125595505216764;0.6272385020202688];0.7779850003888021;0.25
4289;0.8636768357825517;0.9956691357856273;6;0.6571338505437578;[0.7784569383288635;0.9104492383319391;0.9488967332362399;1.0808890332393155];0.765917958371887;0.25
4462;0.22041436306880452;0.8536799686832186;6;0.4661744877307693;[0.13321272104893128;0.7664783266633454;0.30761600508867776;0.9408816107030918];0.7855550727646216;0.25
5946;0.10560208787995051;0.15410629845692453;6;0.3737778431150145;[0.023256045464721486;0.0717602560416955;0.18794813029517954;0.23645234087215355];0.7743430861456492;0.25
1027;0.806571131575316;0.6034529777266577;6;0.4321943259611312;[0.7214303461958996;0.5183121923472414;0.8917119169547324;0.6885937631060741];0.7799159449411663;0.25
8208;0.9265412943888465;0.1703961062109458;6;0.34400293316094754;[0.8345401066088485;0.07839491843094781;1.0185424821688445;0.2623972939909438];0.7695537755717194;0.25
2809;0.8933957136266518;0.5488105768714605;6;0.447678925498581;[0.8067042061557105;0.46211906940051917;0.9800872210975932;0.6355020843424019];0.7681438900751619;0.25
6491;0.19654343591000423;0.3142355700135128;6;0.4589358769627331;[0.10714988617058899;0.22484202027409758;0.2859369856494195;0.40362911975292803];0.768490099370363;0.25
3577;0.8530622635735432;0.6494684956362974;6;0.724659787957401;[0.7683179237809187;0.5647241558436729;0.9378066033661677;0.7342128354289219];0.773369233604236;0.25
1502;0.6440503953476712;0.6775518622476832;6;0.5021162159755902;[0.5604316612249123;0.5939331281249243;0.72766912947043;0.761170596370442];0.7725713901976434;0.25
6013;0.13880931527366497;0.6586606760648663;5;0.3994652491429558;[0.05120206150145433;0.5710534222926557;0.2264165690458756;0.746267929837077];0.7787936120057386;0.25
7309;0.9130178422782385;0.7203043646080232;6;0.6926786063113658;[0.8280195892396816;0.6353061115694663;0.9980160953167954;0.8053026176465801];0.7839726503298654;0.25
5007;0.5919159252156407;0.523461912315734;6;0.4123872886453579;[0.5027843088299165;0.4343302959300098;0.6810475416013649;0.6125935287014582];0.770650670294939;0.25
1714;0.9505972771888069;0.19247248958454521;6;0.36398721838308373;[0.8633568327092396;0.10523204510497783;1.0378377216683743;0.2797129340641126];0.7735523270097208;0.25
2365;0.8875387781860625;0.011910599047301407;6;0.5493781814586561;[0.8021003611038905;-0.07352781803487066;0.9729771952682346;0.09734901612947347];0.7786435731226891;0.25
2185;0.25321690354216675;0.7928880526831812;6;0.498111811473688;[0.16641267082176336;0.7060838199627778;0.34002113626257013;0.8796922854035846];0.7713807493076034;0.25
9121;0.665528191335767;0.8720476655933165;6;0.5349337320460106;[0.5774235866356459;0.7839430608931953;0.7536327960358882;0.9601522702934376];0.7794293332498864;0.25
2300;0.6099289931686809;0.4399007876111656;6;0.427523338124277;[0.5186393682898314;0.3486111627323161;0.7012186180475304;0.5311904124900151];0.7760569212870044;0.25
4623;0.3776834396716296;0.8622247160781173;5;0.501241930673158;[0.2900634930415051;0.7746047694479928;0.4653033863017541;0.9498446627082419];0.773370541055778;0.25
9079;0.46981643238643267;0.522355166012502;6;0.38090378479560183;[0.38292973803831376;0.43546847166438307;0.5567031267345516;0.6092418603606209];0.7790400208962645;0.25
7368;0.21502654347890765;0.9247878257981068;6;0.5703977142507066;[0.12270559874397158;0.8324668810631708;0.3073474882138437;1.0171087705330428];0.7814266881378025;0.25
4989;0.141004840245805;0.5617878350762497;6;0.5670696563712939;[0.05224756038169864;0.4730305552121434;0.22976212010991137;0.650545114940356];0.7743907868530702;0.25
6022;0.6010607057534625;0.8668306298849485;6;0.5185257278348533;[0.5138724365399967;0.7796423606714827;0.6882489749669283;0.9540188990984143];0.7751921210530726;0.25
3736;0.931988845656597;0.1687171198339264;5;0.4531135556488255;[0.8463253991070462;0.08305367328437561;1.0176522922061477;0.25438056638347717];0.7728183654204337;0.25
7244;0.3025959499229629;0.56039249279486;6;0.35055054761110915;[0.21940319476030007;0.4771997376321972;0.38578870508562574;0.6435852479575228];0.7791793953981296;0.25
298;0.6643970456395498;0.3527881885490809;7;0.5043333388796517;[0.5747991821438331;0.26319032505336415;0.7539949091352666;0.44238605204479764];0.7876291795908623;0.25
7038;0.1899962772880343;0.5647120559895975;6;0.46322824224931003;[0.1054594085913596;0.4801751872929228;0.274533145984709;0.6492489246862723];0.7740788254663177;0.25
2825;0.9701839521492603;0.9414827735735436;6;0.5278370972484737;[0.8838254705308733;0.8551242919551566;1.0565424337676474;1.0278412551919307];0.7789395963214167;0.25
1925;0.6345633522452665;0.7922166885904774;5;0.33524671459199634;[0.548154448467876;0.7058077848130869;0.720972256022657;0.878625592367868];0.7811440321642453;0.25
4534;0.509020868016636;0.1935371460098459;6;0.5953635247281681;[0.42450574541168884;0.10902202340489871;0.5935359906215832;0.2780522686147931];0.7721512929089257;0.25
8941;0.4210776749691363;0.8532320182328298;6;0.3152646510098912;[0.3346323160959448;0.7667866593596383;0.5075230338423278;0.9396773771060213];0.7759384934623738;0.25
8659;0.7296846048279554;0.5363586478377608;6;0.45152382880703623;[0.6473056107231304;0.45397965373293586;0.8120635989327804;0.6187376419425857];0.7696700893223036;0.25
7529;0.5265710965014648;0.8235236499919727;6;0.5779980992987414;[0.434888676999985;0.7318412304904929;0.6182535160029446;0.9152060694934525];0.7840716447964955;0.25
6854;0.6034354696197282;0.8605107440417524;6;0.38300389059185636;[0.5194338049157734;0.7765090793377977;0.6874371343236829;0.9445124087457072];0.7817836169309879;0.25
2228;0.38657882693860857;0.327460245205047;6;0.2942205576845637;[0.3031244524161324;0.24400587068257082;0.47003320146108474;0.4109146197275232];0.7771707123242685;0.25
5554;0.9434910370345052;0.231419377646308;6;0.502213100518235;[0.8519545162563422;0.13988285686814506;1.0350275578126682;0.3229558984244709];0.7770132426971676;0.25
5993;0.2938232783690138;0.9402678726128249;6;0.6333488397720497;[0.20819382401116743;0.8546384182549784;0.37945273272686014;1.0258973269706713];0.7842357560665951;0.25
32;0.5329719300954338;0.7816100824357793;6;0.6409168965482686;[0.4484576339144544;0.6970957862548001;0.617486226276413;0.8661243786167586];0.7776354761487648;0.25
6309;0.395495865703582;0.493853767858967;6;0.531119398547531;[0.3080266382476705;0.40638454040305555;0.48296509315949343;0.5813229953148784];0.782241096768159;0.25
805;0.6601203960410555;0.7225092561554438;7;0.5033684203995165;[0.5742576951645059;0.6366465552788941;0.7459830969176052;0.8083719570319935];0.7701813965607783;0.25
6260;0.43381432953213556;0.633658469641807;6;0.4562676801533063;[0.3445221606145893;0.5443663007242608;0.5231064984496818;0.7229506385593533];0.7710394456797995;0.25
2873;0.07192003546350434;0.7212851928056754;5;0.5516372276927898;[-0.01726613693810737;0.6320990204040636;0.16110620786511604;0.8104713652072871];0.7775372380954657;0.25
6620;0.36235217642352435;0.14285046540228652;6;0.5177823213534721;[0.27684881308611486;0.057347102064877045;0.44785553976093384;0.228353828739696];0.7760230365099245;0.25
4581;0.6463131554675753;0.10511460769623482;6;0.39514738290040297;[0.5604686948702357;0.019270147098895213;0.7321576160649149;0.19095906829357442];0.7821363245148856;0.25
812;0.5679790825482948;0.5967045113523984;6;0.4529214178006146;[0.48139805356385434;0.510123482367958;0.6545601115327352;0.6832855403368389];0.7805105015358081;0.25
2748;0.9507097508107758;0.23277512885227475;6;0.4405681207629948;[0.8672741271894727;0.14933950523097167;1.0341453744320788;0.3162107524735778];0.7681702454950127;0.25
1992;0.313338682050329;0.293939694906986;6;0.3857421659376745;[0.22343123338925763;0.20403224624591465;0.40324613071140036;0.3838471435680574];0.7703928024021323;0.25
6821;0.6480508081368718;0.6216850873292668;6;0.6189807165975936;[0.5548529312754581;0.5284872104678531;0.7412486849982854;0.7148829641906804];0.7767583937400294;0.25
692;0.5157365110632577;0.30105548899451623;6;0.5075683523565289;[0.43100085338063093;0.21631983131188948;0.6004721687458845;0.385791146677143];0.7824259910076278;0.25
8253;0.258786227188814;0.8193306274487937;6;0.588876346852023;[0.1716341444138405;0.7321785446738202;0.3459383099637875;0.9064827102237673];0.7648847866929068;0.25
2742;0.7390571448518789;0.9616997977375026;5;0.46427265698434256;[0.6514235792756427;0.8740662321612663;0.8266907104281151;1.049333363313739];0.7681068477808177;0.25
133;0.4411371670373875;0.8752735898422948;6;0.43028049529203105;[0.35306681347444363;0.7872032362793508;0.5292075206003314;0.9633439434052387];0.7827957759983779;0.25
5293;0.8117441341849609;0.647626034096566;6;0.42757452271008756;[0.7250438012460263;0.5609257011576314;0.8984444671238956;0.7343263670355007];0.756378275679787;0.25
2048;0.6271961102532594;0.1687691953132811;6;0.49458936074942383;[0.538533374986512;0.08010646004653375;0.7158588455200068;0.25743193058002845];0.7684297184813076;0.25
6626;0.6366226018253581;0.7141928516203779;6;0.6893487064422174;[0.5478668015727861;0.6254370513678059;0.7253784020779301;0.80294865187295];0.7776184795219092;0.25
9737;0.24697420601335768;0.6398567660613572;6;0.5068867719218407;[0.16049615736766398;0.5533787174156636;0.3334522546590514;0.7263348147070509];0.7778898785063748;0.25
5626;0.32188975571691597;0.4372531789379344;6;0.47060233120581013;[0.2344264683746457;0.34978989159566415;0.40935304305918624;0.5247164662802047];0.7747440982513581;0.25
833;0.7994392294389387;0.03729365159322773;6;0.5124654296379674;[0.7110141460105354;-0.05113143183517567;0.8878643128673421;0.1257187350216311];0.7729594302946542;0.25
7196;0.23886240076988163;0.35551021046236403;6;0.5638108313562071;[0.14661300599814367;0.2632608156906261;0.3311117955416196;0.44775960523410197];0.7743973517833755;0.25
3726;0.579070842847144;0.8116060897599969;6;0.6016709044517617;[0.4891289136033611;0.721664160516214;0.669012772090927;0.9015480190037799];0.7732392208926652;0.25
1202;0.5926213075117551;0.528677367412375;6;0.48540189541153866;[0.5063504909688877;0.44240655086950764;0.6788921240546225;0.6149481839552424];0.7658705896629283;0.25
9342;0.6304747617719412;0.42974897071878193;6;0.5189893240283194;[0.5428352790654358;0.3421094880122766;0.7181142444784465;0.5173884534252873];0.769692427019125;0.25
6185;0.33243796228408085;0.39350382636809855;5;0.4004606880985309;[0.23690509915214342;0.2979709632361611;0.4279708254160183;0.489036689500036];0.7722874383571131;0.25
178;0.5650678768635963;0.25468458926872856;6;0.5811750483264033;[0.4857193404127702;0.17533605281790252;0.6444164133144223;0.33403312571955457];0.7718473542979455;0.25
7150;0.31247875932348157;0.8577983350826051;6;0.4881431370840026;[0.22759854926700163;0.7729181250261251;0.3973589693799615;0.942678545139085];0.7667428861085243;0.25
3608;0.7602037098710079;0.37428742738539555;7;0.49174081992790675;[0.6724575630823165;0.2865412805967041;0.8479498566596994;0.462033574174087];0.7807907316613822;0.25
357;0.42371551248340333;0.7717239471625525;6;0.45768798888002804;[0.3387907366368554;0.6867991713160047;0.5086402883299512;0.8566487230091004];0.7870289019142137;0.25
6985;0.37729803331416;0.46161229822702626;6;0.3177312430534014;[0.29246449255506435;0.37677875746793066;0.46213157407325567;0.5464458389861219];0.7708349863947924;0.25
4868;0.6822580077334595;0.453390705785753;6;0.5581627146580587;[0.5958022584301169;0.3669349564824105;0.768713757036802;0.5398464550890956];0.771401989552698;0.25
6473;0.23145952964588917;0.8560903517779328;6;0.6621816018792792;[0.14368055783225445;0.7683113799642981;0.3192385014595239;0.9438693235915675];0.7771925746064439;0.25
5398;0.9673143021195874;0.7649887583845406;5;0.6667386529649144;[0.8819270637617194;0.6796015200266726;1.0527015404774553;0.8503759967424086];0.7742931150251126;0.25
7851;0.8341672128338381;0.43344932212659576;6;0.31554459761198295;[0.7469712954500092;0.3462534047427669;0.921363130217667;0.5206452395104246];0.7728569187632569;0.25
2630;0.9983761018108291;0.6614982360877142;6;0.49860667932032926;[0.9125401125401079;0.575662246816993;1.0842120910815503;0.7473342253584354];0.7745246744817069;0.25
7335;0.34806913781433824;0.5157397723157596;6;0.41495461591748384;[0.259051945521831;0.42672258002325236;0.4370863301068455;0.6047569646082669];0.7720312311464719;0.25
4015;0.19960077019760575;0.3788457095065372;6;0.7188731679265629;[0.11247584358375477;0.2917207828926862;0.2867256968114567;0.46597063612038814];0.782226124598247;0.25
1226;0.1982389909632019;0.9844313528652142;6;0.501695341491309;[0.11285715261605017;0.8990495145180625;0.28362082931035365;1.0698131912123658];0.7737232316435101;0.25
8890;0.5134235042518903;0.4988795461973155;6;0.46555372313912924;[0.4263868457299909;0.4118428876754161;0.6004601627737897;0.5859162047192149];0.7668254511954327;0.25
5369;0.8297448137310782;0.4442518564557708;6;0.5026811488166003;[0.7389274478097484;0.353434490534441;0.920562179652408;0.5350692223771006];0.7795962141467269;0.25
2082;0.7190462887749822;0.5864497655642624;6;0.5347080780755454;[0.6294965376193395;0.49690001440861975;0.8085960399306249;0.6759995167199051];0.7727329011228075;0.25
7015;0.6591324080950072;0.7763296980144181;6;0.4469985136316625;[0.5709216161939257;0.6881189061133366;0.7473431999960887;0.8645404899154996];0.7822158498167152;0.25
1953;0.9801367321918595;0.5538213513652436;5;0.586070433649844;[0.8904701240269649;0.464154743200349;1.0698033403567542;0.6434879595301382];0.7719623223016144;0.25
3597;0.38241033459308404;0.4531810658079224;6;0.5349910930960502;[0.2996725100229112;0.3704432412377495;0.4651481591632569;0.5359188903780953];0.7796479617478804;0.25
8140;0.3371404108197293;0.23451890354965182;6;0.48084839388712036;[0.2476258817049326;0.14500437443485514;0.42665493993452597;0.3240334326644485];0.7721818543421927;0.25
5046;0.7475397392075005;0.5464209753520806;6;0.44973169425782367;[0.6586382320318568;0.45751946817643685;0.8364412463831442;0.6353224825277243];0.7681272608763551;0.25
981;0.14349536657229456;0.9442985669034955;6;0.45368464518283574;[0.05618713416213575;0.8569903344933366;0.23080359898245337;1.0316067993136542];0.7733547141041897;0.25
6836;0.5540414656751511;0.5025900374422853;6;0.576046454556609;[0.4623120482626467;0.41086062002978085;0.6457708830876555;0.5943194548547897];0.7779352353382748;0.25
8992;0.4856988073877496;0.900075163380826;5;0.6585715422574743;[0.3911429391514284;0.8055192951445048;0.5802546756240708;0.9946310316171473];0.7750103332282932;0.25
1186;0.3945709577117905;0.4602600959514786;6;0.5012242596336188;[0.3054388273360891;0.3711279655757772;0.4837030880874919;0.54939222632718];0.7836214359309633;0.25
