1577;0.3565745358838681;0.7859547838644476;6;0.3555046456166643;[0.2666655731686958;0.6960458211492753;0.4464834985990404;0.87586374657962];0.7797393048373711;0.25
2099;0.34734087906982486;0.8214528154919136;6;0.49408257592734656;[0.25943709556452565;0.7335490319866145;0.43524466257512406;0.9093565989972128];0.7711561216363886;0.25
2177;0.7028221194196337;0.7170610998531466;6;0.6240971165129471;[0.6156364602273239;0.6298754406608369;0.7900077786119435;0.8042467590454563];0.7743915631579092;0.25
3848;0.8363995533012822;0.7916712127637533;6;0.3846692106281651;[0.7430050923842648;0.6982767518467359;0.9297940142182997;0.8850656736807707];0.7780705409552137;0.25
6050;0.28220774719381003;0.1852517928143862;6;0.3603271449487497;[0.1960318200151599;0.09907586563573605;0.36838367437246017;0.27142771999303633];0.7859940535836643;0.25
623;0.931468362252204;0.6579267326104006;6;0.5636485119752727;[0.8431524039091043;0.5696107742673009;1.0197843205953037;0.7462426909535003];0.77551830383408;0.25
2838;0.7870330221443986;0.7730209857171931;6;0.5552526269455961;[0.6981211709924436;0.6841091345652381;0.8759448732963536;0.8619328368691481];0.7784836900569431;0.25
5181;0.36993197701217695;0.8674438120323892;6;0.49051546539857294;[0.283957639172643;0.7814694741928552;0.4559063148517109;0.9534181498719232];0.7765821367564752;0.25
3471;0.6989129272807705;0.8273787329307518;5;0.48244483496908286;[0.6112007087375567;0.739666514387538;0.7866251458239842;0.9150909514739656];0.773142361618223;0.25
5931;0.38150084926155786;0.5080399903717705;6;0.565827481499773;[0.29364875810164204;0.4201878992118546;0.4693529404214737;0.5958920815316864];0.784443834318252;0.25
1323;0.7181761102106334;0.39793187540644914;6;0.660643208582516;[0.62951367939432;0.3092694445901357;0.8068385410269469;0.48659430622276256];0.7746689713216325;0.25
3735;0.7009006919193785;0.9190204523245072;6;0.6544500323152649;[0.6136712109211121;0.8317909713262408;0.788130172917645;1.0062499333227737];0.7799126034240815;0.25
8939;0.10550200118697306;0.8287323600798726;6;0.41567784537025465;[0.01852438314482846;0.741754742037728;0.19247961922911766;0.9157099781220173];0.78443626364781;0.25
799;0.7267809397094859;0.9644262343211576;6;0.45034191014501257;[0.6377876036002379;0.8754328982119096;0.8157742758187339;1.0534195704304057];0.7805984168598119;0.25
8700;0.49947977519785075;0.8760066269427349;6;0.4789642821329788;[0.41376093158118665;0.7902877833260707;0.5851986188145148;0.961725470559399];0.7701999374308847;0.25
863;0.8048765264866371;0.5498602889791695;6;0.4398685565622027;[0.713995016512359;0.45897877900489137;0.8957580364609152;0.6407417989534476];0.7816137623822935;0.25
2654;0.7783773964085176;0.611585623720373;5;0.6765524025589789;[0.6877548475942235;0.5209630749060788;0.8689999452228117;0.702208172534667];0.774855208815291;0.25
9525;0.5190716103228957;0.6325512628411336;6;0.4984290806017037;[0.4330582449437742;0.5465378974620121;0.6050849757020172;0.7185646282202551];0.7784928634100784;0.25
6639;0.884439202647876;0.18627231458005078;6;0.5828126751960045;[0.7933043841305362;0.0951374960627109;0.9755740211652159;0.2774071330973907];0.7755053369070264;0.25
2739;0.6977802155002758;0.1480135860761379;6;0.6395809746956953;[0.6127905473843546;0.06302391796021665;0.782769883616197;0.23300325419205914];0.7710026458920258;0.25
878;0.42856379783394877;0.7431943130708352;6;0.4970143520235968;[0.3428734227960647;0.6575039380329512;0.5142541728718328;0.8288846881087192];0.773426559394855;0.25
57;0.8710058283440365;0.6432550386335412;6;0.3765642395434873;[0.778644329732026;0.5508935400215307;0.963367326956047;0.7356165372455516];0.7711176802599676;0.25
2387;0.8710766729993809;0.580010634534449;6;0.44780045884570735;[0.7837475428671239;0.492681504402192;0.9584058031316378;0.667339764666706];0.7722341674423369;0.25
8561;0.9762044720335176;0.12569199292283195;6;0.45051326154399707;[0.8903604869059767;0.03984800779529103;1.0620484571610584;0.21153597805037289];0.7717509870816301;0.25
5453;0.5982151910470517;0.5359039756619004;6;0.5178925290137304;[0.5114227920239461;0.44911157663879486;0.6850075900701572;0.6226963746850059];0.7715054530922288;0.25
2870;0.8871492561787144;0.6497547057864574;6;0.4621450163095176;[0.8002235171163016;0.5628289667240446;0.9740749952411273;0.7366804448488703];0.7832126907781557;0.25
1647;0.5944142584643956;0.5259198298841155;6;0.2615043743974016;[0.5099260601882006;0.44143163160792054;0.6789024567405905;0.6104080281603104];0.7773108123067178;0.25
7031;0.5997631074274306;0.6099790049630744;6;0.7046680609586705;[0.5169802879059873;0.5271961854416312;0.6825459269488738;0.6927618244845177];0.7657133202428947;0.25
1231;0.5921279608366679;0.7944982712125679;6;0.44489738765962755;[0.508843843994802;0.711214154370702;0.6754120776785337;0.8777823880544338];0.7755930801015578;0.25
7220;0.32322994535458766;0.6321991381504806;6;0.4977407956069871;[0.23853758123942664;0.5475067740353196;0.40792230946974867;0.7168915022656416];0.7694463964047773;0.25
7634;0.8876752212757848;0.29305830953639345;6;0.43207486935595496;[0.7957648801205568;0.20114796838116547;0.9795855624310128;0.38496865069162145];0.7731720855634518;0.25
1097;0.6535568330559937;0.5157349522909491;5;0.6031942934850213;[0.5678557127206127;0.4300338319555682;0.7392579533913746;0.60143607262633];0.7764724546418632;0.25
7071;0.35987507126340434;0.31365613684258375;6;0.4307054764086741;[0.27537208794656187;0.22915315352574128;0.4443780545802468;0.3981591201594262];0.7700270161962481;0.25
6265;0.002416385854019487;0.5835265583953777;6;0.5382939764481921;[-0.08752895907580031;0.4935812134655579;0.09236173078383929;0.6734719033251975];0.7736753628913461;0.25
9792;0.6128648702721928;0.6474387346425212;6;0.5932167415310196;[0.5282464201506452;0.5628202845209735;0.6974833203937405;0.7320571847640689];0.7743413320340902;0.25
6485;0.12534600562941278;0.4541410644018069;6;0.647229601319266;[0.035385256609018464;0.3641803153814126;0.21530675464980709;0.5441018134222012];0.7795033329950136;0.25
2393;0.8447633688159352;0.701079659716298;6;0.6440010241955691;[0.7578138552145426;0.6141301461149055;0.9317128824173277;0.7880291733176906];0.7817644410658894;0.25
6835;0.18342833471958964;0.5042795287947828;6;0.5396453233508584;[0.09943019741766088;0.42028139149285404;0.26742647202151837;0.5882776660967115];0.7723473590028828;0.25
2870;0.8762865856306961;0.8411431247215366;6;0.4621450163095176;[0.7897978559848277;0.7546543950756682;0.9627753152765645;0.927631854367405];0.7832126907781557;0.25
1162;0.699990853457583;0.441946956799676;7;0.34565728501108184;[0.6142598375538056;0.3562159408958986;0.7857218693613605;0.5276779727034534];0.7774580459148471;0.25
7305;0.4959941466276584;0.3980438632998058;6;0.7518307734568919;[0.4102221952356974;0.3122719119078448;0.5817660980196193;0.48381581469176677];0.7716614593036205;0.25
3010;0.42419143366810413;0.35598878883424223;6;0.40326174918188734;[0.33886662102028514;0.27066397618642324;0.5095162463159231;0.4413136014820612];0.7803652155139663;0.25
3198;0.608310626444218;0.8191823316890421;6;0.5184430231430888;[0.523017942719856;0.7338896479646801;0.6936033101685799;0.904475015413404];0.7732076181076779;0.25
9154;0.4389669057186433;0.7752760930778373;6;0.46399598293844924;[0.35494733563147557;0.6912565229906695;0.522986475805811;0.859295663165005];0.7721983328980525;0.25
6896;0.7940962779814198;0.5045190672784841;6;0.539726866133915;[0.7052517288637469;0.41567451816081114;0.8829408270990927;0.593363616396157];0.7697759110250529;0.25
1092;0.47544899530642104;0.7140428267296199;6;0.48149862253434367;[0.3864584256794036;0.6250522571026025;0.5644395649334385;0.8030333963566374];0.7683393238236422;0.25
6273;0.999810014083328;0.5443313207886896;7;0.7129697386146103;[0.9138167916726279;0.4583380983779895;1.0858032364940282;0.6303245431993898];0.7709211054434251;0.25
6714;0.5275885979966201;0.9499296715089844;6;0.4935326859778221;[0.44167703567985367;0.8640181091922181;0.6135001603133865;1.0358412338257508];0.7756463756282113;0.25
3398;0.7335098348282545;0.5210086492573616;6;0.5089321948295675;[0.6447204223574984;0.43221923678660545;0.8222992472990106;0.6097980617281177];0.7786464780306079;0.25
9001;0.6728474508393636;0.7759592710323804;7;0.4191586353899662;[0.5870067379710604;0.6901185581640772;0.7586881637076668;0.8617999839006836];0.7753531010404672;0.25
4706;0.7612743069648112;0.7220920310989509;6;0.5176082441475294;[0.67662218301168;0.6374399071458197;0.8459264309179425;0.8067441550520822];0.7736685660018473;0.25
1191;0.5456848257808655;0.19516859426190847;6;0.6301089689294742;[0.4600483494370984;0.1095321179181413;0.6313213021246327;0.2808050706056756];0.7740887398046252;0.25
8820;0.3784671416599898;0.6784780218290093;6;0.464075227493675;[0.2885952461237661;0.5886061262927855;0.4683390371962135;0.7683499173652331];0.7747512429364297;0.25
3603;0.32401972145903607;0.9996979576955282;6;0.617245450273695;[0.23306586324612807;0.9087440994826201;0.41497357967194404;1.0906518159084362];0.7814752512690527;0.25
359;0.7279947012921631;0.8056885196522883;6;0.49883541675271154;[0.6400275945625833;0.7177214129227085;0.815961808021743;0.893655626381868];0.7721861690265488;0.25
7967;0.9530451735123073;0.36039956440078336;6;0.504845110260523;[0.8673823959083439;0.2747367867968199;1.0387079511162707;0.4460623420047468];0.7771216711722969;0.25
4462;0.5713599957457649;0.9509057726673016;5;0.5716519848119902;[0.4811428657719825;0.8606886426935192;0.6615771257195473;1.041122902641084];0.7785415163972816;0.25
17;0.5724976850110239;0.3403889837956031;6;0.5479959456087411;[0.4823663987428203;0.25025769752739946;0.6626289712792276;0.4305202700638068];0.7829365599465554;0.25
6302;0.9118608287843651;0.23593020211588922;6;0.4792860252652029;[0.8242285989182676;0.14829797224979172;0.9994930586504627;0.32356243198198675];0.772729678995655;0.25
7218;0.5097043969872146;0.9283485618228599;6;0.5505913169658518;[0.4208454035055432;0.8394895683411885;0.598563390468886;1.0172075553045312];0.7692678944083874;0.25
9783;0.2166848078377277;0.6670214093543022;5;0.5621214085910738;[0.12934999912760992;0.5796866006441844;0.3040196165478455;0.75435621806442];0.7769101751546471;0.25
5755;0.4862583695404278;0.8307094819562596;6;0.4408393071948239;[0.39998106642492703;0.7444321788407589;0.5725356726559285;0.9169867850717603];0.7856229609918781;0.25
9872;0.36989792794056603;0.5723003718965227;6;0.28713615187677144;[0.28433991476944476;0.4867423587254014;0.4554559411116873;0.657858385067644];0.7821493328662353;0.25
9956;0.5652115826708353;0.5543807926289126;6;0.5083560034110992;[0.4734440235830378;0.4626132335411151;0.6569791417586327;0.64614835171671];0.7784237268344172;0.25
8706;0.4533982048846639;0.6335652261232481;6;0.6064900940449321;[0.3692230477102245;0.5493900689488087;0.5375733620591033;0.7177403832976874];0.7727706948354351;0.25
369;0.9875252479268154;0.35081673969961824;6;0.5785374357017637;[0.899256789168322;0.2625482809411248;1.075793706685309;0.43908519845811167];0.7800218965807155;0.25
1086;0.880209477608774;0.768772780975206;6;0.5378821346525591;[0.7918423736757926;0.6804056770422245;0.9685765815417554;0.8571398849081874];0.776300691534037;0.25
7617;0.8588542611193505;0.41621128751112013;6;0.5298409956392839;[0.7703474863752644;0.327704512767034;0.9473610358634366;0.5047180622552063];0.7723739996123967;0.25
1248;0.5830033793741597;0.6316335003109164;6;0.6443097268459335;[0.4990239319512767;0.5476540528880334;0.6669828267970427;0.7156129477337994];0.7757089178042743;0.25
7176;0.44814562554243637;0.9611254636901534;6;0.5627349273989513;[0.35782675890091337;0.8708065970486304;0.5384644921839594;1.0514443303316763];0.766847482952856;0.25
6508;0.8880374814779839;0.6391500059420381;6;0.438377860464474;[0.8004188926393498;0.551531417103404;0.9756560703166179;0.7267685947806721];0.7647433631355237;0.25
1765;0.7893336259196413;0.8922587401606216;6;0.5132837990842155;[0.7032097246401046;0.806134838881085;0.875457527199178;0.9783826414401582];0.7728024830248713;0.25
7725;0.4296834965259553;0.9833440043043722;6;0.3482210566850331;[0.3495344314460255;0.9031949392244424;0.5098325616058851;1.0634930693843019];0.7707381714090895;0.25
7247;0.5617862964953895;0.8545530004917707;6;0.5389154420421987;[0.4720797399947888;0.7648464439911701;0.6514928529959901;0.9442595569923714];0.7741087764636072;0.25
522;0.369617476193645;0.7366365476992927;6;0.5216199006937764;[0.2825396290190219;0.6495587005246696;0.45669532336826807;0.8237143948739157];0.780676329526321;0.25
1628;0.9146983347339274;0.9826227357386976;6;0.5183113523493541;[0.8280923314368336;0.8960167324416038;1.0013043380310211;1.0692287390357915];0.7753032140352135;0.25
4853;0.7073140720379285;0.6603531648920365;6;0.449063364864788;[0.6178274499663156;0.5708665428204236;0.7968006941095415;0.7498397869636495];0.7777512384983812;0.25
1237;0.8797310535716591;0.3199347939121501;6;0.6762047745856534;[0.7909741979206613;0.23117793826115224;0.968487909222657;0.4086916495631479];0.771257535397544;0.25
7384;0.800345132819838;0.17233392546581017;6;0.5321013871965252;[0.7100988209123494;0.08208761355832163;0.8905914447273265;0.2625802373732987];0.7722663849994431;0.25
5163;0.9578529703067584;0.8221909594749648;6;0.37698175403487333;[0.8744372990834212;0.7387752882516275;1.0412686415300956;0.905606630698302];0.775079835409836;0.25
8975;0.2512320258113533;0.4903895527298497;6;0.5299762416008977;[0.1688339315836101;0.4079914585021065;0.3336301200390965;0.5727876469575929];0.7653805385695821;0.25
5570;0.33344996644929087;0.5979832499520171;6;0.4636607497787731;[0.24493101536310136;0.5094642988658276;0.4219689175354804;0.6865022010382067];0.7736407332838505;0.25
6318;0.6963593710625045;0.8706837193410882;5;0.37972486182055865;[0.6059036059079614;0.7802279541865451;0.7868151362170475;0.9611394844956314];0.7883685962607785;0.25
293;0.6318746577475455;0.7217830747268823;6;0.471254315012615;[0.5476059888631736;0.6375144058425104;0.7161433266319174;0.8060517436112542];0.7747241036577311;0.25
5795;0.9283666656973548;0.3206291334346899;6;0.5183261758961726;[0.8430967800851621;0.23535924782249712;1.0136365513095476;0.4058990190468827];0.7764009138382246;0.25
2097;0.04973316582261367;0.5452990401928204;6;0.49639510117965846;[-0.0382463382615936;0.4573195361086131;0.13771266990682093;0.6332785442770277];0.7717956287237493;0.25
7950;0.35151210996065724;0.9919492189847744;5;0.5373416507040647;[0.26553507158579265;0.9059721806099098;0.4374891483355218;1.077926257359639];0.7689867319592284;0.25
6618;0.46234160198615504;0.6928064385577148;6;0.4062352520181609;[0.37224805343532597;0.6027128900068858;0.5524351505369841;0.7828999871085439];0.7788710979499796;0.25
1776;0.2264720934100436;0.7235936428950732;5;0.5047417773611671;[0.13821962037409913;0.6353411698591287;0.31472456644598806;0.8118461159310177];0.7698044111414118;0.25
943;0.5454526658960944;0.6995973732783073;6;0.5300853803727301;[0.4580793565727055;0.6122240639549184;0.6328259752194834;0.7869706826016962];0.7744948879205852;0.25
4184;0.6888177216395951;0.9291553462671014;6;0.5157324429284493;[0.5994648774989613;0.8398025021264675;0.7781705657802289;1.0185081904077353];0.7655940749676569;0.25
554;0.25844314636022336;0.5068580430900631;6;0.5796782087379901;[0.16865518796591067;0.4170700846957504;0.34823110475453606;0.5966460014843757];0.7737102021777544;0.25
1039;0.7752639644596467;0.5134211114807795;6;0.584685899510129;[0.6883296213892841;0.4264867684104169;0.8621983075300094;0.6003554545511421];0.7791425294107845;0.25
6566;0.5640128567340345;0.7366820239963191;7;0.2855377581062226;[0.4753210977468001;0.6479902650090847;0.6527046157212688;0.8253737829835535];0.7729673698241833;0.25
751;0.31254705498438784;0.31940317965302745;6;0.40737458322883646;[0.22447138018649188;0.23132750485513148;0.4006227297822838;0.4074788544509234];0.7732764245997342;0.25
6831;0.5467411178142243;0.6962592022374426;6;0.5923179466380648;[0.4615743843889617;0.61109246881218;0.6319078512394869;0.7814259356627052];0.775358064928371;0.25
7273;0.03889191599224262;0.056746886543436625;6;0.5395410595411755;[-0.0494819424852795;-0.03162697193408549;0.12726577446976473;0.14512074502095873];0.7823019866528632;0.25
751;0.39824107869751724;0.7843285690861926;6;0.40737458322883646;[0.3145202340404962;0.7006077244291716;0.48196192335453825;0.8680494137432136];0.7732764245997342;0.25
8502;0.7333026957271566;0.7576521594614607;6;0.6192786602092808;[0.6451896144464819;0.6695390781807861;0.8214157770078312;0.8457652407421353];0.7784204160291839;0.25
5263;0.8676761859952465;0.7568248081175131;6;0.5163479336932075;[0.7836244200281449;0.6727730421504114;0.9517279519623482;0.8408765740846147];0.7705986973021994;0.25
1082;0.8571809382834119;0.7879685670347718;6;0.4993004477154568;[0.7690028193254864;0.6997904480768463;0.9453590572413374;0.8761466859926973];0.77630300161727;0.25
6152;0.3081633570911311;0.9948155309994668;6;0.671994396284723;[0.21932343820076633;0.905975612109102;0.3970032759814958;1.0836554498898316];0.7832414949861682;0.25
7296;0.39776499894362155;0.47598463124308843;6;0.5566413958382838;[0.30904983408302267;0.38726946638248955;0.48648016380422043;0.5646997961036874];0.777060702910231;0.25
6398;0.6534271189143859;0.6053902329312972;6;0.4100774040865287;[0.5649023081342651;0.5168654221511765;0.7419519296945066;0.693915043711418];0.7750154879530511;0.25
99;0.5898322684172689;0.576476575756228;5;0.42052618085792337;[0.5043399057557048;0.49098421309466395;0.675324631078833;0.6619689384177921];0.7753064529931443;0.25
5211;0.9510382424870367;0.16362226564279514;6;0.5487683386044877;[0.8654455431772146;0.07802956633297299;1.0366309417968589;0.2492149649526173];0.7751797479496108;0.25
4087;0.04430564476033394;0.648660799944254;6;0.4233871973904774;[-0.04174340277042986;0.5626117524134902;0.13035469229109775;0.7347098474750178];0.7733339080662855;0.25
7414;0.6723297471766941;0.9901422136915872;5;0.5260629905899677;[0.5849751559382084;0.9027876224531014;0.7596843384151799;1.0774968049300728];0.7757637568271986;0.25
6934;0.8794439831438507;0.7939593243207463;6;0.39178053671948204;[0.7941576626789559;0.7086730038558515;0.9647303036087456;0.8792456447856412];0.7746832852112407;0.25
3136;0.86460127893411;0.5541546063630325;6;0.3893293055094169;[0.7805033429705935;0.47005667039951604;0.9486992148976264;0.6382525423265489];0.7743088632358838;0.25
8279;0.8063366968974511;0.7707634544733;6;0.43078742641193707;[0.7178306772347886;0.6822574348106374;0.8948427165601137;0.8592694741359626];0.7751231992048185;0.25
4306;0.5331865061586019;0.8799658624351903;6;0.400361592475689;[0.4466707781418275;0.7934501344184158;0.6197022341753763;0.9664815904519647];0.7745623731327423;0.25
2216;0.4002738068662294;0.9197414066886336;6;0.4879107031058868;[0.3150885050612807;0.8345561048836849;0.48545910867117803;1.0049267084935822];0.7834913819893784;0.25
6134;0.8249353094516981;0.8752166014217371;6;0.44024274427653676;[0.7334955608719529;0.7837768528419918;0.9163750580314434;0.9666563500014823];0.7670440574326737;0.25
2576;0.9534964676929235;0.4334826493225451;6;0.7040585381196478;[0.8629996844150607;0.34298586604468234;1.0439932509707863;0.5239794326004079];0.7653935648576123;0.25
4376;0.5875527874140672;0.29713364944887843;6;0.5427973548704343;[0.49856407067009745;0.20814493270490864;0.676541504158037;0.38612236619284823];0.7775675192016526;0.25
7053;0.26541337508398233;0.7413506951233877;6;0.4646851789857726;[0.17955992723080166;0.655497247270207;0.351266822937163;0.8272041429765684];0.7769099949781402;0.25
3414;0.3976034616731357;0.43851433942588613;6;0.37355425710734014;[0.309140296862114;0.3500511746148644;0.48606662648415744;0.5269775042369078];0.7802509321579565;0.25
1863;0.45904060249390616;0.7265563609299585;6;0.5857920286045628;[0.3734760969778776;0.6409918554139299;0.5446051080099347;0.812120866445987];0.7773362590848124;0.25
3375;0.23342792624549036;0.9667733879938044;6;0.5482273115832538;[0.1478061972800482;0.8811516590283622;0.31904965521093254;1.0523951169592465];0.7809846813851989;0.25
297;0.806216030545157;0.5603948486599967;6;0.6933549387394331;[0.7192436616961037;0.4734224798109433;0.8931883993942104;0.64736721750905];0.7734933578478382;0.25
1889;0.6525791132838888;0.7141961019225791;6;0.47848085957426534;[0.5635033915899207;0.6251203802286109;0.741654834977857;0.8032718236165473];0.7744144412307448;0.25
3167;0.6134696812753179;0.7884993140030738;7;0.4081074612289602;[0.525503486585548;0.700533119313304;0.7014358759650877;0.8764655086928437];0.774856910811613;0.25
1395;0.46760049192297204;0.9384517033511496;6;0.3908828663100772;[0.3833505452317607;0.8542017566599382;0.5518504386141834;1.022701650042361];0.7757900149024878;0.25
7460;0.9709598789956111;0.1582650480455291;6;0.5394722468161973;[0.8852952562183654;0.07260042526828342;1.0566245017728568;0.24392967082277478];0.7806247279862917;0.25
9413;0.9218221681429344;0.6912296300942824;6;0.4729652274226365;[0.8326212423208015;0.6020287042721495;1.0110230939650673;0.7804305559164153];0.770169970943399;0.25
1566;0.6066288856276684;0.8051077081663791;6;0.48581787259742115;[0.5192200229559516;0.7176988454946623;0.6940377482993851;0.8925165708380959];0.776454155060856;0.25
4635;0.692201552335787;0.4300072344031468;6;0.5110269188296076;[0.5991135268632233;0.3369192089305832;0.7852895778083506;0.5230952598757105];0.7652123852525377;0.25
977;0.4707702397283993;0.8722584252708214;6;0.33299957155721543;[0.3813453959790081;0.7828335815214302;0.5601950834777906;0.9616832690202126];0.7643553346376831;0.25
7894;0.9651619265176035;0.2350509418313893;6;0.5904604670914951;[0.8792716202048266;0.14916063551861247;1.0510522328303802;0.32094124814416614];0.7714482520782225;0.25
2128;0.27755463707688843;0.9239728407267281;6;0.5071799067196959;[0.18984545259820212;0.8362636562480419;0.36526382155557474;1.0116820252054144];0.7718948728791758;0.25
2522;0.878672030683863;0.7613790745950972;6;0.5080338434472635;[0.793226982544094;0.6759340264553282;0.9641170788236321;0.8468241227348663];0.7777255436653977;0.25
9588;0.6049622217017085;0.7354062891360148;6;0.4047358732149704;[0.5137960757348636;0.6442401431691698;0.6961283676685535;0.8265724351028598];0.7775203950299325;0.25
860;0.8464654683907424;0.9417124308528821;6;0.6332013082582908;[0.7536306405233331;0.8488776029854728;0.9393002962581518;1.0345472587202915];0.7626280037684352;0.25
2360;0.5711698101475957;0.4852715118473303;6;0.4929191706698118;[0.48452964667426984;0.39863134837400443;0.6578099736209215;0.5719116753206561];0.7723172690724788;0.25
5984;0.3271926019791943;0.7924140676460075;6;0.4671204452833028;[0.23960989174762626;0.7048313574144395;0.41477531221076236;0.8799967778775756];0.7699210809623177;0.25
4274;0.9383095766197385;0.6690722932983115;6;0.6097205854843639;[0.8493365278711048;0.5800992445496779;1.027282625368372;0.7580453420469452];0.7798123370457067;0.25
9452;0.34489152355440356;0.6548293338788665;6;0.34683283364201656;[0.2574540454480696;0.5673918557725326;0.4323290016607375;0.7422668119852005];0.7726124396912342;0.25
2760;0.46257461468134053;0.279713309676329;5;0.4672125700441281;[0.37409000281460525;0.19122869780959373;0.5510592265480758;0.3681979215430643];0.7552787481706738;0.25
4826;0.17998818997806265;0.9359985471685076;6;0.5304858808843721;[0.09499367849211571;0.8510040356825607;0.2649827014640096;1.0209930586544544];0.7736595572362278;0.25
7979;0.5046301546307024;0.03299401658387324;6;0.4592612210261356;[0.4144941304512629;-0.05714200759556627;0.5947661788101419;0.12313004076331276];0.7729636911617437;0.25
1271;0.43680545613167593;0.8359965722976159;6;0.417763756973142;[0.3512668298532949;0.7504579460192349;0.5223440824100569;0.921535198575997];0.7692573341215916;0.25
2843;0.8899931133220229;0.9107571444677359;6;0.4828450709415976;[0.8069703109691178;0.8277343421148308;0.9730159156749281;0.9937799468206411];0.779572278959651;0.25
3583;0.9224270428823638;0.9428456822959834;6;0.6776476789469192;[0.835353638984728;0.8557722783983477;1.0095004467799995;1.0299190861936192];0.7885128707739852;0.25
10;0.25208472865228393;0.9225012121762367;6;0.45044512861625396;[0.16531456149701826;0.8357310450209711;0.33885489580754957;1.0092713793315025];0.7819908774142325;0.25
1650;0.5930422907603868;0.9118303816209623;6;0.7302516435481115;[0.5054788331131395;0.8242669239737149;0.6806057484076342;0.9993938392682097];0.78173943756795;0.25
5737;0.620385839160766;0.44935132812751577;6;0.4578381935693257;[0.531138405434327;0.3601038944010768;0.7096332728872049;0.5385987618539547];0.7646168814881804;0.25
1702;0.9793298935319436;0.5681922574241373;6;0.4736353616512655;[0.8904582337550961;0.47932059764728985;1.068201553308791;0.6570639172009847];0.7763979510624497;0.25
4106;0.9369654008218389;0.5395661797033855;6;0.3254305427314579;[0.8479369953635991;0.45053777424514574;1.0259938062800786;0.6285945851616253];0.772534421094363;0.25
4663;0.739542058134088;0.9110481810990112;6;0.5242874572635841;[0.6536513463627039;0.8251574693276271;0.8254327699054721;0.9969388928703953];0.7775464221158193;0.25
769;0.17348213091574594;0.9941817143875928;6;0.5652337543260684;[0.08632959529757364;0.9070291787694206;0.2606346665339182;1.0813342500057652];0.7724115495511293;0.25
4369;0.7970175438000558;0.6238408216313744;6;0.578972805461073;[0.7083935808894116;0.5352168587207302;0.8856415067107001;0.7124647845420187];0.7754405106629443;0.25
293;0.27455728594797224;0.56007600742036;6;0.471254315012615;[0.18669133284772133;0.4722100543201091;0.36242323904822316;0.6479419605206109];0.7747241036577311;0.25
9224;0.881100191113888;0.9971913338119696;6;0.4437302068130126;[0.7975790490549529;0.9136701917530344;0.9646213331728232;1.0807124758709048];0.7799417440121428;0.25
3689;0.4457442946523795;0.4471408902385049;6;0.411667748538022;[0.3557464606480011;0.35714305623412645;0.535742128656758;0.5371387242428833];0.7862584358096123;0.25
9576;0.6577218009895139;0.3143529717406728;6;0.4988112298095271;[0.5749210465555595;0.2315522173067184;0.7405225554234683;0.3971537261746272];0.7737166164861671;0.25
8412;0.21488548143581965;0.651010655428877;6;0.7439731887648222;[0.12815123455952068;0.5642764085525781;0.3016197283121186;0.737744902305176];0.7720936237113016;0.25
1176;0.8649889398077566;0.07701295726472346;6;0.4802556683768545;[0.776234431082797;-0.011741551460236171;0.9537434485327162;0.1657674659896831];0.7714285609426268;0.25
7974;0.3269570983514516;0.86602756360368;6;0.4986592312102609;[0.24350678734905035;0.7825772526012789;0.41040740935385284;0.9494778746060812];0.7786152454402079;0.25
4631;0.9401589440456709;0.47858364820853255;6;0.6669219832150656;[0.8546120856892852;0.39303678985214685;1.0257058024020567;0.5641305065649183];0.7789954149882734;0.25
4000;0.5573364247032786;0.8476428885986989;6;0.6614822430785532;[0.47006849628042796;0.7603749601758482;0.6446043531261293;0.9349108170215495];0.7732584121226126;0.25
6618;0.46917407926872107;0.7031552627134968;6;0.4062352520181609;[0.38370866593363573;0.6176898493784115;0.5546394926038064;0.7886206760485821];0.7788710979499796;0.25
5400;0.8788151688152978;0.556571983353648;6;0.5439180115933164;[0.7906252171204079;0.46838203165875814;0.9670051205101876;0.6447619350485378];0.769214326575037;0.25
852;0.6274191045052553;0.8477816604326036;7;0.6378595175511133;[0.5397451042536617;0.7601076601810101;0.7150931047568488;0.9354556606841972];0.7799320451805042;0.25
2078;0.5157272871747192;0.7238922755407766;6;0.5325684102056574;[0.42688050055129156;0.635045488917349;0.6045740737981468;0.8127390621642042];0.7782921601283801;0.25
2521;0.16667842544615563;0.7528504293985108;6;0.4504522179040206;[0.07746907747384718;0.6636410814262024;0.2558877734184641;0.8420597773708192];0.7774425407240857;0.25
9598;0.8893444788731282;0.5857005985520054;7;0.6925587155903097;[0.7999478296476707;0.4963039493265479;0.9787411280985856;0.6750972477774628];0.7794444792734503;0.25
7991;0.6371338122817194;0.7469289818457383;6;0.46744408048819774;[0.5520738825042355;0.6618690520682544;0.7221937420592033;0.8319889116232222];0.7828341052946756;0.25
4427;0.9436514954631682;0.12774251878323611;6;0.5737024382018394;[0.855409951992121;0.03950097531218888;1.0318930389342154;0.21598406225428335];0.7764617773488941;0.25
9831;0.6336664862232544;0.5919847297512821;6;0.428870520094039;[0.5445548722659783;0.5028731157940061;0.7227781001805305;0.6810963437085582];0.7685084867487915;0.25
3682;0.9551047477230248;0.6886143663003224;7;0.4664979094693986;[0.8770640470614972;0.6105736656387948;1.0331454483845524;0.7666550669618499];0.776453324398755;0.25
4883;0.5668978199993648;0.13056332112864716;6;0.4339713937999533;[0.4850265104098218;0.048692011539104116;0.6487691295889079;0.2124346307181902];0.7693711204888741;0.25
1472;0.8686004368780536;0.684100900960321;6;0.5913714277042177;[0.7822352118065088;0.5977356758887762;0.9549656619495983;0.7704661260318657];0.7730365713588838;0.25
2600;0.4114230513987597;0.04966831164492763;6;0.48006066930763436;[0.3201907984172034;-0.04156394133662866;0.5026553043803159;0.14090056462648393];0.7836769644537818;0.25
3936;0.41734889828308774;0.6518175457485561;6;0.5489420529260313;[0.3312902740440554;0.5657589215095238;0.5034075225221201;0.7378761699875884];0.7700697751464592;0.25
7252;0.8604662060183208;0.13136095869393272;6;0.4945198254500216;[0.7747035684726593;0.045598321148271226;0.9462288435639823;0.2171235962395942];0.7766066515812623;0.25
1706;0.6323668610787541;0.6470453799766431;6;0.6879432923387605;[0.5435937891180965;0.5582723080159856;0.7211399330394116;0.7358184519373007];0.7683400496968793;0.25
1950;0.9070163149102748;0.42527253071897886;6;0.6269772614186835;[0.8133159977889954;0.33157221359769945;1.0007166320315541;0.5189728478402582];0.7765982963811939;0.25
9022;0.6200703391369067;0.06476752098136412;6;0.5056979598348436;[0.5349570579239639;-0.020345760231578663;0.7051836203498495;0.1498808021943069];0.7719097702526196;0.25
28;0.20973283249056884;0.6347728024431858;5;0.365961331867418;[0.12318507987257185;0.5482250498251888;0.2962805851085658;0.7213205550611828];0.7661776442801321;0.25
1620;0.40813676254622955;0.96360499095194;6;0.524501576204968;[0.32354130979767415;0.8790095382033846;0.49273221529478495;1.0482004437004955];0.7698274135229581;0.25
5370;0.920745932867971;0.4676062120838368;6;0.476374533928546;[0.8351235726017532;0.38198385181761896;1.0063682931341889;0.5532285723500546];0.7780742946121242;0.25
3967;0.7665875810159055;0.6998753625708951;6;0.4302323900008302;[0.6773521407311854;0.610639922286175;0.8558230213006256;0.7891108028556152];0.7733381302640305;0.25
5440;0.8565689333877529;0.7465373603542456;6;0.5749588510194074;[0.7686136974812433;0.658582124447736;0.9445241692942624;0.8344925962607551];0.7735765392350593;0.25
4458;0.7765805668724134;0.7546580475534332;6;0.4785906150284492;[0.6844003470132404;0.6624778276942602;0.8687607867315864;0.8468382674126063];0.7736714553946696;0.25
9568;0.7363695087732562;0.6800713315697354;6;0.3524727244532719;[0.6471392520183281;0.5908410748148073;0.8255997655281844;0.7693015883246636];0.7736698175617458;0.25
5319;0.9961935670490952;0.571351792884399;6;0.45772721006513767;[0.9052513414306816;0.4804095672659854;1.087135792667509;0.6622940185028126];0.77056025541445;0.25
2140;0.3986214260381499;0.3467769859947697;6;0.4215421304138694;[0.3154952388309411;0.2636507987875609;0.48174761324535864;0.42990317320197846];0.7733972048602373;0.25
5845;0.6942422485435633;0.33032699422664147;6;0.43915714080742857;[0.6088761281619968;0.24496087384507498;0.7796083689251299;0.41569311460820796];0.7812630415013389;0.25
5092;0.38170811587766107;0.8508668622198767;6;0.6097917748911943;[0.2969400695341891;0.7660988158764048;0.46647616222113303;0.9356349085633486];0.7702138243220713;0.25
1510;0.7107241457061382;0.8111852092146528;6;0.5955650336699081;[0.6198683527909963;0.7203294162995109;0.8015799386212801;0.9020410021297947];0.7844982093280638;0.25
5212;0.9961244603683559;0.17536261399465974;6;0.4081239189284006;[0.9108144793723995;0.09005263299870328;1.0814344413643124;0.26067259499061624];0.784057632613108;0.25
3973;0.9979241901310225;0.8733060601384233;6;0.4473536015537356;[0.9106687484877767;0.7860506184951774;1.0851796317742683;0.9605615017816691];0.7702327066617217;0.25
7748;0.8519352752318362;0.6665686326975367;6;0.46739764029720654;[0.7646470472745386;0.5792804047402391;0.9392235031891338;0.7538568606548344];0.7769731026056332;0.25
7162;0.2851204866389999;0.42048737146441606;6;0.6171964029582955;[0.19691076257875917;0.3322776474041753;0.37333021069924066;0.5086970955246568];0.7755609245190992;0.25
975;0.8419849710962044;0.5617450248978988;6;0.40898834886123453;[0.752326933843261;0.4720869876449553;0.9316430083491478;0.6514030621508422];0.7846417424748607;0.25
5627;0.880798302251006;0.8626134691524823;6;0.44280456654548417;[0.7975137799597135;0.7793289468611898;0.9640828245422984;0.9458979914437747];0.7634161195203977;0.25
4117;0.6660388074342976;0.6702495208560066;6;0.5859194657830896;[0.5778357192945994;0.5820464327163085;0.7542418955739957;0.7584526089957048];0.7752773484176348;0.25
4654;0.9883828291707908;0.03437591127778711;6;0.3860278068573503;[0.9004806119039996;-0.0535263059890041;1.076285046437582;0.12227812854457831];0.7702312771625481;0.25
6407;0.5553084912552582;0.4150021600073253;6;0.6493138447370104;[0.46652693297134434;0.3262206017234115;0.6440900495391719;0.5037837182912391];0.7732957700017986;0.25
619;0.3113917942821872;0.5269903315574517;6;0.49057246289810347;[0.2239902014114311;0.43958873868669557;0.3987933871529433;0.6143919244282078];0.7810080761739632;0.25
6338;0.700484980921671;0.9872412622110422;6;0.5793690983521331;[0.6119725344101052;0.8987288156994765;0.7889974274332368;1.075753708722608];0.7802924935363698;0.25
3448;0.9234837874513615;0.24005009082612538;6;0.38006479044745406;[0.8321194107026862;0.14868571407745013;1.0148481642000367;0.33141446757480064];0.7691995714801032;0.25
160;0.8314566764320502;0.6573568181417081;6;0.5266138553097862;[0.7440362073787251;0.569936349088383;0.9188771454853754;0.7447772871950332];0.7747803505833477;0.25
9079;0.8042289844837691;0.5157736832293852;6;0.5442907491388659;[0.7142852953359261;0.4258299940815422;0.8941726736316121;0.6057173723772282];0.7699513720543236;0.25
1851;0.2921467860618796;0.8346660051730437;6;0.4419346825088434;[0.20239181800862718;0.7449110371197912;0.38190175411513205;0.9244209732262961];0.7780562492418798;0.25
9599;0.8742240692181421;0.8688677243936918;6;0.533353572092771;[0.7835898884255431;0.7782335436010928;0.9648582500107411;0.9595019051862907];0.7757154155582016;0.25
6048;0.24879510918798975;0.6298676706536831;6;0.5334049918617828;[0.16190870580020383;0.5429812672658971;0.33568151257577566;0.7167540740414691];0.7777595534675138;0.25
2367;0.9645040393097021;0.6475453811078369;7;0.6774600751408686;[0.8770913848633797;0.5601327266615145;1.0519166937560245;0.7349580355541593];0.7828613356795351;0.25
284;0.8740195491546944;0.6121032015549651;6;0.4063457850198101;[0.7857998866287761;0.5238835390290468;0.9622392116806127;0.7003228640808834];0.7735623603098001;0.25
3541;0.8857965839840405;0.5391377393393592;6;0.35571779107217044;[0.7975846556279346;0.45092581098325324;0.9740085123401464;0.6273496676954651];0.7755045273266252;0.25
341;0.9830084662732893;0.421502218070506;6;0.5322753654385125;[0.8922996409712927;0.3307933927685093;1.073717291575286;0.5122110433725027];0.7736627087552274;0.25
7421;0.9604550900777176;0.5089355270957917;6;0.5217884991435185;[0.8713854144687156;0.4198658514867898;1.0495247656867195;0.5980052027047936];0.7775913202593087;0.25
3195;0.7413583829367119;9.609193704259722E-4;6;0.3929792045121362;[0.6537951085893327;-0.08660235497695323;0.8289216572840911;0.08852419371780518];0.771000405368242;0.25
196;0.7486817806946638;0.09056877208179553;6;0.5437645168317302;[0.6610884949093924;0.002975486296524013;0.8362750664799353;0.17816205786706707];0.7736664649989834;0.25
8071;0.8408626589747675;0.42655537999634546;6;0.5952339608024853;[0.7564165195299852;0.3421092405515632;0.9253087984195498;0.5110015194411277];0.7738380844523851;0.25
4827;0.8984818040617945;0.26531553513725203;6;0.362644775917057;[0.8135468845251158;0.1803806156005734;0.9834167235984731;0.3502504546739307];0.776069299412743;0.25
3334;0.9472289771028566;0.39758871614597113;6;0.6565814257351887;[0.8616321705720119;0.3119919096151265;1.0328257836337011;0.48318552267681575];0.778074416708876;0.25
6572;0.6955646967065542;0.4490004483979304;6;0.4627753031583835;[0.605600065731043;0.35903581742241913;0.7855293276820654;0.5389650793734417];0.7737537275913622;0.25
5171;0.5241291122936953;0.6464183965148416;6;0.48308969844068717;[0.4370560020935684;0.5593452863147146;0.6112022224938223;0.7334915067149685];0.7726126797463397;0.25
365;0.556387005523659;0.5033841300038505;6;0.6397201333075687;[0.4640458686516403;0.4110429931318318;0.6487281423956778;0.5957252668758692];0.7784446463701101;0.25
4267;0.4323572371366238;0.6375553973460741;6;0.33819119673019327;[0.3413450945033194;0.5465432547127698;0.5233693797699281;0.7285675399793785];0.7691195121207961;0.25
223;0.6458533523541816;0.10022373936077006;6;0.5771546124688742;[0.559242761035348;0.01361314804193646;0.7324639436730153;0.18683433067960364];0.7792009702614683;0.25
1491;0.7466881246283134;0.6057539579122115;6;0.4959767342637243;[0.6587185272458242;0.5177843605297224;0.8346577220108025;0.6937235552947006];0.7819744395718825;0.25
2086;0.3761015437484644;0.24560867968308747;6;0.4045099557037146;[0.2870335564637433;0.15654069239836638;0.4651695310331855;0.33467666696780857];0.7779929378078403;0.25
8832;0.45972359659695816;0.921575185897787;6;0.5311586647260288;[0.37271960587445563;0.8345711951752844;0.5467275873194607;1.0085791766202894];0.7664388525072717;0.25
9267;0.35574210149723207;0.8207273422715738;6;0.38874775613459966;[0.26779696716312446;0.7327822079374663;0.4436872358313397;0.9086724766056814];0.7709294485172552;0.25
5003;0.8212366933186157;0.23178575386622663;6;0.5082343839845915;[0.7359167038469632;0.1464657643945741;0.9065566827902682;0.31710574333787916];0.7687344106670377;0.25
796;0.7957523169374767;0.6855928153520648;6;0.34382082194820174;[0.7089626292327614;0.5988031276473496;0.882542004642192;0.7723825030567801];0.7693544049882838;0.25
9434;0.9960136188345996;0.45662863533821885;6;0.6268871372907902;[0.9076020824016146;0.3682170989052338;1.0844251552675848;0.5450401717712039];0.7802558175276654;0.25
2171;0.3593178471531171;0.9108559734547733;6;0.5359939359023405;[0.2744684403405109;0.8260065666421671;0.4441672539657233;0.9957053802673795];0.7772528598148627;0.25
1664;0.8306763359840938;0.26014600204114335;6;0.4112022683096793;[0.7431284345518427;0.1725981006088923;0.918224237416345;0.3476939034733944];0.7787931444135279;0.25
8874;0.8367827299272719;0.5231910701333977;6;0.3635659641906034;[0.7485441888242652;0.434952529030391;0.9250212710302785;0.6114296112364044];0.7758062742343053;0.25
4504;0.8841721127828615;0.5591261172904992;6;0.4679351676190325;[0.7955424143811776;0.4704964188888154;0.9728018111845453;0.6477558156921831];0.7727832956833349;0.25
3566;0.9683861261297585;0.7396111028785025;6;0.3764206667744351;[0.8838925106063881;0.6551174873551321;1.052879741653129;0.8241047184018729];0.7728628174542049;0.25
8657;0.8068127952131934;0.3092120514501639;6;0.6695627244428877;[0.7183603833714103;0.22075963960838085;0.8952652070549765;0.39766446329194693];0.771660532092803;0.25
4756;0.15650975175461412;0.5294088098173495;6;0.4449572862464868;[0.07215662152368978;0.44505567958642517;0.24086288198553846;0.6137619400482739];0.77415944298851;0.25
2475;0.233119231060663;0.7633661464157038;6;0.4872619157820869;[0.14376816090467132;0.6740150762597121;0.3224703012166547;0.8527172165716954];0.7773290791598227;0.25
7939;0.9769513976707118;0.513453642478955;6;0.5402000450003254;[0.8894002924494746;0.42590253725771776;1.064502502891949;0.6010047477001922];0.7819434886544705;0.25
2468;0.5055309715252938;0.7315357613328537;6;0.46840065924816554;[0.4201512349049663;0.6461560247125262;0.5909107081456213;0.8169154979531812];0.7793856641047141;0.25
2123;0.7063819307601558;0.2532090740222355;6;0.4885818826410618;[0.61593700804118;0.16276415130325975;0.7968268534791315;0.34365399674121133];0.7731170588109382;0.25
6415;0.8559280641126565;0.2614637468589725;6;0.5654369049248691;[0.766969276289191;0.17250495903550692;0.9448868519361221;0.3504225346824381];0.7706410232094679;0.25
2411;0.958574597118347;0.7513103541126448;6;0.6096018090159828;[0.8701478205908821;0.66288357758518;1.047001373645812;0.8397371306401096];0.777331803917998;0.25
3582;0.9579625467938532;0.49650979092504854;6;0.5584055356214389;[0.8737930472181217;0.4123402913493171;1.0421320463695847;0.58067929050078];0.7737722301328074;0.25
6979;0.5684134156856604;0.4632130979095101;6;0.5911297304329286;[0.4802657301467884;0.37506541237063806;0.6565611012245324;0.5513607834483821];0.7753042712107409;0.25
4059;0.9446568007015272;0.17130857137601763;6;0.5113972446899582;[0.8534544464984832;0.08010621717297356;1.0358591549045713;0.2625109255790617];0.7767430223780156;0.25
9551;0.49792551980417177;0.6602556867000143;6;0.6052158221159932;[0.4092910193159995;0.5716211862118421;0.586560020292344;0.7488901871881866];0.7716175384317775;0.25
7341;0.57079365484819;0.5382066269657649;6;0.6174401996540881;[0.48149001727471885;0.4489029893922938;0.6600972924216612;0.6275102645392361];0.7708548445277819;0.25
4167;0.5470626827353644;0.37657407204715987;6;0.45903151984690294;[0.46598835604535593;0.2954997453571514;0.6281370094253729;0.45764839873716834];0.7800562517579502;0.25
7462;0.10045966692765662;0.3005827398006212;6;0.6849386207588173;[0.01282815611944424;0.21295122899240884;0.188091177735869;0.38821425060883363];0.7746198886061886;0.25
6839;0.7690598076970964;0.4042683834048224;6;0.4561409326286416;[0.6833631433464074;0.3185717190541334;0.8547564720477854;0.4899650477555114];0.7832834117034354;0.25
855;0.9496461597552787;0.7741403570323284;6;0.5551598559992277;[0.8611559009396442;0.685650098216694;1.0381364185709132;0.8626306158479629];0.7697224527405286;0.25
9295;0.5483434832206504;0.14425804031894834;6;0.3266771958645075;[0.46205787667089704;0.057972433769194975;0.6346290897704038;0.2305436468687017];0.7667766658103236;0.25
6304;0.1424030802431766;0.7110662939338414;6;0.286805331497366;[0.056424644529077944;0.6250878582197427;0.22838151595727527;0.79704472964794];0.7619533288828015;0.25
1880;0.8262451283118698;0.21286133566996884;6;0.46697722742912573;[0.7399415613136237;0.12655776867172266;0.912548695310116;0.29916490266821505];0.7788765534552808;0.25
7386;0.9776903557869867;0.7366981817144713;7;0.491808686669598;[0.8901102072901851;0.6491180332176697;1.0652705042837882;0.824278330211273];0.7792224266492619;0.25
1569;0.8259205589592433;0.42711627129022545;7;0.41236891750032406;[0.7334993581003232;0.3346950704313053;0.9183417598181635;0.5195374721491456];0.7725777349459331;0.25
9618;0.5847812719052315;0.8995631518670113;6;0.6039245857300477;[0.500333593230494;0.8151154731922737;0.6692289505799691;0.9840108305417489];0.7763517972078127;0.25
7375;0.4132614412121016;0.23163202849876857;6;0.8209858571385114;[0.3279038375059401;0.14627442479260708;0.49861904491826314;0.31698963220493004];0.7774172612927691;0.25
8255;0.5363435895437265;0.28434631062957116;6;0.41009007172256906;[0.44682102588130856;0.1948237469671532;0.6258661532061445;0.3738688742919891];0.7741015968038076;0.25
7605;0.9160040524337936;0.0931565473278948;6;0.598079768210773;[0.8323809499611173;0.009533444855218579;0.9996271549064698;0.17677964980057104];0.781828603062415;0.25
9642;0.49881595741642326;0.5954654727274925;6;0.3985921345360313;[0.4075994468051869;0.5042489621162561;0.5900324680276596;0.6866819833387289];0.7791504175057886;0.25
7320;0.8939269523753339;0.4749488615319818;6;0.7282949639698982;[0.8031712883859677;0.3841931975426156;0.9846826163647001;0.565704525521348];0.7703962433397323;0.25
3910;0.5990593682160463;0.9179898084053032;7;0.5338025963262532;[0.5126651761034065;0.8315956162926633;0.6854535603286862;1.004384000517943];0.7728947599902668;0.25
7949;0.7888177844406312;0.7131693773641652;6;0.4125713442255365;[0.701423454811049;0.6257750477345829;0.8762121140702135;0.8005637069937475];0.770542101308559;0.25
9427;0.4047564715961396;0.8704511762040388;6;0.5482299806088471;[0.3192870432599515;0.7849817478678507;0.4902258999323277;0.9559206045402269];0.7714778803791659;0.25
2362;0.8147479775248563;0.10147527021849484;6;0.36610795575285404;[0.7252417770652476;0.011969069758886161;0.904254177984465;0.1909814706781035];0.7744186933375867;0.25
6753;0.8819529797857841;0.4907193602542815;5;0.6486994422745981;[0.7967970702395157;0.40556345070801314;0.9671088893320525;0.5758752698005498];0.7699445211501067;0.25
7407;0.3605945693311672;0.7590728543429264;6;0.5465857523469885;[0.2766666497583752;0.6751449347701344;0.4445224889039592;0.8430007739157184];0.7841112459755594;0.25
4362;0.9944068080131088;0.6667421521293954;6;0.4808081213608139;[0.9078807299859459;0.5802160741022326;1.0809328860402716;0.7532682301565581];0.7767389852421045;0.25
4519;0.43807930004219287;0.45954723593389724;6;0.4637369353757688;[0.3479964582942811;0.3694643941859855;0.5281621417901046;0.549630077681809];0.7762760872959588;0.25
3297;0.6687274589858729;0.5966122792534551;6;0.549595376264915;[0.5787997020943061;0.5066845223618882;0.7586552158774398;0.6865400361450219];0.7795560171826137;0.25
1671;0.8700943215069754;0.3908862990936452;6;0.49017868749529253;[0.7858523454726597;0.30664432305932954;0.9543362975412911;0.47512827512796085];0.7762136670132318;0.25
7749;0.5556498665676797;0.6118041904113223;6;0.4188104068996143;[0.47097262166962306;0.5271269455132657;0.6403271114657363;0.6964814353093789];0.7772388563202334;0.25
4211;0.6451145113236739;0.5174788571720176;6;0.37247473147486665;[0.5579045000283798;0.4302688458767234;0.7323245226189681;0.6046888684673117];0.7783586123219176;0.25
2485;0.3767857745880404;0.6729077110357363;6;0.4382845496296459;[0.286976754260322;0.5830986907080179;0.46659479491575884;0.7627167313634547];0.768578299609583;0.25
5819;0.5004980185349903;0.09150005866276295;6;0.42398369435925115;[0.4135399874072288;0.004542027535001422;0.5874560496627519;0.17845808979052447];0.7764619606412465;0.25
2121;0.7718175285815687;0.1038013057465566;6;0.40541892550496744;[0.6814120229123881;0.013395800077376063;0.8622230342507493;0.19420681141573715];0.7744665146029974;0.25
6305;0.34561493922492736;0.5504105418052366;6;0.6589114578510629;[0.2586200800488331;0.46341568262914234;0.43260979840102165;0.6374054009813309];0.7780359567878685;0.25
7269;0.8223703102969162;0.11884153357706595;6;0.4021065795467984;[0.7364669969439356;0.03293822022408534;0.9082736236498968;0.20474484693004658];0.7812297809355044;0.25
4055;0.6452559695995101;0.2605563567252353;6;0.40001811302181767;[0.5590989507121648;0.1743993378378899;0.7314129884868555;0.3467133756125807];0.7863429115765915;0.25
4594;0.9636811638880487;0.46326139252484483;6;0.4897498720292713;[0.8762657829374902;0.3758460115742863;1.0510965448386071;0.5506767734754033];0.7736564456987929;0.25
3917;0.47503885071050767;0.2656211838786256;6;0.5552247028674446;[0.38611489015360273;0.17669722332172066;0.5639628112674127;0.35454514443553053];0.7694024983619618;0.25
1192;0.8689761818104762;0.3618266197111474;6;0.5032639362567735;[0.7830145331783078;0.27586497107897895;0.9549378304426446;0.4477882683433158];0.7853273200969463;0.25
448;0.752909761476507;0.7308679163027255;5;0.4679916502979027;[0.6670685404127493;0.6450266952389678;0.8387509825402647;0.8167091373664832];0.7814630430561469;0.25
3309;0.5195012062910505;0.2790410255713956;6;0.6372217155743487;[0.4302448505319047;0.18978466981224984;0.6087575620501963;0.36829738133054135];0.7695840213584189;0.25
2738;0.862373421971034;0.6075461095890994;6;0.3683801370091068;[0.7789223800363048;0.5240950676543701;0.9458244639057631;0.6909971515238287];0.7776063876407145;0.25
9386;0.0728137039816259;0.7083635742180775;6;0.40995495983014135;[-0.012459509883556721;0.6230903603528949;0.1580869178468085;0.7936367880832601];0.7743124309281187;0.25
4845;0.8348299577916596;0.25603222188532027;6;0.46176339480368406;[0.7452162361657307;0.1664185002593914;0.9244436794175884;0.3456459435112491];0.777345867705367;0.25
870;0.8909616859576982;0.36292566251992164;6;0.4888752559225533;[0.8022451040699667;0.2742090806321901;0.9796782678454297;0.45164224440765316];0.7752007190774257;0.25
6356;0.7224865326689285;0.4794131658457745;6;0.44579132502587365;[0.6363320274729459;0.393258660649792;0.808641037864911;0.565567671041757];0.7800675237588899;0.25
7825;0.6614342824904644;0.5700307248487442;6;0.40336908288566536;[0.5730834879451177;0.48167993030339734;0.7497850770358112;0.658381519394091];0.7794207215471652;0.25
8066;0.908683033052162;0.41870699713471393;6;0.5697533324996741;[0.8215295875755153;0.33155355165806716;0.9958364785288087;0.5058604426113607];0.7767072800228196;0.25
4686;0.9251772875134952;0.5495290762904733;6;0.48136921306388414;[0.8386449259102255;0.46299671468720366;1.0117096491167648;0.636061437893743];0.769397855579933;0.25
1907;0.05734586120745533;0.2907202019707865;6;0.5708523369980687;[-0.029008992743022044;0.20436534802030915;0.1437007151579327;0.3770750559212639];0.7776820106386716;0.25
1595;0.7867189069878013;0.68360228211284;6;0.5521590015048826;[0.6967292806165302;0.5936126557415689;0.8767085333590725;0.7735919084841112];0.7805897768654572;0.25
880;0.32708618152625724;0.7357140919530817;5;0.48781946101705553;[0.24123816844978174;0.6498660788766062;0.41293419460273273;0.8215621050295572];0.7704600114204326;0.25
4183;0.732198897214475;0.3685403117994452;6;0.5383985158616419;[0.6504359409323486;0.2867773555173188;0.8139618534966013;0.45030326808157156];0.780364108740076;0.25
9769;0.4623871727593295;0.2950410313447361;6;0.501196349258335;[0.37601811329574675;0.20867197188115333;0.5487562322229123;0.38141009080831884];0.772824387028579;0.25
162;0.6503200685045982;0.39583649334000764;6;0.5924580197600176;[0.5609191422617351;0.3064355670971445;0.7397209947474613;0.4852374195828708];0.776876296304436;0.25
7128;0.8288591845922499;0.6751258097075171;6;0.4025951741133122;[0.7451042084177014;0.5913708335329686;0.9126141607667985;0.7588807858820656];0.7775578495744396;0.25
3057;0.8502418357397405;0.8559924180356875;6;0.42371440441203967;[0.7623994870152682;0.7681500693112151;0.9380841844642129;0.9438347667601599];0.7743177159831259;0.25
8853;0.3965078960760682;0.7330778795065552;6;0.46471532405660565;[0.31259965788621846;0.6491696413167055;0.4804161342659179;0.816986117696405];0.7832137403344037;0.25
2899;0.5811105799005476;0.09968548100641983;6;0.4466032290063216;[0.4945714782211176;0.01314637932698981;0.6676496815799776;0.18622458268584985];0.7767497797652929;0.25
3490;0.8939046632973263;0.3639578528476015;6;0.7352518599225969;[0.8056317553594623;0.2756849449097375;0.9821775712351903;0.45223076078546554];0.7755495139815757;0.25
9643;0.7190459041284328;0.8973637788924548;6;0.3590363078860186;[0.6309834046365587;0.8093012794005806;0.807108403620307;0.985426278384329];0.7727309390874066;0.25
1555;0.4460639185355808;0.3234672710556441;6;0.3499780067103687;[0.3556187957202034;0.2330221482402667;0.5365090413509582;0.4139123938710215];0.7804123121947228;0.25
2620;0.5697930198752263;0.4986091141402733;6;0.4586571462799083;[0.4829180212664293;0.41173411553147626;0.6566680184840233;0.5854841127490703];0.7696616468403255;0.25
5479;0.14133437667941884;0.8123563842298589;6;0.41780026738342213;[0.05418099159654796;0.725202999146988;0.22848776176228972;0.8995097693127297];0.7807872262539768;0.25
9604;0.3519591378358099;0.8730785949006854;6;0.3309008950418464;[0.2628967758730303;0.7840162329379058;0.4410214997985895;0.962140956863465];0.7760635219518961;0.25
1430;0.9146519998299079;0.7807989016622281;6;0.5849657627200899;[0.8249649496786309;0.6911118515109511;1.0043390499811848;0.8704859518135051];0.7772670616018498;0.25
4251;0.9575018762631595;0.2318791704277265;6;0.5647463381520008;[0.8678849875190481;0.14226228168361504;1.0471187650072709;0.32149605917183793];0.7669102700584878;0.25
937;0.9357057959594594;0.7015735435634999;6;0.45774771725619934;[0.8424642936041864;0.6083320412082269;1.0289472983147323;0.7948150459187728];0.7709281402298003;0.25
7309;0.3947927163081637;0.701087449370401;6;0.5267355991149635;[0.31077198688694635;0.6170667199491837;0.47881344572938106;0.7851081787916183];0.7671321029056842;0.25
7600;0.15301306597432696;0.6725100723705721;7;0.4101209209780708;[0.06595245011058574;0.5854494565068309;0.24007368183806815;0.7595706882343134];0.7769111740366358;0.25
1673;0.8068879599506527;0.4487978195397664;7;0.388773543135755;[0.721606501630122;0.3635163612192357;0.8921694182711833;0.5340792778602971];0.7816292628807994;0.25
4770;0.6629902816751532;0.8395181220782939;6;0.32914806487769177;[0.5727083662298069;0.7492362066329477;0.7532721971204994;0.9298000375236402];0.7799324521333018;0.25
5239;0.7720406654280514;0.7897474586532347;6;0.46281749206469147;[0.6850196857227324;0.7027264789479157;0.8590616451333704;0.8767684383585537];0.7805761516513331;0.25
9778;0.48674756141281916;0.6443547468956481;6;0.4611978886107118;[0.40216106756625153;0.5597682530490804;0.5713340552593869;0.7289412407422158];0.7755816747381723;0.25
3837;0.04795788404930612;0.17446257259778414;6;0.6050309206616891;[-0.03658942127699685;0.08991526727148116;0.1325051893756091;0.25900987792408714];0.7836036077304788;0.25
4368;0.44968548254254803;0.16090079035123278;6;0.538482617382136;[0.3650899661076229;0.07630527391630768;0.5342809989774732;0.2454963067861579];0.7691225417252846;0.25
956;0.6532595908966914;0.9007683925160164;6;0.4434483153097748;[0.5640336107752546;0.8115424123945796;0.7424855710181282;0.9899943726374532];0.7777865271181639;0.25
7373;0.6439789479958017;0.5420154522720292;6;0.48795698052010894;[0.5596588177622291;0.45769532203845664;0.7282990782293742;0.6263355825056017];0.765373221632566;0.25
7898;0.9914605217175823;0.3233483545807474;6;0.4764817360946601;[0.9036060000720689;0.23549383293523402;1.0793150433630956;0.4112028762262608];0.7681452219494025;0.25
8726;0.7740347329321485;0.45893116664964007;6;0.6332723078013882;[0.6889203259676453;0.3738167596851368;0.8591491398966518;0.5440455736141433];0.7845840791997974;0.25
7300;0.6299477694991092;0.919865719605528;6;0.33789382717407757;[0.5399199700966664;0.829837920203085;0.7199755689015521;1.009893519007971];0.7780994492104469;0.25
8283;0.9079080645358721;0.16663260524959772;6;0.43273854739509293;[0.8229970390686577;0.08172157978238331;0.9928190900030865;0.2515436307168121];0.7833862512472928;0.25
7599;0.6969926499662797;0.09685312112142319;6;0.5904324895494983;[0.605262340199518;0.0051228113546613885;0.7887229597330415;0.188583430888185];0.7742781496039;0.25
6108;0.683428023651176;0.8320273508876599;6;0.4516129475699772;[0.6010451886034395;0.7496445158399233;0.7658108586989126;0.9144101859353965];0.7744925697676486;0.25
9199;0.8836577043272357;0.23408132341576382;6;0.49325983619517555;[0.7985890730293571;0.14901269211788523;0.9687263356251142;0.3191499547136424];0.7716322889864947;0.25
1876;0.5886450811032022;0.5572018960286165;6;0.6167202529859207;[0.5012493253099233;0.4698061402353375;0.6760408368964812;0.6445976518218954];0.7708184031139116;0.25
3246;0.49786587853504005;0.7075640486121385;6;0.2338077214201062;[0.41197085778775155;0.62166902786485;0.5837608992823285;0.793459069359427];0.7797730514989449;0.25
7435;0.5173223616176539;0.822053293333365;6;0.5411159888644248;[0.43220373692100356;0.7369346686367146;0.6024409863143042;0.9071719180300153];0.7822418518456102;0.25
787;0.25636207716979276;0.6960144319696626;6;0.5346652606692773;[0.16763812919275972;0.6072904839926296;0.3450860251468258;0.7847383799466956];0.7750662626660957;0.25
2106;0.34093386237228446;0.3235136455479069;6;0.4349753490035921;[0.25399998229462317;0.23657976547024562;0.42786774244994574;0.4104475256255682];0.7815448136678618;0.25
4685;0.9322075954497208;0.07918000507339906;6;0.7245048182289968;[0.8428583689724568;-0.010169221403864878;1.0215568219269846;0.16852923155066302];0.7713490706352926;0.25
6472;0.8964617872593444;0.11039124608049483;6;0.6360648120825395;[0.8140051624457243;0.02793462126687464;0.9789184120729646;0.19284787089411504];0.7776565641741962;0.25
968;0.12578737525956918;0.22040170322441144;6;0.6698753476920463;[0.03736744380864139;0.13198177177348364;0.21420730671049698;0.30882163467533924];0.7680969855286675;0.25
4806;0.8476547712738566;0.8786310785416491;6;0.4308951797335545;[0.7607254614314113;0.7917017686992038;0.9345840811163019;0.9655603883840944];0.7731002731683004;0.25
1130;0.018822637897580763;0.30052486400415823;6;0.6353450082264527;[-0.07034103150691806;0.2113611945996594;0.10798630730207959;0.38968853340865706];0.7758497809636834;0.25
2000;0.8491624916212775;0.6389334544510611;6;0.5367564980066398;[0.7589444764487813;0.5487154392785648;0.9393805067937738;0.7291514696235574];0.7793235206736266;0.25
3960;0.5894614636944536;0.4056105342136931;6;0.395411825255314;[0.5018615873148728;0.3180106578341123;0.6770613400740344;0.49321041059327386];0.7769204659671122;0.25
341;0.5249842624669065;0.14384955391972998;6;0.5322753654385125;[0.43584740143919554;0.05471269289201895;0.6141211234946176;0.232986414947441];0.7736627087552274;0.25
1761;0.86091377396682;0.2155778521723581;6;0.2988333561025733;[0.7691544969248185;0.12381857513035655;0.9526730510088215;0.30733712921435963];0.7632615830599595;0.25
2584;0.4463790799711835;0.5055463047263126;6;0.3927984121518935;[0.3595033589463177;0.4186705837014468;0.5332548009960493;0.5924220257511783];0.7838265207086045;0.25
9037;0.838402436596424;0.42682614102585337;6;0.5111224309056659;[0.7504912532836503;0.33891495771307967;0.9263136199091977;0.5147373243386271];0.7722007038605169;0.25
5051;0.4774733704818817;0.6394129369349892;6;0.456177560901681;[0.3933896551571383;0.5553292216102458;0.5615570858066251;0.7234966522597327];0.7705339825823178;0.25
5667;0.5069501945280726;0.3836873432155331;6;0.4521265466952473;[0.41919889107977293;0.2959360397672335;0.5947014979763722;0.47143864666383273];0.7807460288311501;0.25
9381;0.9945778165889736;0.042402124721792944;6;0.43765946363598635;[0.9056324715438357;-0.0465432203233449;1.0835231616341114;0.1313474697669308];0.7742237490314808;0.25
6056;0.47144793297128745;0.35643465661682827;6;0.5258139954411787;[0.38006194838467194;0.26504867203021276;0.5628339175579029;0.4478206412034438];0.7730353080153228;0.25
2063;0.894544841940481;0.4304793100661881;6;0.43801904067592184;[0.8059967491539897;0.3419312172796968;0.9830929347269723;0.5190274028526795];0.7758948606176083;0.25
1048;0.7470085322168158;0.6392841899438645;6;0.5235137314133801;[0.6617080528179798;0.5539837105450285;0.8323090116156519;0.7245846693427005];0.7709910237086492;0.25
7346;0.8367922207178864;0.8204613555029843;6;0.6373962859633147;[0.7428731948168253;0.7265423296019232;0.9307112466189474;0.9143803814040453];0.7653877825962005;0.25
3531;0.9352381911433976;0.16868076336550059;6;0.5784491447976561;[0.8490938752984202;0.08253644752052315;1.021382506988375;0.25482507921047803];0.7748081599385308;0.25
9016;0.3006339832972772;0.46927512587608905;6;0.5855653975123449;[0.20957326050085062;0.3782144030796625;0.39169470609370377;0.5603358486725156];0.7716039856273165;0.25
6274;0.3948040390151864;0.810084886211557;6;0.6558379653037802;[0.3107797264170074;0.7260605736133781;0.4788283516133654;0.894109198809736];0.7818225419667391;0.25
9263;0.308068078935556;0.435530606560814;6;0.3973400043118647;[0.22155212581303352;0.3490146534382915;0.39458403205807846;0.5220465596833365];0.7710704516040473;0.25
8446;0.3705083449526215;0.19182818957745307;6;0.5180263745178294;[0.2829816255684116;0.10430147019324314;0.45803506433683144;0.279354908961663];0.7763875494317497;0.25
4383;0.9053059532875858;0.08799254552605795;6;0.5074948780071606;[0.8170102206133265;-3.031871482013643E-4;0.9936016859618451;0.17628827820031728];0.7735215282367319;0.25
4691;0.4817786123751895;0.7077831313446836;6;0.34870056190207277;[0.38895939646681305;0.6149639154363071;0.574597828283566;0.8006023472530601];0.7747360355103834;0.25
5105;0.5100765474509256;0.2982712870714454;6;0.6297245726785764;[0.424776050111489;0.21297078973200886;0.5953770447903621;0.3835717844108819];0.7688417601603854;0.25
1097;0.056640083732985014;0.32240948670787073;5;0.6031942934850213;[-0.02980032638752278;0.23596907658736294;0.1430804938534928;0.4088498968283785];0.7764724546418632;0.25
3136;0.29854409984345553;0.5085901473670111;6;0.3893293055094169;[0.21044879616574946;0.42049484368930506;0.3866394035211616;0.5966854510447172];0.7743088632358838;0.25
9117;0.8545779866539304;0.9033458563954397;6;0.4821389142485933;[0.7653219780214785;0.8140898477629879;0.9438339952863822;0.9926018650278916];0.7817096957599413;0.25
3179;0.5431747535762703;0.10108014703073398;5;0.5204343544009745;[0.45768325738925636;0.01558865084372002;0.6286662497632842;0.18657164321774794];0.7806688309801787;0.25
8667;0.5304558766612772;0.8387214808488164;6;0.4729318664469597;[0.44575252820758837;0.7540181323951275;0.6151592251149661;0.9234248293025052];0.7757312665554907;0.25
7024;0.9415160761599556;0.8587285433098473;6;0.5671636604712436;[0.8508233466612913;0.7680358138111831;1.0322088056586198;0.9494212728085114];0.770414435413538;0.25
3395;0.9299625551981158;0.1828577222609179;6;0.4893614914301929;[0.8446520781835547;0.09754724524635688;1.0152730322126768;0.2681681992754789];0.769651472765916;0.25
6988;0.4700497558289289;0.8487760980763546;6;0.4677279382553656;[0.3845451209561786;0.7632714632036043;0.5555543907016791;0.9342807329491049];0.7703289432053428;0.25
5183;0.5089156923701603;0.9156815194133379;6;0.5874355397671727;[0.4171785388798734;0.823944365923051;0.6006528458604472;1.0074186729036247];0.7771574012988555;0.25
2577;0.6951963803639777;0.5257733106504381;6;0.6424822149354243;[0.6074048550684275;0.43798178535488785;0.7829879056595279;0.6135648359459883];0.7853992100136038;0.25
7055;0.4494705130087135;0.09080481420802483;6;0.40058818717223155;[0.36101943509595114;0.0023537362952624763;0.5379215909214758;0.17925589212078719];0.7828388720030205;0.25
3025;0.5248250764709761;0.7441484042055266;6;0.7091996444976298;[0.4385196597330438;0.6578429874675943;0.6111304932089084;0.830453820943459];0.7757417885450313;0.25
6399;0.8389202481133865;0.9142762359240834;6;0.6722719942377755;[0.7524405840426414;0.8277965718533382;0.9253999121841316;1.0007558999948285];0.7750462768206107;0.25
8167;0.6535326012271588;0.31960762737805537;6;0.5332834417849845;[0.568199647346284;0.2342746734971806;0.7388655551080336;0.4049405812589302];0.7820534425982075;0.25
456;0.9401160560716509;0.9684203276247654;6;0.5697953384251757;[0.8489682884337151;0.8772725599868294;1.0312638237095868;1.0595680952627013];0.7762912266724712;0.25
6943;0.8362590532687133;0.43628116873241946;6;0.5567082529471925;[0.7519719990297106;0.35199411449341667;0.920546107507716;0.5205682229714222];0.7737692004635387;0.25
3665;0.44924899036661137;0.3369823513781749;5;0.375209955521319;[0.36277796124773837;0.2505113222593019;0.5357200194854843;0.4234533804970479];0.7804842682564117;0.25
8935;0.9755881215105584;0.7406034384363379;6;0.3850977753342192;[0.8921601937994057;0.6571755107251853;1.059016049221711;0.8240313661474905];0.7661048814083766;0.25
7270;0.2760038080669879;0.9458694205256547;5;0.5521323693613435;[0.19041143214814357;0.8602770446068104;0.36159618398583215;1.031461796444499];0.7661760960095702;0.25
4095;0.6428888474234287;0.5199017000547962;6;0.41698782226038816;[0.5562801856065116;0.4332930382378791;0.7294975092403457;0.6065103618717133];0.7735342616045435;0.25
9468;0.5628547817718851;0.7153714018368023;6;0.24903467239227278;[0.48024669804985837;0.6327633181147756;0.6454628654939117;0.7979794855588289];0.7788413140271737;0.25
6538;0.8108261583324385;0.10095430200384592;6;0.3219349248600939;[0.7215350634169893;0.011663207088396577;0.9001172532478878;0.19024539691929526];0.7619157978368315;0.25
2523;0.32479290049631904;0.7985725906141083;6;0.42417341605727216;[0.23692677160148654;0.7107064617192759;0.4126590293911515;0.8864387195089408];0.7747045260481098;0.25
8454;0.5645689103949714;0.6058459600982111;6;0.4663451830642916;[0.47628466235700145;0.5175617120602412;0.6528531584329413;0.6941302081361811];0.7800720948811741;0.25
4503;0.6044609116253492;0.27415531926996656;6;0.6077605541291982;[0.5195303652198706;0.1892247728644879;0.6893914580308278;0.3590858656754452];0.7720255336856456;0.25
750;0.3357589272819982;0.6651617427080234;6;0.6506141341758522;[0.2468484686145707;0.5762512840405959;0.4246693859494257;0.754072201375451];0.7752597412129759;0.25
4385;0.5562873279622988;0.8765295506169356;6;0.7227339708214026;[0.4627547566154988;0.7829969792701356;0.6498198993090989;0.9700621219637356];0.7755435488570568;0.25
5944;0.6351474339732108;0.6913982750009717;6;0.4528800304986858;[0.5446980838685461;0.600948924896307;0.7255967840778755;0.7818476251056364];0.7709408431873986;0.25
934;0.8219179817417839;0.3656229911455232;6;0.4869616281551756;[0.7328409536937435;0.27654596309748286;0.9109950097898243;0.45470001919356356];0.7818816196605499;0.25
7405;0.4173972502838543;0.46472531963372443;5;0.6469731413714803;[0.33379074603824066;0.38111881538811077;0.501003754529468;0.5483318238793381];0.7744225385822839;0.25
3534;0.8498155965968424;0.3347511695476356;6;0.5545773692785879;[0.762061285525469;0.24699685847626224;0.9375699076682157;0.422505480619009];0.7667620609978026;0.25
6787;0.7718154515885921;0.5799864775559497;6;0.3085953323402646;[0.6858783727754091;0.49404939874276665;0.8577525304017751;0.6659235563691327];0.7771678029909876;0.25
8335;0.33392275462634824;0.48585050968666726;6;0.5370301753234406;[0.2462857456214758;0.39821350068179484;0.4215597636312207;0.5734875186915397];0.7686046354127573;0.25
4209;0.9528335138889125;0.7004013346957421;6;0.4033663204371983;[0.8672900569285925;0.6148578777354221;1.0383769708492325;0.785944791656062];0.7838226587709671;0.25
5335;0.9153352299522782;0.036242809627115125;6;0.39109357211442203;[0.8253509846017218;-0.05374143572344128;1.0053194753028347;0.12622705497767153];0.7767555555092892;0.25
6614;0.5572552494120535;0.6271524998471725;6;0.5622255763813058;[0.4635699416884367;0.5334671921235556;0.6509405571356703;0.7208378075707893];0.7747610636029976;0.25
2020;0.7400234906943008;0.040768274813285266;6;0.5548289103721938;[0.6570792975154696;-0.04217591836554602;0.8229676838731321;0.12371246799211655];0.7777755301342693;0.25
8334;0.5913045231137906;0.6052497212840181;6;0.441009231052443;[0.5010268386136635;0.514972036783891;0.6815822076139176;0.6955274057841452];0.7750059397017387;0.25
3577;0.8615589471997209;0.5869153923950886;6;0.3618568514785472;[0.7671173493704416;0.4924737945658093;0.9560005450290002;0.6813569902243679];0.7798995807030867;0.25
9808;0.5980920680188578;0.7197989837221315;6;0.3873222735916217;[0.509292714062386;0.6309996297656597;0.6868914219753297;0.8085983376786032];0.7819597143198971;0.25
6037;0.8267533392066644;0.6690539914285516;6;0.35144208373503105;[0.7397719203003978;0.5820725725222851;0.9137347581129309;0.7560354103348181];0.7729204692395231;0.25
4081;0.45105510368689483;0.4246425424554676;6;0.3881098144904773;[0.36857973802679556;0.34216717679536834;0.5335304693469941;0.5071179081155669];0.7793212851873861;0.25
1331;0.22728078097908366;0.9329070919306124;6;0.5293638499481289;[0.14514971875668284;0.8507760297082115;0.3094118432014845;1.0150381541530131];0.7806492606895379;0.25
5693;0.7378669622044541;0.2414263149026028;6;0.42137699360900854;[0.6527280133617135;0.1562873660598621;0.8230059110471948;0.3265652637453435];0.7746119000454832;0.25
3722;0.8096222316361674;0.7224230773849143;6;0.5736765435799547;[0.7228630358428562;0.635663881591603;0.8963814274294787;0.8091822731782256];0.7728427071124283;0.25
287;0.1988227887033278;0.6930566737114731;6;0.4709663408242408;[0.10899283403370734;0.6032267190418525;0.2886527433729483;0.7828866283810936];0.780046128554791;0.25
4457;0.8857423494295579;0.6356645071938677;6;0.3176869555010264;[0.7928917151720679;0.5428138729363777;0.9785929836870478;0.7285151414513577];0.7750064905934301;0.25
928;0.5981621133021319;0.3522496058578849;6;0.6314094089579134;[0.5080816910865558;0.26216918364230873;0.688242535517708;0.44233002807346106];0.7710036705316573;0.25
7440;0.4210536569469954;0.7866754926551677;6;0.2998689899415283;[0.3355122161130494;0.7011340518212217;0.5065950977809415;0.8722169334891137];0.7805887368885014;0.25
9266;0.7904762791541804;0.2954309082352013;6;0.603020097360292;[0.7025582623121259;0.20751289139314683;0.8783942959962349;0.38334892507725576];0.7653250073630501;0.25
2662;0.22307455125459053;0.7856144698900182;6;0.6322472229789982;[0.1367442444866364;0.6992841631220641;0.30940485802254464;0.8719447766579722];0.7740462728650018;0.25
6196;0.5889772697830042;0.869567714149035;6;0.36899040556158;[0.5024572010460413;0.7830476454120721;0.6754973385199672;0.9560877828859979];0.7680435505091612;0.25
7477;0.3478269306065615;0.8921932517187223;7;0.5192924416371845;[0.2552586179634228;0.7996249390755836;0.4403952432497002;0.984761564361861];0.7709584117282522;0.25
7542;0.5236600187351588;0.7178749011370805;6;0.46829310933443086;[0.4363041162812842;0.6305189986832059;0.6110159211890334;0.8052308035909551];0.7717931555121564;0.25
4078;0.8231035014376801;0.6665260997957123;6;0.5720919558029249;[0.7376267060123737;0.5810493043704059;0.9085802968629865;0.7520028952210187];0.7732051690705051;0.25
4548;0.6108677424457646;0.6203631465592591;6;0.5604806768343511;[0.5235012998819162;0.5329967039954107;0.698234185009613;0.7077295891231075];0.7697392353567917;0.25
8825;0.8460597738061034;0.9462485399182592;5;0.26762208447330527;[0.7586698697599232;0.8588586358720791;0.9334496778522836;1.0336384439644393];0.7812218644834558;0.25
5265;0.7292004534663656;0.865517238210163;5;0.28614410647536836;[0.6425313885996417;0.778848173343439;0.8158695183330896;0.952186303076887];0.7683788944193223;0.25
1086;0.8245181908174832;0.3904673482884027;6;0.5378821346525591;[0.7325970406218562;0.29854619809277566;0.9164393410131103;0.4823884984840297];0.776300691534037;0.25
7014;0.9200782196259049;0.8098549728012931;6;0.3252843836892053;[0.8347398099389916;0.7245165631143797;1.0054166293128182;0.8951933824882066];0.7753701040013276;0.25
4041;0.9072779542697953;0.22907000275496486;7;0.45366349231567227;[0.8168097749957431;0.13860182348091266;0.9977461335438474;0.31953818202901707];0.7780018235472902;0.25
1681;0.21257036549838138;0.1544639240163752;6;0.43748424787169554;[0.12842271154037832;0.07031627005837215;0.29671801945638443;0.23861157797437826];0.7695955945557809;0.25
6055;0.30159715858160074;0.6718646140239263;6;0.2859522539010715;[0.21417607759906443;0.58444353304139;0.38901823956413706;0.7592856950064626];0.7799568774345516;0.25
1072;0.8166641700146308;0.4276232374543737;7;0.5740151320331031;[0.7261609957542985;0.3371200631940415;0.907167344274963;0.518126411714706];0.7733222372503898;0.25
9662;0.5767829510284863;0.9770447811783238;6;0.46945085828806055;[0.4864463368517968;0.8867081670016342;0.6671195652051759;1.0673813953550133];0.7787300051074344;0.25
858;0.38774779349905336;0.9868341595536796;6;0.537071261369981;[0.3001883241250044;0.8992746901796306;0.4753072628731023;1.0743936289277285];0.7770222524121744;0.25
9647;0.47596208688641234;0.5378384773103568;5;0.48023804159184325;[0.38762456600235284;0.44950095642629734;0.5642996077704718;0.6261759981944163];0.7669585334687988;0.25
3692;0.27430458918287914;0.006719477417826969;6;0.5528044916483161;[0.18245492772642724;-0.08513018403862493;0.36615425063933105;0.09856913887427887];0.7735124040610669;0.25
3675;0.41640330271483705;0.765577327770615;6;0.4660144477266438;[0.32996494062237125;0.6791389656781492;0.5028416648073029;0.8520156898630808];0.7741672335432772;0.25
24;0.768906907873862;0.14961404388877286;6;0.5903517472458517;[0.6826012500726741;0.06330838608758509;0.8552125656750498;0.23591970168996063];0.7704304074601951;0.25
3814;0.5041560864507102;0.05228960910051217;6;0.4075190348342444;[0.4190470599848317;-0.03281941736536631;0.5892651129165887;0.13739863556639065];0.7789780168168505;0.25
73;0.43521166172385317;0.7531500123464319;6;0.5399995029496067;[0.3497685534146526;0.6677069040372313;0.5206547700330537;0.8385931206556324];0.7757118252629592;0.25
784;0.9515410505856798;0.6081479752639304;6;0.4895573627071246;[0.8635230920520462;0.5201300167302968;1.0395590091193134;0.696165933797564];0.7735681650684247;0.25
3413;0.6627875054447736;0.9448896441195338;6;0.4080834347518208;[0.5752777441219786;0.8573798827967388;0.7502972667675686;1.0323994054423287];0.7709697436870411;0.25
667;0.4678385262548936;0.6241122554405499;6;0.47983829462834326;[0.382421146087214;0.5386948752728704;0.5532559064225732;0.7095296356082295];0.7802225325997463;0.25
6611;0.6137385172856518;0.28898978575743467;6;0.5493731480612338;[0.5231717015934616;0.19842297006524445;0.7043053329778419;0.3795566014496249];0.7699353141842878;0.25
5336;0.9433470775081845;0.7811630301552043;6;0.4925345977415227;[0.8555354890800589;0.6933514417270787;1.0311586659363101;0.8689746185833298];0.7710308222368639;0.25
8909;0.8442597118413377;0.8415785202502633;6;0.42254571474807184;[0.7557260296897598;0.7530448380986853;0.9327933939929157;0.9301122024018412];0.7659509759977052;0.25
7392;0.6644831006879413;0.14913589312464004;6;0.5122863156705746;[0.5737490247197297;0.058401817156428476;0.7552171766561528;0.2398699690928516];0.7731460211850192;0.25
3898;0.5439795341228189;0.6705566505793542;6;0.5642462797136518;[0.4522414209446395;0.5788185374011748;0.6357176473009982;0.7622947637575336];0.7709305229802152;0.25
281;0.93868627604921;0.2788323741491239;6;0.5695257030060293;[0.8473279158666248;0.1874740139665387;1.0300446362317952;0.370190734331709];0.7688722402109345;0.25
6165;0.9680905900810326;0.14760173848944658;6;0.5104894755816506;[0.8860100199116864;0.06552116832010035;1.050171160250379;0.2296823086587928];0.7810054124577722;0.25
8460;0.9303864361621649;0.7803311852963764;6;0.5710794151024582;[0.8406617254521764;0.6906064745863878;1.0201111468721533;0.8700558960063649];0.7806037926142431;0.25
9944;0.6060982717519798;0.22350527979526924;6;0.49648538240887613;[0.5228641502042723;0.1402711582475617;0.6893323932996873;0.3067394013429768];0.7782596650113768;0.25
6163;0.7419799214369656;0.5096895538252448;6;0.4155179503390168;[0.6556741270090239;0.42338375939730327;0.8282857158649072;0.5959953482531865];0.7762305826491185;0.25
9632;0.7370410243193777;0.7111713169213626;6;0.6216540210453203;[0.6468125583226673;0.6209428509246522;0.8272694903160881;0.801399782918073];0.7797423778711425;0.25
6161;0.7973472801537411;0.7895118316427403;6;0.6168820389902425;[0.7119570893945011;0.7041216408835003;0.8827374709129812;0.8749020224019803];0.7829204634515681;0.25
7343;0.7470399839633143;0.26085140195895684;6;0.5061903359640185;[0.6581525898151849;0.17196400781082744;0.8359273781114437;0.34973879610708625];0.777718162709664;0.25
8313;0.6760928999077984;0.5496909440850934;6;0.4423198121764694;[0.5894134402069975;0.4630114843842925;0.7627723596085993;0.6363704037858944];0.779763547127786;0.25
7004;0.9971514225768399;0.19976959364325103;6;0.4131518247250052;[0.9100783498091485;0.11269652087555963;1.0842244953445312;0.2868426664109424];0.7736940630972086;0.25
397;0.29631722092132984;0.5038699699252186;6;0.6179935995543502;[0.2082114176109432;0.41576416661483195;0.3844230242317165;0.5919757732356052];0.7795443977158054;0.25
8624;0.7085906966551085;0.3663686728728805;6;0.4655649222091399;[0.6197905962624366;0.2775685724802085;0.7973907970477805;0.4551687732655525];0.7743538050368027;0.25
6333;0.661902610706473;0.5868528472945894;6;0.6307596496991681;[0.574575026847538;0.49952526343565445;0.7492301945654081;0.6741804311535244];0.7703528040888479;0.25
4372;0.2638591786306994;0.7366882770765644;6;0.5199889221235122;[0.17905525671247474;0.6518843551583396;0.3486631005489241;0.8214921989947891];0.7782031759980486;0.25
5717;0.5489116610672834;0.46885219381132043;6;0.3487894596024499;[0.46128445068316504;0.38122498342720207;0.6365388714514018;0.5564794041954388];0.7743456807264207;0.25
2213;0.03475855343907919;0.7411786959417824;6;0.524016454791373;[-0.05057942563475902;0.6558407168679442;0.1200965325129174;0.8265166750156206];0.7702907800126896;0.25
3332;0.4675089205058736;0.19236094942275334;6;0.40776080026193323;[0.3791859694815203;0.10403799839839999;0.555831871530227;0.28068390044710667];0.777268762833406;0.25
4248;0.7339484733917676;0.39181336580914516;7;0.5825264094050819;[0.6471766230553054;0.305041515472683;0.8207203237282298;0.47858521614560734];0.7670999488608161;0.25
1760;0.8687767801150167;0.5908088883615975;6;0.6253528844734144;[0.7813615877116765;0.5033936959582573;0.9561919725183569;0.6782240807649377];0.7726764044826028;0.25
9801;0.9977462906557144;0.415889855305948;6;0.6474014235061295;[0.9061860262134427;0.32432959086367635;1.0893065550979861;0.5074501197482197];0.7777758153439114;0.25
6096;0.9652907897397156;0.7406875456818267;6;0.39890362244359623;[0.8768457994271506;0.6522425553692617;1.0537357800522806;0.8291325359943917];0.7723308844857296;0.25
3583;0.6194592401996667;0.28944780980025997;6;0.6776476789469192;[0.5321173479686712;0.20210591756926444;0.7068011324306622;0.3767897020312555];0.7885128707739852;0.25
2930;0.5922985373281597;0.801537265941129;6;0.6024899953038809;[0.5069095151876863;0.7161482438006557;0.6776875594686331;0.8869262880816022];0.7783871863635203;0.25
3641;0.7468165735021824;0.7657620508131004;6;0.5259663201263667;[0.6629717559077333;0.6819172332186512;0.8306613910966316;0.8496068684075497];0.7667357194117498;0.25
2698;0.5866522431704814;0.9124936494477046;6;0.4481909811767035;[0.5007428696288836;0.8265842759061068;0.6725616167120791;0.9984030229893024];0.7693315046404594;0.25
4925;0.6432308690404037;0.5757151831448711;6;0.45641336471300264;[0.5556417282771393;0.48812604238160673;0.7308200098036681;0.6633043239081355];0.7818297163486658;0.25
5600;0.9089825495955202;0.025186999045403002;6;0.3728278489164305;[0.8225481820727574;-0.061247368477359815;0.995416917118283;0.11162136656816582];0.7817574363779767;0.25
2255;0.6881900367876239;0.8904637919479563;6;0.386124478675482;[0.599034847273882;0.8013086024342144;0.7773452263013658;0.9796189814616982];0.7754815748433209;0.25
5909;0.4562267883393901;0.25130880165435654;6;0.3329245117811538;[0.36974501165842727;0.1648270249733937;0.542708565020353;0.3377905783353194];0.7773317824807648;0.25
1992;0.8393910328672816;0.42344908559407063;6;0.535858458213399;[0.752658905937734;0.3367169586645231;0.9261231597968291;0.5101812125236181];0.776251939732997;0.25
991;0.42567693003521695;0.43387534044093506;6;0.31003187578087865;[0.3377213499214633;0.3459197603271814;0.5136325101489706;0.5218309205546887];0.7714044548633936;0.25
8056;0.4975179384069351;0.8877590557350123;6;0.6286224120355097;[0.4125276467715581;0.8027687640996354;0.5825082300423121;0.9727493473703893];0.7825764482179278;0.25
4503;0.5775649056751979;0.3192211900765851;6;0.6077605541291982;[0.4865558427550838;0.22821212715647102;0.668573968595312;0.41023025299669924];0.7720255336856456;0.25
106;0.7519435203953828;0.5654641715950983;6;0.5010929525578596;[0.6686783435210496;0.4821989947207651;0.835208697269716;0.6487293484694315];0.7743262278101112;0.25
7031;0.558068445558948;0.6734050655782404;6;0.7046680609586705;[0.47010806990440024;0.5854446899236927;0.6460288212134957;0.7613654412327882];0.7657133202428947;0.25
9944;0.23188678502679105;0.9908022919966956;6;0.49648538240887613;[0.14454047823490465;0.9034559852048092;0.31923309181867743;1.078148598788582];0.7782596650113768;0.25
9001;0.4349649598614134;0.45035280210523077;7;0.4191586353899662;[0.34375782007339095;0.35914566231720824;0.5261720996494359;0.5415599418932533];0.7753531010404672;0.25
2519;0.9143639325241676;0.6314223050227309;6;0.3925135615755655;[0.8259294861180595;0.5429878586166228;1.0027983789302757;0.719856751428839];0.7742747286892282;0.25
251;0.6199577878166199;0.6354301414269619;6;0.3788396545205257;[0.5289584426008208;0.5444307962111627;0.710957133032419;0.726429486642761];0.7765817029990153;0.25
5225;0.44137093634170194;0.7462849511657407;7;0.5917815452255376;[0.35178619331660954;0.6567002081406482;0.5309556793667943;0.8358696941908331];0.7820981212198405;0.25
1324;0.654701871806985;0.26513211867609154;6;0.586791711150713;[0.5688210358239645;0.17925128269307097;0.7405827077900056;0.3510129546591121];0.7776015744443956;0.25
8167;0.491842321105271;0.8641218819924021;6;0.5332834417849845;[0.40162743806339773;0.773906998950529;0.5820572041471442;0.9543367650342753];0.7820534425982075;0.25
5047;0.24822421902554892;0.8896726680758139;6;0.6603900063837258;[0.15915458780490566;0.8006030368551706;0.3372938502461922;0.9787422992964572];0.7904665788045055;0.25
8527;0.40751314035602076;0.19397797398634986;5;0.48275136562562665;[0.315881438421848;0.10234627205217714;0.4991448422901935;0.28560967592052255];0.7767521813436935;0.25
383;0.7016209251084179;0.23938083313896397;6;0.43187933324231825;[0.6214151272246805;0.15917503525522655;0.7818267229921553;0.31958663102270135];0.7723752929644492;0.25
1203;0.8982655140259209;0.5290623525558307;6;0.3586813949302633;[0.8119038969549477;0.4427007354848575;0.9846271310968941;0.6154239696268038];0.778396410304954;0.25
7443;0.9227353166715878;0.6308702388497165;6;0.40420453216388214;[0.8376517685553657;0.5457866907334944;1.00781886478781;0.7159537869659386];0.7761153138092461;0.25
5990;0.8776389380117529;0.7198409822226419;6;0.42994006196842105;[0.7911081170226475;0.6333101612335366;0.9641697590008582;0.8063718032117473];0.7774583663104382;0.25
328;0.2381319020504502;0.36765584457073935;6;0.5046526748566891;[0.15027509369866937;0.2797990362189585;0.32598871040223104;0.4555126529225202];0.7765831189085464;0.25
6934;0.878621903263622;0.6506134462183801;6;0.39178053671948204;[0.7926154477976486;0.5646069907524067;0.9646283587295954;0.7366199016843535];0.7746832852112407;0.25
8210;0.7629925145127417;0.5401029210957136;7;0.28177310051666304;[0.6777047449631349;0.4548151515461068;0.8482802840623486;0.6253906906453204];0.781045244841666;0.25
8312;0.46781732362804324;0.3347619276072408;6;0.3785672975311421;[0.3805519621731055;0.247496566152303;0.555082685082981;0.42202728906217857];0.7724572151115056;0.25
5785;0.44349645036663765;0.605402414854219;6;0.3756124989061808;[0.3554589202410222;0.5173648847286035;0.5315339804922531;0.6934399449798344];0.7813582337639611;0.25
4397;0.8488807496261153;0.6451173156819767;6;0.5452797890509423;[0.7655657348788161;0.5618023009346775;0.9321957643734144;0.7284323304292759];0.7749337737789117;0.25
5579;0.5103503256406685;0.44100579870925;6;0.529553952177176;[0.4228734331023084;0.35352890617088994;0.5978272181790286;0.52848269124761];0.7857397066106443;0.25
7914;0.9951320569362594;0.8204272579304455;6;0.4233776879842539;[0.9053865224174771;0.7306817234116632;1.0848775914550417;0.9101727924492278];0.7791493667861119;0.25
2148;0.9005317704956091;0.629073757078564;6;0.31693199952039797;[0.8157248185554704;0.5442668051384254;0.9853387224357477;0.7138807090187027];0.7701415628717246;0.25
5561;0.877443177413076;0.7039035338484008;5;0.6823927654999298;[0.7877988427848077;0.6142591992201325;0.9670875120413442;0.793547868476669];0.7769421109612377;0.25
6016;0.32511910309718983;0.9125759420504687;6;0.5467151768903169;[0.23250825014002577;0.8199650890933046;0.4177299560543539;1.0051867950076327];0.7739764225533841;0.25
