4434;0.6592230977986309;0.3200951508354064;6;0.3585159189147493;[0.5725788508009859;0.2334509038377614;0.7458673447962758;0.4067393978330514];0.7778523073765715;0.25
8490;0.23206719976619683;0.8118330950691798;7;0.4614156405971642;[0.1432072966219788;0.7229731919249618;0.3209271029104148;0.9006929982133978];0.7767272808771368;0.25
5329;0.5225212843625693;0.6961296962679602;6;0.44982166987015204;[0.43383380474994915;0.60744221665534;0.6112087639751894;0.7848171758805803];0.7757787672646288;0.25
8873;0.7258255410260515;0.8861998714140171;6;0.5511731441853901;[0.6382723187823309;0.7986466491702966;0.813378763269772;0.9737530936577377];0.7735935662708604;0.25
9111;0.7057704303846477;0.9234785070311973;6;0.4858462022686269;[0.61720485941934;0.8349129360658896;0.7943360013499554;1.012044077996505];0.7733902876056044;0.25
942;0.5260645546653893;0.34832030399936764;6;0.41267491042286797;[0.44039263984667687;0.26264838918065525;0.6117364694841017;0.43399221881808003];0.7851139291468594;0.25
8097;0.044069878773015825;0.34781241724011414;6;0.39794925043934565;[-0.040704369058910284;0.263038169408188;0.12884412660494193;0.43258666507204024];0.7761051211170502;0.25
7585;0.3797958576543415;0.5117910671255289;6;0.7068800844821774;[0.2933243194063444;0.4253195288775318;0.46626739590233857;0.598262605373526];0.7736162859408388;0.25
94;0.633908297446584;0.9863364637326084;6;0.5611377917594964;[0.5445451577669209;0.8969733240529454;0.723271437126247;1.0756996034122714];0.7778710509602428;0.25
6423;0.4341590237287714;0.7978897708264523;6;0.48533728910576024;[0.347951974493767;0.711682721591448;0.5203660729637758;0.8840968200614566];0.7781705121901406;0.25
1003;0.4007263227477091;0.6229126716605901;5;0.43384910158100204;[0.31301398966719945;0.5352003385800804;0.4884386558282187;0.7106250047410997];0.7631814487064232;0.25
2818;0.7904183125195088;0.36063041933379336;6;0.5036263039682088;[0.6967939582569078;0.26700606507119234;0.8840426667821097;0.4542547735963944];0.7765775997171755;0.25
7070;0.25576277247151724;0.5692594757928696;6;0.4473683580477986;[0.16450032440590462;0.477997027727257;0.34702522053712986;0.6605219238584823];0.775924500624102;0.25
2118;0.6990993334325278;0.60824609931065;7;0.34134096534192426;[0.6104031808578468;0.519549946735969;0.7877954860072088;0.696942251885331];0.7792564011744246;0.25
9460;0.6548185301636856;0.9031836605315973;6;0.6076730722773696;[0.5662040971292076;0.8145692274971192;0.7434329631981637;0.9917980935660753];0.7782805558881971;0.25
7949;0.630370251421863;0.36022749949404664;6;0.4125713442255365;[0.5436912076137734;0.27354845568595715;0.7170492952299525;0.44690654330213614];0.770542101308559;0.25
636;0.3872311234598106;0.5855936954158212;5;0.517588487810261;[0.30167286245175984;0.5000354344077704;0.47278938446786134;0.6711519564238719];0.7811731775171507;0.25
1725;0.1843294650195072;0.5486047826960128;6;0.601483514052349;[0.09999813911462599;0.4642734567911315;0.26866079092438844;0.632936108600894];0.7737410241870627;0.25
1039;0.7967893731389298;0.6842769523779418;6;0.584685899510129;[0.7081389862208428;0.5956265654598548;0.8854397600570169;0.7729273392960289];0.7791425294107845;0.25
106;0.8358336655443266;0.3749688996298698;6;0.5010929525578596;[0.751057578674841;0.2901928127603842;0.9206097524138122;0.45974498649935536];0.7743262278101112;0.25
8551;0.4791569078510779;0.5095196211894958;6;0.528954532030842;[0.39716631917413775;0.42752903251255564;0.5611474965280181;0.591510209866436];0.7757129092795181;0.25
4001;0.4072559017788569;0.8371769853156281;6;0.46689592730670626;[0.3139955994232839;0.7439166829600551;0.5005162041344299;0.9304372876712012];0.7673735370775111;0.25
1131;0.5357359980894781;0.672054120578312;6;0.4621938237853443;[0.4475388969053923;0.5838570193942262;0.623933099273564;0.7602512217623979];0.7740113167403779;0.25
8351;0.9299132989823129;0.7467188758848073;6;0.5700190607492863;[0.8505874679832988;0.6673930448857932;1.009239129981327;0.8260447068838215];0.7768168149360766;0.25
8795;0.7738762064796598;0.7868023689744748;6;0.24991762896329023;[0.6910271441798072;0.7039533066746221;0.8567252687795125;0.8696514312743274];0.7760280431329676;0.25
356;0.2725501646143793;0.8948929059149029;6;0.7257620126272107;[0.1849089121910048;0.8072516534915284;0.3601914170377538;0.9825341583382774];0.7772434477111395;0.25
9650;0.23860808759168373;0.8085403887832638;6;0.5804913855517044;[0.15206144432695448;0.7219937455185346;0.325154730856413;0.8950870320479931];0.773617240997181;0.25
5795;0.6774196862908031;0.47407158932942706;6;0.5183261758961726;[0.5920952672924693;0.38874717033109324;0.7627441052891368;0.5593960083277608];0.7764009138382246;0.25
1870;0.544074960952367;0.8109337356715162;5;0.4516490724473956;[0.4579040762448223;0.7247628509639715;0.6302458456599116;0.8971046203790608];0.7680117875431457;0.25
3239;0.6906288866391749;0.7874806660810646;6;0.49100248642897015;[0.6065661735307126;0.7034179529726023;0.7746915997476371;0.8715433791895268];0.7708009420604212;0.25
1122;0.25900656682996737;0.712901027566476;6;0.40231352840894075;[0.17419930988971405;0.6280937706262227;0.3438138237702207;0.7977082845067293];0.7799778935702172;0.25
4827;0.8128667319480875;0.6726588070310506;6;0.362644775917057;[0.7266636561274755;0.5864557312104387;0.8990698077686994;0.7588618828516626];0.776069299412743;0.25
2491;0.20291286877132386;0.9981430907079706;6;0.3763722530797624;[0.11868221366716919;0.913912435603816;0.28714352387547853;1.0823737458121252];0.7822424153026994;0.25
3107;0.7529305973819838;0.37159320854357547;6;0.48210846736166374;[0.6687718116413219;0.28743442280291365;0.8370893831226456;0.4557519942842373];0.775428065096636;0.25
8484;0.739788634742473;0.8332463687240269;6;0.5159190196357594;[0.6545367738827743;0.7479945078643282;0.8250404956021717;0.9184982295837256];0.7818848241405726;0.25
6972;0.654704600688393;0.9513858857060811;6;0.3628741562460696;[0.5677993699318732;0.8644806549495613;0.7416098314449128;1.0382911164626007];0.7747003998779456;0.25
4;0.44580395719574656;0.8540683230014985;7;0.4707964696471327;[0.36043731354405395;0.7687016793498058;0.5311706008474392;0.9394349666531912];0.7740290925047951;0.25
6657;0.8170902352452409;0.9908252417145018;6;0.4844443255665802;[0.7285959047879217;0.9023309112571826;0.9055845657025602;1.079319572171821];0.770265148069862;0.25
6193;0.9446070414618292;0.5064353752887193;6;0.39960634200203976;[0.8568196757458832;0.4186480095727734;1.032394407177775;0.5942227410046652];0.7774663604848556;0.25
6482;0.588939352463822;0.6317330092403474;6;0.34427662473207354;[0.49772776613916847;0.5405214229156938;0.6801509387884755;0.7229445955650009];0.7731709720935868;0.25
9839;0.4983503839673839;0.9182405250941018;7;0.533157055789809;[0.407186945784199;0.8270770869109169;0.5895138221505688;1.0094039632772867];0.76611836585102;0.25
4395;0.4651764179068596;0.8622023424743012;6;0.3427639010259603;[0.3785787585250934;0.7756046830925349;0.5517740772886258;0.9488000018560674];0.7761368217650724;0.25
2322;0.4702475149083869;0.6840178609506883;6;0.761825094368753;[0.38250309002494676;0.5962734360672481;0.557991939791827;0.7717622858341284];0.771977976159927;0.25
9817;0.955963543331496;0.9952145479733608;6;0.4940755279677036;[0.8695121008279896;0.9087631054698544;1.0424149858350025;1.0816659904768673];0.7760979065151933;0.25
7207;0.9009249962883727;0.24336437063230332;6;0.5078081955545709;[0.8156137211644501;0.1580530955083806;0.9862362714122954;0.32867564575622604];0.7686486346814767;0.25
5973;0.6733145562167581;0.5050660928337413;6;0.6591667519675634;[0.5820753068649812;0.4138268434819644;0.7645538055685349;0.5963053421855181];0.7823825020025842;0.25
5892;0.40111801131457425;0.8007266880504241;6;0.6242323251172242;[0.3114125105177866;0.7110211872536365;0.4908235121113619;0.8904321888472118];0.7748227016968422;0.25
6559;0.47391296406304256;0.4263279613024843;6;0.648980103830322;[0.38533007969732147;0.3377450769367632;0.5624958484287637;0.5149108456682054];0.7747778105405796;0.25
3170;0.8832512925943147;0.5899390600732913;6;0.4908457121090872;[0.7966105846324696;0.5032983521114462;0.9698920005561598;0.6765797680351364];0.7671456243740848;0.25
7688;0.963962588060537;0.5985908311194393;6;0.33040069292376395;[0.8772870574052885;0.5119153004641908;1.0506381187157856;0.6852663617746879];0.7735065404852716;0.25
1730;0.9043252704925698;0.12131421957326094;5;0.4822161381065246;[0.8211145959257498;0.038103545006440864;0.9875359450593899;0.20452489414008101];0.7795721323688801;0.25
878;0.860922479771568;0.6691024435697119;6;0.4970143520235968;[0.7769097238918031;0.5850896876899471;0.9449352356513329;0.7531151994494768];0.773426559394855;0.25
2185;0.7501525120355796;0.3334885966758824;6;0.46258429347218405;[0.6616330138638334;0.24496909850413617;0.8386720102073258;0.4220080948476286];0.7688680581771391;0.25
6844;0.8930940351278949;0.7508678215734365;6;0.24342427013013263;[0.8061176233134372;0.6638914097589788;0.9800704469423526;0.8378442333878942];0.7768529663878411;0.25
877;0.9178936714976904;0.9774591050961561;6;0.3190895195873783;[0.8304204674108314;0.8899859010092971;1.0053668755845493;1.064932309183015];0.7768262830832076;0.25
5898;0.9283112628213306;0.5875046447284981;6;0.6179958478245076;[0.8432863489570437;0.5024797308642112;1.0133361766856175;0.672529558592785];0.7731116359351777;0.25
7283;0.16725924530705905;0.906013531497989;7;0.5961823587791878;[0.07978750976488087;0.8185417959558109;0.25473098084923723;0.9934852670401672];0.7776637544065778;0.25
1842;0.17149359911665885;0.38259677434200057;6;0.3094385862521868;[0.08360565843475729;0.29470883366009903;0.2593815397985604;0.4704847150239021];0.7758195895447801;0.25
3023;0.4557678287337727;0.9188230577861993;6;0.4423439250538051;[0.36537210840148915;0.8284273374539158;0.5461635490660562;1.009218778118483];0.7733698996891792;0.25
7201;0.5595181232569069;0.9886610211204518;6;0.5527766234603482;[0.46451579873573023;0.8936586965992752;0.6545204477780835;1.0836633456416285];0.7747276131653796;0.25
6501;0.6217925162547528;0.9001351609973754;6;0.4014134186079042;[0.5311100194267689;0.8094526641693915;0.7124750130827368;0.9908176578253594];0.7768104268732188;0.25
8274;0.6000883428128181;0.8984878882395794;6;0.5361085036942519;[0.5110301789180667;0.809429724344828;0.6891465067075695;0.9875460521343308];0.7735164350819063;0.25
2877;0.9588953881757624;0.5174738418012808;6;0.4785998722767483;[0.8755984550882661;0.43417690871378445;1.0421923212632587;0.6007707748887771];0.773927164135459;0.25
8904;0.3492610717328802;0.7424520756448697;6;0.4018081659986459;[0.2642314997187364;0.6574225036307259;0.434290643747024;0.8274816476590136];0.7685597053300514;0.25
7413;0.9855709589194405;0.8737176355534965;6;0.43075061138472226;[0.8908105078256635;0.7789571844597195;1.0803314100132175;0.9684780866472734];0.7718561733339684;0.25
6274;0.2577525311680774;0.6880677987670871;6;0.6558379653037802;[0.17083777929913893;0.6011530468981486;0.3446672830370159;0.7749825506360256];0.7818225419667391;0.25
9182;0.6387799255530504;0.22460123315959724;6;0.5561959993408467;[0.5521622036938737;0.1379835113004205;0.7253976474122271;0.31121895501877395];0.7790849144646915;0.25
2563;0.5213295118318345;0.8074692105453292;5;0.5173290911095982;[0.4305807706358717;0.7167204693493663;0.6120782530277973;0.898217951741292];0.7665385663646698;0.25
7161;0.9107123706527013;0.7845144094047536;6;0.3792230911081419;[0.823357994060713;0.6971600328127653;0.9980667472446896;0.8718687859967419];0.7763632732196392;0.25
7392;0.743196764695114;0.04063848325932762;6;0.5122863156705746;[0.6575775479043153;-0.044980733531471;0.8288159814859126;0.12625770005012624];0.7731460211850192;0.25
5325;0.9317666718964189;0.8513505615906528;6;0.4517643426414147;[0.8425353504487221;0.762119240142956;1.0209979933441158;0.9405818830383497];0.7726059965392491;0.25
2709;0.7486704481178994;0.5488687683456466;6;0.36923487052632387;[0.6596263571347701;0.4598246773625173;0.8377145391010287;0.6379128593287758];0.7780799284597129;0.25
4414;0.3431362558926532;0.8092894545378744;6;0.4768906295985147;[0.2555650192878363;0.7217182179330576;0.43070749249747003;0.8968606911426912];0.7730730139484999;0.25
729;0.8200960484320846;0.5127973554893088;6;0.5166596768598658;[0.7313901900884733;0.4240914971456975;0.908801906775696;0.6015032138329202];0.7800787229839761;0.25
7919;0.9243625231462169;0.3641104265880628;6;0.45789234712531146;[0.8352494299335629;0.27499733337540877;1.013475616358871;0.45322351980071685];0.7786112244148465;0.25
7520;0.9802402437220438;0.9664415431071326;5;0.5020312425748987;[0.8923199389369754;0.8785212383220642;1.0681605485071122;1.054361847892201];0.779893598189368;0.25
7601;0.41866488383894584;0.8545994162826808;6;0.46486774593607;[0.3281011490164153;0.7640356814601502;0.5092286186614764;0.9451631511052113];0.7716571555909606;0.25
292;0.6662583651985158;0.184814258290259;6;0.6218149090914338;[0.579845670144895;0.09840156323663814;0.7526710602521366;0.27122695334387986];0.779028288817193;0.25
6875;0.5042280193160799;0.9225624162374713;6;0.4642069290758021;[0.4185208875812735;0.8368552845026649;0.5899351510508862;1.0082695479722776];0.7787683341521994;0.25
9134;0.8547189921860897;0.37786217989061166;7;0.4949192762847648;[0.7654288696964374;0.28857205740095937;0.944009114675742;0.46715230238026395];0.7721154941738055;0.25
7216;0.9872415773685742;0.39847740175563207;6;0.40426247617915234;[0.8974496074253169;0.3086854318123748;1.0770335473118315;0.48826937169888934];0.7756758649096356;0.25
5223;0.1307753603405477;0.9519431238286702;7;0.38327689089778083;[0.043399668608334524;0.864567432096457;0.2181510520727609;1.0393188155608835];0.7715109900705723;0.25
3526;0.6879627101355069;0.8786534811445271;6;0.5771118194747457;[0.6053894176907946;0.7960801886998148;0.7705360025802193;0.9612267735892395];0.777226088549709;0.25
6318;0.4460484142894134;0.8637164156323766;5;0.37972486182055865;[0.35232573914808585;0.7699937404910491;0.5397710894307409;0.957439090773704];0.7883685962607785;0.25
2649;0.4747327205465508;0.8282118485157703;6;0.3882623721589992;[0.3889290206998;0.7424081486690195;0.5605364203933016;0.9140155483625212];0.7731103607463524;0.25
3908;0.7929477424386674;0.6533791042022288;6;0.3819564888605004;[0.7034867161555873;0.5639180779191487;0.8824087687217474;0.7428401304853088];0.7769552454331663;0.25
1116;0.32811062951623965;0.12395084644137189;6;0.4042868956835225;[0.24523773673657823;0.041077953661710465;0.41098352229590107;0.2068237392210333];0.7771646040430428;0.25
981;0.8046963927763499;0.9942175964026436;6;0.593309093196367;[0.717751607547369;0.9072728111736628;0.8916411780053307;1.0811623816316245];0.7712075976948997;0.25
1509;0.8234338567110164;0.1929973017445269;6;0.3717338325169364;[0.7372997951571517;0.10686324019066214;0.9095679182648811;0.27913136329839167];0.7760784415542511;0.25
8905;0.7976940701798676;0.7717911486740802;6;0.42574845991924026;[0.7092518769728572;0.6833489554670698;0.886136263386878;0.8602333418810906];0.7743517278621368;0.25
9612;0.6668945137074923;0.2293596475011903;6;0.650332591122618;[0.5772495604733628;0.13971469426706085;0.7565394669416218;0.3190046007353198];0.7713366933311043;0.25
3990;0.5049444501739522;0.7000289652462819;6;0.5845158591418281;[0.4161324799260889;0.6112169949984186;0.5937564204218154;0.7888409354941451];0.7680424193088379;0.25
5710;0.8853813930159896;0.5441033050780293;6;0.42966167998495336;[0.8010788016791229;0.45980071374116266;0.9696839843528563;0.628405896414896];0.7699588626906269;0.25
3067;0.596471289383543;0.6649119785624158;6;0.38710651580175537;[0.5134196311902641;0.5818603203691369;0.6795229475768219;0.7479636367556947];0.7814701907029282;0.25
1532;0.8137073832413552;0.5299086107515423;6;0.4828669686611318;[0.7270283885290136;0.4432296160392008;0.9003863779536967;0.6165876054638837];0.773783887448474;0.25
6692;0.6791822854098934;0.9387921135382306;6;0.4437640421661721;[0.5894337497385785;0.8490435778669156;0.7689308210812084;1.0285406492095455];0.7783063392904501;0.25
9836;0.21850866692044468;0.8422819607117651;6;0.6121227628412089;[0.12825667044651143;0.7520299642378319;0.3087606633943779;0.9325339571856983];0.7741365971492884;0.25
6916;0.3739366154108536;0.41743015095323655;6;0.4639887025935468;[0.28191325145497015;0.32540678699735315;0.46595997936673705;0.5094535149091199];0.773532319524683;0.25
7960;0.8488282599188963;0.9028443265549162;6;0.56589785984142;[0.7625994392697775;0.8166155059057973;0.9350570805680152;0.989073147204035];0.7737335452733104;0.25
1674;0.36303158060345164;0.42009981972096155;5;0.4123112598779558;[0.27268143879337997;0.3297496779108899;0.4533817224135233;0.5104499615310332];0.7765230502650013;0.25
6474;0.5413867742742967;0.6354323256600476;6;0.34215815281036055;[0.45790097435762617;0.551946525743377;0.6248725741909673;0.7189181255767182];0.7693541221461483;0.25
4416;0.6564565192790646;0.35657443992372284;6;0.476125367891432;[0.5645767799460075;0.2646947005906658;0.7483362586121216;0.4484541792567799];0.772155838116118;0.25
5162;0.5251039915719988;0.4746680033392072;6;0.45604358298423503;[0.43754611713754765;0.38711012890475605;0.61266186600645;0.5622258777736584];0.7660128088065246;0.25
6425;0.15423419767477653;0.7564740166425017;6;0.6182158312471967;[0.06474169030495366;0.6669815092726789;0.2437267050445994;0.8459665240123245];0.7820817585663646;0.25
4438;0.6799220838165786;0.9243393474615926;6;0.4989770748551068;[0.589642304750953;0.8340595683959671;0.7702018628822042;1.0146191265272182];0.7717349029219739;0.25
8472;0.9815628777742638;0.9203550621350856;6;0.6052950868684571;[0.8936538608783764;0.8324460452391982;1.0694718946701511;1.008264079030973];0.7805848413567161;0.25
107;0.7228265214152596;0.6484956251495674;6;0.29283923547907165;[0.6302774281172252;0.555946531851533;0.815375614713294;0.7410447184476018];0.7755619411156567;0.25
8508;0.5069899551349308;0.34082906916108935;6;0.5544649940360421;[0.4248278486826348;0.2586669627087933;0.5891520615872269;0.4229911756133854];0.7773714322918711;0.25
6047;0.9845409945526987;0.5334447605987652;6;0.42697648920439896;[0.8963028071364564;0.4452065731825229;1.072779181968941;0.6216829480150076];0.7672633123512731;0.25
6863;0.9389028399928866;0.6129718751502654;6;0.5322767121679809;[0.8497954860655955;0.5238645212229743;1.0280101939201776;0.7020792290775565];0.7729676606495428;0.25
3879;0.7295237760279552;0.5594616061403503;6;0.5980590399526308;[0.6403540888222949;0.47029191893469013;0.8186934632336154;0.6486312933460106];0.7750443955235808;0.25
5146;0.10239835105035788;0.6357391858107639;6;0.4560224423233742;[0.013563989472406196;0.5469048242328123;0.19123271262830957;0.7245735473887156];0.7868689469943124;0.25
4029;0.651626305115194;0.9659542082810227;6;0.3639498635072672;[0.5640253624646476;0.8783532656304763;0.7392272477657404;1.0535551509315693];0.7795596173363605;0.25
9681;0.9478106412080973;0.8681541069863542;6;0.5080516228853955;[0.8601543831667956;0.7804978489450525;1.0354668992493992;0.9558103650276559];0.7833884481104347;0.25
8457;0.06364285792797575;0.5896178355054777;6;0.42863472975499195;[-0.02268256400274292;0.5032924135747591;0.14996827985869443;0.6759432574361964];0.7707926255407833;0.25
5610;0.46229545607749867;0.9518852974609157;6;0.4884677990236037;[0.37594096051983267;0.8655308019032497;0.5486499516351646;1.0382397930185816];0.7720889611821761;0.25
9800;0.7456362414663953;0.9467982308824793;6;0.3774127445295633;[0.6621914297685396;0.8633534191846236;0.829081053164251;1.0302430425803348];0.7741283322563682;0.25
1386;0.41259705279113207;0.5609117427469702;6;0.41955860704338754;[0.3252916074365818;0.47360629739241994;0.49990249814568233;0.6482171881015204];0.7817319569548367;0.25
2432;0.28532306485988124;0.4608590181552493;6;0.6259090983057232;[0.19752384481170512;0.37305979810707324;0.3731222849080573;0.5486582382034254];0.7763425635066551;0.25
8837;0.07591289097263076;0.8402528312143691;6;0.47185319593951464;[-0.012051173843933477;0.7522887663978048;0.163876955789195;0.9282168960309334];0.7758437448740658;0.25
8299;0.8548793443219744;0.2639975523845479;6;0.4982342810623338;[0.7650101233705378;0.17412833143311124;0.9447485652734111;0.3538667733359846];0.7698038456337991;0.25
6667;0.12697057346515572;0.23908274642826377;6;0.29796093583661054;[0.040811295223793356;0.1529234681869014;0.2131298517065181;0.32524202466962615];0.7685091963556583;0.25
3085;0.3840944555475327;0.9494039577769176;6;0.4739029854826297;[0.29935899234371066;0.8646684945730956;0.4688299187513547;1.0341394209807395];0.7787108103422974;0.25
7009;0.34391654441618835;0.25095002657330434;6;0.7136815676703999;[0.25736795205714824;0.16440143421426426;0.43046513677522846;0.33749861893234445];0.7717679071112282;0.25
3753;0.7617604259734536;0.8502703129086652;6;0.36589260987515415;[0.6695444542078213;0.7580543411430329;0.853976397739086;0.9424862846742974];0.7847131311721678;0.25
4725;0.2920577527923396;0.4551852211248306;6;0.38361092898596316;[0.20499414177806635;0.3681216101105574;0.3791213638066128;0.5422488321391039];0.7749941878439435;0.25
5597;0.7175725433798966;0.7034288857447376;6;0.5870407845249368;[0.6298420158640154;0.6156983582288564;0.8053030708957778;0.7911594132606188];0.7686189411326642;0.25
6323;0.49567185033007544;0.9441996969324962;6;0.5639507806522106;[0.40874519656702424;0.857273043169445;0.5825985040931266;1.0311263506955475];0.7798697714706312;0.25
3547;0.34527590210839215;0.7943152146752994;6;0.45386636736263986;[0.26149630341447205;0.7105356159813793;0.42905550080231225;0.8780948133692196];0.768489572306496;0.25
7573;0.8356948909563074;0.18722789660663985;6;0.5137574488423948;[0.7453507062180318;0.09688371186836423;0.9260390756945831;0.2775720813449155];0.7741165347298294;0.25
8693;0.6891071426564391;0.5238510276799113;6;0.5020763761645719;[0.5992805662146953;0.43402445123816746;0.778933719098183;0.6136776041216552];0.7793022889635444;0.25
4539;0.9341116627069657;0.9758771576497535;5;0.429236324281162;[0.8463821456995819;0.8881476406423697;1.0218411797143494;1.0636066746571373];0.7703374275546342;0.25
1706;0.9121371547844643;0.65337354400285;6;0.6879432923387605;[0.8243926801733471;0.5656290693917327;0.9998816293955816;0.7411180186139672];0.7683400496968793;0.25
3534;0.6408933993860764;0.8178032025990076;6;0.5545773692785879;[0.5500636367110817;0.726973439924013;0.731723162061071;0.9086329652740023];0.7667620609978026;0.25
3910;0.7387436439176683;0.22309747004270597;7;0.5338025963262532;[0.6506358539846887;0.13498968010972634;0.826851433850648;0.3112052599756856];0.7728947599902668;0.25
2606;0.8257950574952987;0.07791110753994857;6;0.47424595493974936;[0.7349746688386293;-0.012909281116720822;0.9166154461519681;0.16873149619661795];0.7805517535441181;0.25
7898;0.6722936671938441;0.7603419174463485;6;0.4764817360946601;[0.5860011627060646;0.674049412958569;0.7585861716816236;0.846634421934128];0.7681452219494025;0.25
945;0.6315407229081758;0.7644385055632372;6;0.4770312434644132;[0.5440714538949024;0.6769692365499639;0.7190099919214491;0.8519077745765106];0.7656620351175062;0.25
6409;0.8906494230233533;0.5313090910419768;6;0.460238494021857;[0.8050214715590095;0.44568113957763306;0.976277374487697;0.6169370425063205];0.7803875005846578;0.25
8843;0.4689397234307817;0.6891955468666797;6;0.3697273352066329;[0.38680819737941785;0.6070640208153159;0.5510712494821456;0.7713270729180436];0.762770665377701;0.25
5941;0.8298968477813119;0.6303582789767411;6;0.3311552792087288;[0.7459374370623822;0.5463988682578115;0.9138562585002415;0.7143176896956708];0.7790424488808989;0.25
7681;0.8931917404551449;0.4520742958418732;6;0.439447117478829;[0.801033014983024;0.35991557036975225;0.9853504659272658;0.5442330213139941];0.7787169837335081;0.25
6300;0.9310584161842814;0.641788450377254;5;0.7292786169243898;[0.8408752356587398;0.5516052698517123;1.0212415967098232;0.7319716309027956];0.7652161775868522;0.25
1795;0.7474470225982295;0.6253456375394658;6;0.532025019542965;[0.6588125635690399;0.5367111785102763;0.836081481627419;0.7139800965686554];0.7682362453550744;0.25
104;0.5526248726219899;0.23797803966828013;6;0.47512987746985874;[0.46503643845486337;0.1503896055011536;0.6402133067891165;0.32556647383540666];0.7691676947151378;0.25
7624;0.7632675913666491;0.429779220680486;6;0.46960827451584025;[0.6746702808913365;0.34118191020517347;0.8518649018419617;0.5183765311557986];0.7783897787014116;0.25
182;0.7778631078940011;0.8465831086745323;6;0.5090035895463009;[0.6901634719735144;0.7588834727540456;0.865562743814488;0.9342827445950191];0.7715706869164999;0.25
1159;0.7787813710188799;0.4264683086511514;6;0.48303876333793805;[0.6919368771602222;0.3396238147924937;0.8656258648775376;0.513312802509809];0.7815972951564795;0.25
7572;0.8028173344107981;0.6471370321338541;6;0.4725931225179411;[0.7109646013912456;0.5552842991143017;0.8946700674303505;0.7389897651534065];0.7782713223187459;0.25
707;0.7032776593547788;0.9299925350973627;6;0.5708992413688069;[0.6152168012966583;0.8419316770392422;0.7913385174128993;1.0180533931554832];0.7743605352243053;0.25
9216;0.4701373868003905;0.7366969138911359;6;0.5960045605864587;[0.3792844609853802;0.6458439880761255;0.5609903126154008;0.8275498397061463];0.7744400545562646;0.25
500;0.9652457470346921;0.7735720168116711;6;0.29146566626745407;[0.873730897123673;0.682057166900652;1.0567605969457112;0.8650868667226902];0.7736729190591174;0.25
738;0.34864029273210034;0.37773590877261165;6;0.598840695873237;[0.25920357236943004;0.2882991884099414;0.43807701309477065;0.4671726291352819];0.7714141714411819;0.25
1043;0.7976950915573524;0.926421704661904;6;0.5449563013126667;[0.7141020325659808;0.8428286456705324;0.881288150548724;1.0100147636532757];0.776611497282848;0.25
2916;0.7437340089145351;0.3131395958889728;6;0.5665422682950012;[0.6559977761630549;0.22540336313749254;0.8314702416660154;0.400875828640453];0.7694512066477917;0.25
8849;0.3932463238163127;0.49559408882260686;6;0.45849888365918867;[0.3083116441178905;0.4106594091241847;0.47818100351473486;0.5805287685210291];0.7763123843621416;0.25
2912;0.7904621189561648;0.8372032356812641;6;0.509163554366304;[0.7044084892350269;0.7511496059601261;0.8765157486773028;0.923256865402402];0.7732539292280776;0.25
8473;0.9657026195821556;0.8638287686757893;7;0.39253501117401446;[0.8791734152763081;0.7772995643699417;1.0522318238880033;0.9503579729816368];0.7743975687482055;0.25
2085;0.4400846465244945;0.44285814715299077;6;0.33903177336333135;[0.35114832004296714;0.3539218206714634;0.5290209730060219;0.5317944736345182];0.7838271513446666;0.25
1474;0.7933030446086631;0.5438308679830611;6;0.5237881717901144;[0.7081494092771882;0.45867723265158616;0.878456679940138;0.628984503314536];0.7771737294981836;0.25
1655;0.5034335033086492;0.5658039480664772;6;0.2915026717876875;[0.41447462787009104;0.476845072627919;0.5923923787472074;0.6547628235050353];0.7836852479578147;0.25
5577;0.32910194198918263;0.954669383939212;6;0.4830189192748888;[0.24440989379705869;0.869977335747088;0.4137939901813066;1.0393614321313358];0.782246311755975;0.25
4686;0.2605991053255231;0.8178331430925987;6;0.48136921306388414;[0.16928662357416557;0.7265206613412412;0.35191158707688064;0.9091456248439562];0.769397855579933;0.25
1663;0.607078165690702;0.7123768358027589;6;0.4766492485810686;[0.5183875430815817;0.6236862131936386;0.6957687882998224;0.8010674584118792];0.7792513522275689;0.25
1886;0.28744032838266653;0.38206666811847845;6;0.4487349814573217;[0.2019954320101507;0.2966217717459626;0.3728852247551824;0.4675115644909943];0.7782195042835058;0.25
895;0.7699344442498867;0.41154871730182596;6;0.5275467587306328;[0.6824698131444548;0.32408408619639406;0.8573990753553186;0.49901334840725786];0.7832991931544938;0.25
985;0.2524206939961805;0.7434826062113878;6;0.5781809612516806;[0.16767687514239252;0.6587387873575998;0.3371645128499685;0.8282264250651759];0.7749019016538056;0.25
8349;0.6246829002698838;0.10073110017258952;6;0.36891499397681093;[0.5407305029088645;0.01677870281157022;0.7086352976309032;0.1846834975336088];0.7748723720678987;0.25
8476;0.9751768975665012;0.5819407020284127;6;0.34020778014741804;[0.888481923917598;0.4952457283795096;1.0618718712154043;0.668635675677316];0.7781194595218711;0.25
9083;0.7194349712714765;0.6894838846890122;7;0.39749176592666347;[0.6313795422677189;0.6014284556852545;0.8074904002752341;0.77753931369277];0.7730609339424949;0.25
3644;0.4659811582911342;0.3987196920224253;6;0.4699802388625815;[0.37576830412611145;0.30850683785740257;0.5561940124561568;0.488932546187448];0.7750651808400318;0.25
3316;0.46994994029874426;0.679834960899466;6;0.49201387558809995;[0.3850997580271933;0.5949847786279151;0.5548001225702952;0.764685143171017];0.7775794782160643;0.25
1692;0.6058642235136884;0.39884944152153395;6;0.3422228534002342;[0.5217552098548377;0.31474042786268325;0.6899732371725391;0.48295845518038466];0.7742157081687473;0.25
1804;0.8939508325596905;0.22358733218620236;6;0.5016206880245577;[0.8043231107554889;0.13395961038200072;0.9835785543638922;0.313215053990404];0.7820362283001613;0.25
9263;0.2909578700169362;0.5505576571963704;6;0.3973400043118647;[0.2030332467859398;0.46263303396537403;0.37888249324793255;0.6384822804273668];0.7710704516040473;0.25
9826;0.665725251472238;0.29926693343474475;6;0.3701329137514462;[0.578591220856071;0.21213290281857766;0.7528592820884051;0.38640096405091184];0.7636295443235392;0.25
6819;0.5126753695602027;0.8290103868186764;5;0.5655703412549405;[0.42455189904386176;0.7408869163023355;0.6007988400765436;0.9171338573350174];0.7679492451692902;0.25
7456;0.393430837214242;0.3795431864078003;6;0.6224650146684946;[0.30540824189557825;0.2915205910891366;0.48145343253290573;0.46756578172646407];0.7708192694778799;0.25
1410;0.4338019255313992;0.2965087822811547;7;0.47381624545149065;[0.3408042610919576;0.20351111784171308;0.5267995899708408;0.3895064467205963];0.7674557255528572;0.25
4691;0.555054455606192;0.7301583439499418;6;0.34870056190207277;[0.4678563319058487;0.6429602202495985;0.6422525793065353;0.8173564676502851];0.7747360355103834;0.25
7991;0.8044984533878621;0.5613952130293954;6;0.46744408048819774;[0.7225373693526804;0.4794341289942138;0.8864595374230437;0.6433562970645771];0.7828341052946756;0.25
7749;0.43296714779149137;0.3072734938995365;6;0.4188104068996143;[0.34767977029859026;0.2219861164066354;0.5182545252843925;0.3925608713924376];0.7772388563202334;0.25
8817;0.8529595920590325;0.6020601018091845;6;0.44999702594902263;[0.7699075594763161;0.519008069226468;0.9360116246417489;0.6851121343919009];0.7728899820838311;0.25
9014;0.25318051723649804;0.04849550249903539;6;0.3419402424984863;[0.1678610465074159;-0.03682396823004676;0.3384999879655802;0.13381497322811753];0.7673371082656435;0.25
6810;0.5835546658818427;0.5640943873243034;6;0.34653080263260094;[0.49785683808328957;0.4783965595257503;0.6692524936803959;0.6497922151228566];0.7781819360274458;0.25
3515;0.8923589759136354;0.18304824325875174;7;0.6126483545626038;[0.7988464771495227;0.08953574449463902;0.9858714746777482;0.27656074202286446];0.783805496124411;0.25
5935;0.30604588360384066;0.45796470488855606;6;0.5624372160653257;[0.21927378274491358;0.37119260402962895;0.3928179844627677;0.5447368057474832];0.778211126059569;0.25
1397;0.4035807425857194;0.6645879265515857;6;0.43585809041691737;[0.3173557391681355;0.5783629231340017;0.48980574600330334;0.7508129299691697];0.7700306005560908;0.25
1115;0.9012274673155476;0.10905410004244376;6;0.4372598709351678;[0.815645090598943;0.023471723325839133;0.9868098440321522;0.19463647675904838];0.7768660126310417;0.25
6866;0.5690486420004306;0.809811503243071;6;0.28390748570171676;[0.48181545270163123;0.7225783139442717;0.6562818312992299;0.8970446925418704];0.770616436916425;0.25
5772;0.5296296083108527;0.4361978688946361;6;0.5041984419328747;[0.4415900314311478;0.34815829201493115;0.6176691851905576;0.5242374457743411];0.7689497107029273;0.25
4960;0.10759539437335075;0.4069138037476212;6;0.5944197391793079;[0.016253967308058004;0.31557237668232846;0.1989368214386435;0.49825523081291395];0.776357093322417;0.25
9019;0.5882854488779267;0.12347164248820824;6;0.3823003939108393;[0.5046624049238411;0.039848598534122634;0.6719084928320123;0.20709468644229384];0.767485419731521;0.25
4126;0.4615266597276555;0.6418899550779453;5;0.5175348402123393;[0.375997286774979;0.5563605821252688;0.547056032680332;0.7274193280306218];0.7796462012617535;0.25
2492;0.8642883703167945;0.9318401845802864;6;0.5749051994063998;[0.7776798552100627;0.8452316694735545;0.9508968854235264;1.0184486996870181];0.7738664111278503;0.25
5298;0.9511175023280924;0.4175445030980921;6;0.4244228534988296;[0.8598135900631738;0.32624059083317347;1.042421414593011;0.5088484153630107];0.775435137277942;0.25
9037;0.600875525846851;0.5285463812548788;6;0.5111224309056659;[0.5156138013181104;0.44328465672613826;0.6861372503755916;0.6138081057836194];0.7722007038605169;0.25
5459;0.6540897594021853;0.8687538506506672;6;0.5790223148480234;[0.5629621761170938;0.7776262673655757;0.7452173426872768;0.9598814339357588];0.7829034520908177;0.25
1306;0.9176014780737496;0.13221739075781325;6;0.48222937977050345;[0.8332933397974907;0.04790925248155435;1.0019096163500085;0.21652552903407213];0.778095535632554;0.25
7198;0.7946469941614066;0.315383289843183;6;0.5900342631470259;[0.7039638446421641;0.22470014032394042;0.8853301436806491;0.40606643936242554];0.7842292911162636;0.25
8840;0.4654750707247174;0.90379410237223;6;0.2602312459257792;[0.3765957106888086;0.8149147423363212;0.5543544307606262;0.9926734624081388];0.7801762265103348;0.25
4317;0.5030004324493356;0.7202361928477155;5;0.5188406472661384;[0.41668183683632776;0.6339175972347076;0.5893190280623434;0.8065547884607233];0.7699763426106692;0.25
8418;0.8204667539806741;0.8590048611156558;6;0.39738161850948367;[0.7287220262601277;0.7672601333951093;0.9122114817012206;0.9507495888362022];0.7785987249847391;0.25
3855;0.571436241801071;0.4860169952974542;6;0.5637136097743528;[0.48494604713903683;0.39952680063542;0.6579264364631052;0.5725071899594883];0.773305488768093;0.25
5021;0.736980024757395;0.6206042183981165;6;0.7017662958129255;[0.6463793791470862;0.5300035727878077;0.8275806703677038;0.7112048640084253];0.7701591026660082;0.25
6324;0.8652645887530539;0.7938426689064428;6;0.4209673335231386;[0.7741882227490853;0.7027663029024742;0.9563409547570225;0.8849190349104115];0.7721196739012276;0.25
5989;0.4635929410054407;0.6163619473124552;6;0.3302764214390468;[0.3743056109325187;0.5270746172395332;0.5528802710783627;0.7056492773853772];0.7728489586258377;0.25
6568;0.30974728257953765;0.017818914884619175;6;0.5849229416373212;[0.2265190408261089;-0.06540932686880956;0.3929755243329664;0.1010471566380479];0.7666101867756893;0.25
6848;0.6358102465772011;0.2046309140971369;6;0.4610451054460459;[0.5442445760536178;0.11306524357355353;0.7273759171007844;0.2961965846207203];0.7822786631665608;0.25
3744;0.7216552169800323;0.5511905616499024;6;0.602899171212934;[0.6358393040323931;0.4653746487022632;0.8074711299276716;0.6370064745975417];0.7782552173372955;0.25
5005;0.8422255856166129;0.2496527311468037;6;0.39755507885120833;[0.756803342546299;0.1642304880764898;0.9276478286869267;0.3350749742171176];0.7774046113180352;0.25
9325;0.5114050515645414;0.7175146141916761;6;0.5960067765992169;[0.42568698460920595;0.6317965472363406;0.5971231185198769;0.8032326811470115];0.776190046345044;0.25
2332;0.5987949043796421;0.05029497418605061;6;0.6345894156796197;[0.5123139529169983;-0.03618597727659316;0.6852758558422859;0.1367759256486944];0.7763358901356361;0.25
3269;0.9105790272836122;0.5669599174595092;6;0.7195018321769774;[0.8232904951809273;0.4796713853568244;0.997867559386297;0.6542484495621941];0.7827034953724561;0.25
5923;0.9298532938936042;0.4671880601449262;6;0.5257200507891753;[0.8430758689480861;0.3804106351994081;1.0166307188391221;0.5539654850904443];0.7748488718768978;0.25
8961;0.9786698206733588;0.9425999458106864;6;0.46199593188233745;[0.8904142035595236;0.8543443286968512;1.066925437787194;1.0308555629245215];0.7770921837832736;0.25
425;0.8814237489058259;0.7427431899332086;6;0.477426793483192;[0.7959462642702073;0.6572657052975901;0.9669012335414444;0.8282206745688272];0.7729600608849581;0.25
6544;0.5908676849566005;0.3782135485297747;6;0.3567257785091861;[0.49883819130649776;0.28618405487967197;0.6828971786067032;0.4702430421798774];0.772512901743881;0.25
4147;0.9327433032059287;0.5545941329664117;5;0.44344720998612963;[0.84234130854096;0.464192138301443;1.0231452978708973;0.6449961276313804];0.7708090910586515;0.25
960;0.4054108552036393;0.22063864622023743;6;0.5442345275681777;[0.31505642763823527;0.13028421865483342;0.4957652827690433;0.31099307378564145];0.7780083812873432;0.25
5960;0.36020482847716295;0.8093570610955425;6;0.4305737437704308;[0.27262827269027057;0.7217805053086501;0.44778138426405534;0.8969336168824349];0.7688956291979538;0.25
8972;0.381427081212681;0.8314461316714985;6;0.5631760418449048;[0.2920566714026859;0.7420757218615034;0.4707974910226761;0.9208165414814936];0.7850257136489419;0.25
436;0.38545158559627646;0.40602621045147413;6;0.5705177629793312;[0.3032182186446936;0.3237928434998913;0.4676849525478593;0.488259577403057];0.7784975325391331;0.25
6341;0.5002798403587831;0.9762290517011434;6;0.45709180220924917;[0.4124290117383717;0.888378223080732;0.5881306689791945;1.0640798803215548];0.771673884192098;0.25
9991;0.6369485075906607;0.45302324581875963;5;0.5334307856855849;[0.5527366333334498;0.3688113715615487;0.7211603818478716;0.5372351200759705];0.773582016300778;0.25
7436;0.9558968487714024;0.9429514666857066;6;0.5826677262839997;[0.8746307291256028;0.8616853470399071;1.037162968417202;1.0242175863315062];0.7758472454269789;0.25
3632;0.583534448263443;0.6172871775977643;6;0.6405502910734706;[0.5004764510877251;0.5342291804220465;0.666592445439161;0.7003451747734821];0.7772106734285017;0.25
7600;0.6790047509181923;0.9355115765229622;7;0.4101209209780708;[0.5880848913835781;0.844591716988348;0.7699246104528066;1.0264314360575764];0.7769111740366358;0.25
5849;0.42316424097175753;0.3946522491167927;6;0.4547520727142291;[0.33785850477073043;0.30934651291576554;0.5084699771727846;0.47995798531781986];0.7725639317239957;0.25
4120;0.5969172343154292;0.8043459262529975;6;0.49502447898035373;[0.5114664503306794;0.7188951422682477;0.682368018300179;0.8897967102377473];0.7786940474044958;0.25
9816;0.6827886487137538;0.48763079148257826;6;0.40706013060637397;[0.5949627463268264;0.3998048890956509;0.7706145511006811;0.5754566938695056];0.7853013850050102;0.25
5702;0.8157371710696643;0.40873496029521045;6;0.4898442805383595;[0.7239130579255482;0.3169108471510943;0.9075612842137804;0.5005590734393266];0.7739730788160905;0.25
2015;0.9098754205324926;0.17513389483178687;6;0.35653197652544455;[0.8185749502888308;0.08383342458812501;1.0011758907761545;0.2664343650754487];0.7730040169134887;0.25
6504;0.5992842089808748;0.35249181916095584;6;0.5810474265477894;[0.5082083573927522;0.26141596757283325;0.6903600605689973;0.44356767074907844];0.7810476840064792;0.25
7034;0.9883883753514935;0.9811180005734785;5;0.4239858578798901;[0.9000728915282609;0.8928025167502459;1.076703859174726;1.069433484396711];0.7694902015073145;0.25
3843;0.7185611123519229;0.3632124970449043;6;0.5101298271671054;[0.6343509593542643;0.2790023440472458;0.8027712653495814;0.4474226500425629];0.7714073022403063;0.25
4654;0.9893629367526259;0.42588020246221414;6;0.3860278068573503;[0.8997590513018645;0.3362763170114527;1.0789668222033872;0.5154840879129756];0.7702312771625481;0.25
5919;0.7265179426793101;0.4455590605900981;6;0.5326880119296795;[0.6416786081848038;0.3607197260955917;0.8113572771738164;0.5303983950846045];0.7751110661098716;0.25
3204;0.8928403479802266;0.5800646655057742;6;0.37356801608289675;[0.8049019704656105;0.4921262879911581;0.9807787254948427;0.6680030430203903];0.7760853096154324;0.25
6229;0.5401570114557819;0.400743100979759;6;0.5074249543944086;[0.4508709632112408;0.31145705273521795;0.6294430597003229;0.4900291492243001];0.7677824092180445;0.25
2947;0.8083315883847679;0.4338265099646119;6;0.6347961416172012;[0.7185057958800479;0.3440007174598919;0.8981573808894879;0.5236523024693319];0.7699844438606829;0.25
1015;0.9671531735468756;0.5701546575806805;6;0.5604985192845717;[0.8820893757201218;0.4850908597539268;1.0522169713736294;0.6552184554074343];0.7782338729412098;0.25
3912;0.37493113834413905;0.2953144058239721;6;0.6347656688396893;[0.2886557835734226;0.20903905105325568;0.4612064931148555;0.3815897605946885];0.774394836050938;0.25
9855;0.6070695460293908;0.6906132176354733;6;0.5715612549123892;[0.51954430404978;0.6030879756558627;0.6945947880090015;0.778138459615084];0.7794593683559221;0.25
1895;0.9125806566377415;0.8801636441600461;6;0.468695830524678;[0.8260714244011927;0.7936544119234974;0.9990898888742902;0.9666728763965948];0.7794094649596144;0.25
5554;0.6431176810124466;0.11622652438985231;6;0.3448948940918689;[0.5618846122166883;0.034993455594093975;0.7243507498082049;0.19745959318561065];0.7714336221736704;0.25
9262;0.6149884627297;0.04624991613453827;6;0.6498143067790947;[0.5281273076466361;-0.04061123894852567;0.7018496178127639;0.1331110712176022];0.7772156378518376;0.25
249;0.6151300967177182;0.6139827897551691;6;0.506993065015204;[0.5213957578073052;0.520248450844756;0.7088644356281313;0.7077171286655821];0.7739725268560457;0.25
4381;0.8654136871065807;0.30859968484524364;6;0.6107950173564552;[0.7785119460933311;0.22169794383199398;0.9523154281198304;0.3955014258584933];0.7688396591140758;0.25
3333;0.9857110602915425;0.7599114608766072;6;0.3606344498960331;[0.9026638790178372;0.6768642796029019;1.068758241565248;0.8429586421503126];0.780892403869626;0.25
6876;0.04441264041029247;0.6388347786661771;6;0.7420070065733266;[-0.045194172210596115;0.5492279660452886;0.13401945303118107;0.7284415912870656];0.7731303021864298;0.25
7920;0.37886642826686223;0.37668792078812385;6;0.5323990630234976;[0.29097956969272404;0.28880106221398566;0.4667532868410004;0.46457477936226205];0.7803820325248553;0.25
4388;0.5612143790988406;0.9537352536868169;6;0.41473252833082125;[0.4737400059254976;0.8662608805134738;0.6486887522721837;1.04120962686016];0.781904434971208;0.25
636;0.5403661614094942;0.1800714518654758;5;0.517588487810261;[0.4491882203505248;0.08889351080650637;0.6315441024684636;0.2712493929244452];0.7811731775171507;0.25
9679;0.4047608569297835;0.5976772851165073;6;0.5678239376999512;[0.3160680701851255;0.5089844983718493;0.49345364367444144;0.6863700718611653];0.7691402650619105;0.25
7938;0.9417285702514916;0.353790480417175;6;0.5049064845390486;[0.8521510156562376;0.264212925821921;1.0313061248467457;0.44336803501242894];0.7751153973081542;0.25
8502;0.6181401478639102;0.6864779750492986;6;0.6192786602092808;[0.5345513466168234;0.6028891738022117;0.7017289491109971;0.7700667762963855];0.7784204160291839;0.25
4086;0.7980848231438153;0.7485758417955619;6;0.4225131793835894;[0.7095361911736722;0.6600272098254187;0.8866334551139585;0.8371244737657051];0.777190461584593;0.25
1036;0.6380045701270564;0.6314381373945166;6;0.6117793715238562;[0.5484098574723723;0.5418434247398325;0.7275992827817405;0.7210328500492007];0.7771564019250593;0.25
714;0.6734235957262631;0.13544222029455716;6;0.5574067494373941;[0.5845331667557555;0.046551791324049546;0.7623140246967707;0.22433264926506477];0.7788039235395916;0.25
3649;0.513721266730236;0.7517107990721993;6;0.4570631607931432;[0.4239070574578102;0.6618965897997735;0.6035354760026618;0.8415250083446251];0.7756415548049157;0.25
434;0.8007138997537331;0.8054006729093852;6;0.6592393463173778;[0.7100509939451153;0.7147377671007674;0.8913768055623509;0.896063578718003];0.77215946733415;0.25
233;0.37456758496298437;0.25418499339585643;6;0.3591440451853236;[0.28628459013796875;0.16590199857084081;0.462850579788;0.34246798822087204];0.7802524230867176;0.25
3725;0.45954998551757986;0.20600630309168055;6;0.7096094813064161;[0.37071391961307554;0.11717023718717624;0.5483860514220842;0.2948423689961849];0.7778021824088929;0.25
9810;0.313243779728971;0.8466450221951105;5;0.556966439574341;[0.22581016340591414;0.7592114058720537;0.40067739605202785;0.9340786385181673];0.7703216183877981;0.25
7211;0.8591881581320396;0.7698636735607045;6;0.43603681694575414;[0.7719601079325072;0.6826356233611721;0.946416208331572;0.8570917237602369];0.7754416943909068;0.25
3670;0.4593888356930962;0.7554453502658603;6;0.5346422172879829;[0.3690867558741593;0.6651432704469235;0.5496909155120331;0.8457474300847972];0.7690827761147918;0.25
296;0.9312101667420639;0.049633747370565195;6;0.46082378548448893;[0.8482963090251866;-0.03328011034631209;1.0141240244589411;0.13254760508744248];0.7715919642864987;0.25
6704;0.44743999482261376;0.31438639062781315;6;0.4120728409292733;[0.35822149994192465;0.225167895747124;0.5366584897033029;0.40360488550850226];0.7779320596445627;0.25
5266;0.660870545455448;0.03174901344120745;6;0.5866451182667529;[0.5752404945722721;-0.053881037441968385;0.7465005963386239;0.11737906432438329];0.7855893957300539;0.25
1989;0.2512048874030035;0.3032863269789126;6;0.46069865323511705;[0.16428441742752348;0.21636585700343258;0.33812535737848354;0.39020679695439264];0.7736562427886278;0.25
5357;0.9965881234178491;0.5863754598960553;6;0.4469157610309905;[0.9072386602788437;0.49702599675704995;1.0859375865568546;0.6757249230350607];0.7798074439609541;0.25
4105;0.7012899344921482;0.7874174300700586;6;0.5864057697292824;[0.6171961656230174;0.7033236612009278;0.7853837033612789;0.8715111989391894];0.7634352290542925;0.25
642;0.5328547846080189;0.9398084546070764;6;0.5169613253197506;[0.44746678719888283;0.8544204571979404;0.618242782017155;1.0251964520162125];0.7743210742356944;0.25
3737;0.9107899994994026;0.11519919341656998;6;0.5181295157297209;[0.823072215582018;0.027481409499185386;0.9985077834167873;0.20291697733395458];0.7753015811390855;0.25
1643;0.3049753046959599;0.5402125554449169;6;0.4003470374120661;[0.2166343784926083;0.45187162924156526;0.3933162308993115;0.6285534816482685];0.7765203361393591;0.25
7740;0.3727844270294266;0.7323752922767738;6;0.6819848925510668;[0.28509044931768246;0.6446813145650296;0.46047840474117074;0.8200692699885179];0.7762444135916805;0.25
4754;0.9670618414318496;0.42820857952878066;6;0.4729438331399773;[0.8812341776431013;0.34238091574003243;1.0528895052205978;0.514036243317529];0.7645628200594232;0.25
7833;0.9938105520431697;0.20109774337038383;6;0.512635583467677;[0.9085949609164202;0.11588215224363436;1.079026143169919;0.2863133344971333];0.7700717307418916;0.25
9186;0.820830113720582;0.9701044760639715;6;0.3735939210603357;[0.7326360769839447;0.8819104393273343;0.9090241504572193;1.0582985128006088];0.7793192051894143;0.25
5583;0.019274283109486645;0.372308745114756;6;0.4486110651856223;[-0.06713081225486783;0.2859036497504015;0.10567937847384112;0.45871384047911046];0.774829763307969;0.25
9109;0.5104001389778137;0.8168978226103987;6;0.6330971064184847;[0.42261426791986867;0.7291119515524537;0.5981860100357587;0.9046836936683437];0.7745399562924441;0.25
5649;0.7703855492534755;0.6206744215390894;5;0.4116997281565217;[0.6817653016467872;0.5320541739324011;0.8590057968601638;0.7092946691457777];0.7793500453783002;0.25
6889;0.8209549732705848;0.8130535720633768;6;0.44371408763135656;[0.735960925628449;0.728059524421241;0.9059490209127206;0.8980476197055126];0.7719462965921697;0.25
249;0.5715769909326782;0.48106791294856144;6;0.506993065015204;[0.48259577170917967;0.3920866937250629;0.6605582101561768;0.57004913217206];0.7739725268560457;0.25
6786;0.817542414127235;0.4532704971737489;6;0.5167429536016447;[0.7271894510631076;0.36291753410962146;0.9078953771913625;0.5436234602378763];0.7696406572460768;0.25
4271;0.896381589371652;0.29413381972758057;7;0.5171571624600378;[0.8116462792394827;0.20939850959541123;0.9811168995038213;0.3788691298597499];0.7731592816073549;0.25
8056;0.9400168356398707;0.19091974970282682;6;0.6286224120355097;[0.8523990922033972;0.1033020062663533;1.0276345790763441;0.2785374931393003];0.7825764482179278;0.25
4883;0.6538110184900321;0.03283687222454673;6;0.4339713937999533;[0.5643704622831263;-0.05660368398235914;0.7432515746969379;0.1222774284314526];0.7693711204888741;0.25
2742;0.7876319754128829;0.41383211823861055;6;0.44913842501966716;[0.7009997029134835;0.3271998457392111;0.8742642479122823;0.50046439073801];0.7715771425738583;0.25
6685;0.4657725799045307;0.7630279206902755;6;0.5345367227004062;[0.3769816927155482;0.674237033501293;0.5545634670935131;0.8518188078792579];0.7782068980342979;0.25
3508;0.8820685441608962;0.7704189954371508;6;0.41539582961459;[0.7951058060184618;0.6834562572947164;0.9690312823033306;0.8573817335795851];0.7786345404070186;0.25
6879;0.8699558431025037;0.5995505417896765;5;0.5134091675328989;[0.7792235167525261;0.5088182154396989;0.9606881694524814;0.6902828681396541];0.7654984106828482;0.25
8460;0.9466290005778593;0.8191503965251117;6;0.5710794151024582;[0.8591786433663631;0.7317000393136155;1.0340793577893554;0.9066007537366079];0.7806037926142431;0.25
4101;0.6157444406769526;0.5527274398351661;6;0.4688923352075128;[0.526625050102759;0.46360804926097254;0.7048638312511462;0.6418468304093597];0.7754361365709284;0.25
6925;0.6056164684399563;0.22268407506475713;6;0.6030137339681749;[0.5228861791664623;0.13995378579126316;0.6883467577134503;0.3054143643382511];0.7760371938479225;0.25
4152;0.8704359003379606;0.9860419429478977;6;0.35123140344305437;[0.7806111839878753;0.8962172265978124;0.9602606166880459;1.0758666592979829];0.7773488500765916;0.25
5464;0.6171963451328346;0.06252348902931126;7;0.5262786947645689;[0.5296266552297684;-0.025046200873754934;0.7047660350359009;0.15009317893237745];0.7690963462190329;0.25
8579;0.7369293200569222;0.07431456923645124;6;0.3877397657635451;[0.6505449675963755;-0.012069783224095493;0.823313672517469;0.16069892169699798];0.7765391494983863;0.25
4639;0.5967782915003401;0.2982483896453963;6;0.6407036367396421;[0.5139734646589594;0.21544356280401564;0.6795831183417208;0.3810532164867769];0.7835532276253061;0.25
3405;0.6306659355386374;0.5138656600129665;6;0.5216683667569896;[0.5374163036122541;0.4206160280865833;0.7239155674650206;0.6071152919393497];0.7753148690593328;0.25
7124;0.16418173796339142;0.05910806158952275;7;0.6037497924417636;[0.07537739335238804;-0.029696283021480627;0.2529860825743948;0.14791240620052615];0.7796075376984913;0.25
2816;0.7506808861509218;0.704725554487029;6;0.5816260646111278;[0.6631107359523927;0.6171554042884999;0.8382510363494509;0.7922957046855581];0.7727970022296073;0.25
9463;0.5904625075600684;0.35459004731493554;6;0.3997595842936429;[0.5058593280806244;0.2699868678354916;0.6750656870395123;0.4391932267943795];0.7783951721807161;0.25
8283;0.6776343700538635;0.7868418504459381;6;0.43273854739509293;[0.590969074998075;0.7001765553901497;0.764299665109652;0.8735071455017266];0.7833862512472928;0.25
3675;0.3863349240009344;0.2918507196555076;6;0.4660144477266438;[0.3007352212090836;0.20625101686365677;0.4719346267927852;0.3774504224473584];0.7741672335432772;0.25
799;0.982480641141047;0.4684659619754802;6;0.45034191014501257;[0.8965226289693655;0.38250794980379865;1.0684386533127286;0.5544239741471617];0.7805984168598119;0.25
4391;0.38130162586332006;0.5444689094180029;6;0.5917454319558826;[0.29263263653859123;0.455799920093274;0.4699706151880489;0.6331378987427316];0.7748778221088575;0.25
5043;0.827978811673572;0.802482361764526;6;0.4416332592492844;[0.7407364934802632;0.7152400435712172;0.9152211298668809;0.8897246799578349];0.7741710236992023;0.25
8655;0.4554162994947405;0.1832205596798342;6;0.5396053328826338;[0.36794766323180544;0.09575192341689913;0.5428849357576756;0.27068919594276925];0.7773768449358868;0.25
2901;0.5868845528452251;0.32093072705277403;6;0.39822867182141314;[0.4995110336070253;0.23355720781457426;0.6742580720834249;0.40830424629097384];0.7793520705061281;0.25
2413;0.7995678729090624;0.6619653123319258;6;0.6265364906030606;[0.7095493702138955;0.5719468096367589;0.8895863756042293;0.7519838150270927];0.7738146160368363;0.25
9785;0.5865090420138245;0.2899609882910712;6;0.542736619896563;[0.499792083954646;0.20324403023189272;0.6732260000730029;0.37667794635024965];0.7744950525211024;0.25
2545;0.5378588048022603;0.32248297503644874;6;0.6190900130610228;[0.44953242508542424;0.23415659531961266;0.6261851845190964;0.41080935475328484];0.7708849802708746;0.25
516;0.5963626814128811;0.24466472165685443;6;0.5834945415186746;[0.5086855995735248;0.1569876398174981;0.6840397632522374;0.3323418034962108];0.7828003757178219;0.25
9727;0.9405679202631814;0.07594938726740386;6;0.5265662218885048;[0.8529084568346262;-0.011710076161151245;1.0282273836917364;0.16360885069595896];0.779853017012684;0.25
145;0.6514251313623405;0.8690690924287983;6;0.4603307896790053;[0.5651840975903007;0.7828280586567585;0.7376661651343802;0.955310126200838];0.7814842677471396;0.25
5964;0.8229038312701729;0.2552373131653508;7;0.37545618154066934;[0.7394182293547492;0.17175171124992716;0.9063894331855965;0.33872291508077446];0.7850313494191536;0.25
5006;0.5559995624943238;0.5799154723054839;5;0.45625086047718016;[0.46907235806926767;0.49298826788042777;0.6429267669193799;0.66684267673054];0.7715219734808516;0.25
3952;0.9136407115840119;0.8222582444504829;6;0.438143492860773;[0.8225497216246507;0.7311672544911216;1.0047317015433732;0.9133492344098442];0.7764021040795265;0.25
6660;0.6211649235765216;0.6657894493298908;6;0.47601261435482517;[0.5352370667588108;0.57986159251218;0.7070927803942325;0.7517173061476017];0.7741587617771777;0.25
3914;0.7820976234759259;0.36415999542701516;5;0.5139270889424401;[0.6984378180490609;0.28050019000015014;0.865757428902791;0.4478198008538802];0.7684887336972536;0.25
2572;0.9757322705614846;0.0758116068543837;6;0.4357762930853283;[0.8887967762698594;-0.011123887437241506;1.0626677648531098;0.16274710114600893];0.7822818653723587;0.25
5478;0.7076441445775907;0.35645134397877054;6;0.5525188231818978;[0.6204882985008404;0.2692954979020203;0.794799990654341;0.4436071900555208];0.7772189165718258;0.25
1430;0.7744403829418582;0.0137182029913544;6;0.5849657627200899;[0.6854044758341175;-0.07531770411638636;0.863476290049599;0.10275411009909516];0.7772670616018498;0.25
514;0.593424368166362;0.08950756193027914;6;0.46562591922357743;[0.5058302031310224;0.0019133968949395508;0.6810185332017016;0.17710172696561874];0.7782498539043821;0.25
104;0.5840880599882865;0.6091056141102573;6;0.47512987746985874;[0.4959533314666154;0.5209708855885862;0.6722227885099576;0.6972403426319285];0.7691676947151378;0.25
7747;0.34665914794311303;0.47087128094566283;6;0.26602587537123645;[0.2610731587696211;0.38528529177217097;0.43224513711660495;0.5564572701191547];0.7860238743845032;0.25
4559;0.3317799228442362;0.4205102978991612;6;0.5103124845492809;[0.24748998680960402;0.3362203618645291;0.4160698588788684;0.5048002339337934];0.765961740857871;0.25
4844;0.8453584423993643;0.29882556684945444;6;0.5075211263200727;[0.7566555650393985;0.21012268948948856;0.9340613197593302;0.38752844420942034];0.7716280202181685;0.25
6063;0.5054095747033545;0.4035446836769755;6;0.5874455537552785;[0.41931282482009097;0.317447933793712;0.5915063245866179;0.489641433560239];0.7803043452899405;0.25
1969;0.74653472173588;0.760708820062387;6;0.48714150100237147;[0.6582693193970406;0.6724434177235477;0.8348001240747194;0.8489742224012264];0.7702279208176762;0.25
6037;0.39902940697172623;0.6288577500933914;6;0.35144208373503105;[0.3101903000723709;0.540018643194036;0.48786851387108154;0.7176968569927468];0.7729204692395231;0.25
4109;0.9944839870534763;0.6856786129552559;6;0.431544534166329;[0.9048926693443788;0.5960872952461584;1.0840753047625737;0.7752699306643533];0.7753281764851454;0.25
400;0.5626061982187618;0.21091510554779863;6;0.4044093303632949;[0.4770409385218418;0.12534984585087866;0.6481714579156818;0.2964803652447186];0.7746080512335256;0.25
5387;0.7098419331265913;0.027721814637980624;6;0.6722128178042545;[0.6201272016180113;-0.06199291687059935;0.7995566646351713;0.1174365461465606];0.7790502938329203;0.25
1862;0.9072705869072663;0.4961566400685388;6;0.5699107765925404;[0.8188799066341962;0.4077659597954687;0.9956612671803363;0.584547320341609];0.7634689856356301;0.25
2454;0.09815926672568076;0.9770004487762386;6;0.5223373122463201;[0.010825377648388479;0.8896665596989464;0.18549315580297304;1.0643343378535308];0.7799374405706907;0.25
4074;0.39605424322876004;0.6969494179978767;6;0.5418862342449244;[0.3081731745708446;0.6090683493399612;0.4839353118866755;0.7848304866557921];0.7776316006170582;0.25
601;0.6641890503850301;0.32802533781581666;5;0.5081760510932207;[0.5777704152448544;0.24160670267564094;0.7506076855252057;0.4144439729559924];0.7800524903433972;0.25
1175;0.8259392903344626;0.2969062161360383;6;0.3722256988867033;[0.7355563879779697;0.2065233137795455;0.9163221926909554;0.3872891184925311];0.7736188988004448;0.25
1781;0.5903265555536574;0.9948536568638442;6;0.6186143934513668;[0.5025656592121509;0.9070927605223377;0.678087451895164;1.0826145532053508];0.7722557185355614;0.25
8383;0.9880628869297071;0.1300275407432387;6;0.4579811597411793;[0.8988769934880276;0.04084164730155922;1.0772487803713866;0.21921343418491818];0.7704733970032579;0.25
9699;0.9981294959247436;0.6871419158675258;5;0.46312257740030144;[0.9118878207403862;0.6009002406831683;1.084371171109101;0.7733835910518834];0.77686723712392;0.25
3012;0.47815487999357664;0.0075156813637604625;6;0.6464157870186155;[0.38927469472527154;-0.08136450390454465;0.5670350652618817;0.09639586663206558];0.7746857076005004;0.25
9878;0.8947061811262671;0.41319380862439936;6;0.646960538131035;[0.8042448057457126;0.3227324332438448;0.9851675565068216;0.5036551840049539];0.7821330633348534;0.25
7211;2.213594789692852E-4;0.9046635275793098;6;0.43603681694575414;[-0.08492115286284635;0.8195210152374941;0.08536387182078492;0.9898060399211255];0.7754416943909068;0.25
3601;0.8789151075792226;0.7786857161790173;6;0.295631923235405;[0.7924883202592754;0.69225892885907;0.9653418948991699;0.8651125034989645];0.7775098067678898;0.25
651;0.9066914997805945;0.25010581381430924;6;0.36714574556715973;[0.8186121400098001;0.16202645404351487;0.9947708595513889;0.3381851735851036];0.7761285018384446;0.25
1101;0.973588516131288;0.5650843314490561;6;0.4568950475777344;[0.8832483469189953;0.4747441622367634;1.0639286853435808;0.6554245006613488];0.7813131102297403;0.25
2123;0.061055886263890025;0.40519969952541907;6;0.4885818826410618;[-0.02239968383724636;0.32174412942428265;0.1445114563650264;0.4886552696265555];0.7731170588109382;0.25
9464;0.7951809236527722;0.3391285893002579;6;0.3672379793519752;[0.7092327314627502;0.253180397110236;0.8811291158427941;0.42507678149027983];0.7738068890257083;0.25
387;0.5650294951753977;0.6742691253335615;6;0.44649216258659197;[0.4734000019213307;0.5826396320794945;0.6566589884294647;0.7658986185876285];0.7736832555584865;0.25
1991;0.9183497431350303;0.49293372599752183;6;0.62588814963182;[0.8282490834242615;0.4028330662867531;1.008450402845799;0.5830343857082906];0.7756654612142483;0.25
4870;0.9088838793993917;0.5454985092084339;6;0.5651378669959103;[0.820866875909007;0.4574815057180491;0.9969008828897765;0.6335155126988187];0.7653856547002624;0.25
8685;0.7278590990692194;0.7445865147466162;5;0.6170962018127142;[0.6377844510338765;0.6545118667112733;0.8179337471045623;0.8346611627819591];0.7695790049263665;0.25
9934;0.7097722260587035;0.5173354012963787;6;0.4336973744998334;[0.6217164153848684;0.4292795906225436;0.7978280367325385;0.6053912119702137];0.7797903551987944;0.25
6886;0.6074651580946622;0.4993141101175669;6;0.511262713126397;[0.5167409542495297;0.4085899062724344;0.6981893619397946;0.5900383139626993];0.7774651857730106;0.25
1896;0.9352559040682036;0.22391740117236708;6;0.4990943305956352;[0.8474062204100185;0.13606771751418198;1.0231055877263886;0.31176708483055215];0.7871913207669874;0.25
2952;0.604251149827162;0.9303431794505074;6;0.533154804104169;[0.5134674098308124;0.8395594394541578;0.6950348898235116;1.021126919446857];0.771799456481822;0.25
8694;0.2916887861628418;0.8579631310339713;7;0.499654480190841;[0.200554599383441;0.7668289442545705;0.38282297294224255;0.949097317813372];0.775674884467758;0.25
3334;0.4548619871881353;0.2748326682075662;6;0.6565814257351887;[0.3694895447123688;0.18946022573179966;0.5402344296639019;0.3602051106833327];0.778074416708876;0.25
1501;0.6041799856887937;0.02440256175407285;6;0.3221026061634622;[0.5181084638956757;-0.061668960039045234;0.6902515074819118;0.11047408354719093];0.7710962264121906;0.25
7679;0.33590504118217396;0.11443434142818115;7;0.4273684831907345;[0.2500059087794458;0.028535209025452993;0.42180417358490213;0.20033347383090933];0.7766393277443933;0.25
1763;0.7412319873197423;0.477610378916044;6;0.47462025259501267;[0.652117576213476;0.3884959678097777;0.8303463984260085;0.5667247900223104];0.7722179890055053;0.25
9700;0.9117607462818054;0.47051146020550316;6;0.31208450514804464;[0.8209588326376885;0.37970954656138634;1.0025626599259223;0.56131337384962];0.7790583350553123;0.25
6486;0.11173707651633713;0.7888754132394445;5;0.42654292603661825;[0.02486115492080039;0.7019994916439078;0.19861299811187388;0.8757513348349812];0.7740968187672768;0.25
9639;0.8738191864349713;0.864953082892607;6;0.45062790522179624;[0.7866867106772021;0.7778206071348378;0.9609516621927404;0.9520855586503761];0.780635147374693;0.25
5442;0.45346501295635605;0.07614263302187368;6;0.2899896483981155;[0.36182008362601914;-0.015502296308463226;0.545109942286693;0.1677875623522106];0.7674875697656214;0.25
6957;0.5857470852860341;0.952496549455776;7;0.6064763383679582;[0.49934906114410166;0.8660985253138436;0.6721451094279666;1.0388945735977084];0.7636786936975366;0.25
3429;0.8403790612200538;0.6525598063306521;6;0.44578951288512914;[0.7518433772696362;0.5640241223802346;0.9289147451704713;0.7410954902810697];0.7768015847631787;0.25
9695;0.0269917810376491;0.15731751413854717;6;0.5189884488328914;[-0.061320231339095616;0.06900550176180245;0.11530379341439381;0.24562952651529188];0.7722306005801305;0.25
2750;0.2117090903780643;0.5308606439616682;6;0.5229524199500392;[0.12111489866824052;0.44026645225184446;0.30230328208788804;0.621454835671492];0.7714897108921565;0.25
9110;0.8534534398671153;0.6630293101154328;6;0.6483250213202416;[0.7596338656371178;0.5692097358854352;0.9472730140971128;0.7568488843454303];0.7786538258812323;0.25
9223;0.7799372832595683;0.5468814212131868;6;0.4636022810831402;[0.6880296552426429;0.4549737931962614;0.8718449112764938;0.6387890492301123];0.7717860020124149;0.25
6522;0.38924933310443016;0.20604024175649133;6;0.5161053078430233;[0.30023457761586064;0.11702548626792182;0.4782640885929997;0.29505499724506085];0.767076703490759;0.25
6083;0.5315248695849613;0.415125855579291;6;0.42175626896813573;[0.44365440122822397;0.3272553872225537;0.6193953379416985;0.5029963239360282];0.7783435896308946;0.25
3470;0.068730799031543;0.3656034348007239;6;0.6125961160488446;[-0.020553586234333177;0.2763190495348477;0.15801518429741918;0.45488782006660006];0.7849734295134144;0.25
6911;0.1687372251966116;0.0378757378492921;6;0.40380666147791455;[0.07951343654782887;-0.05134805079949063;0.2579610138453943;0.12709952649807482];0.7732390774369664;0.25
4922;0.38449780892561575;0.5549054550774043;6;0.5706696440049065;[0.3009159067907214;0.47132355294250994;0.4680797110605101;0.6384873572122987];0.7724530514133082;0.25
5570;0.7863999841225952;0.5586672947835969;6;0.4636607497787731;[0.6970134014540625;0.4692807121150643;0.8757865667911278;0.6480538774521295];0.7736407332838505;0.25
1662;0.26910811062256823;0.6395920201006479;6;0.6625167128291531;[0.17856503129672363;0.5490489407748033;0.35965118994841283;0.7301350994264925];0.7709897934228487;0.25
5242;0.6019781951049249;0.2702242948406388;6;0.36111247052971596;[0.515493506417652;0.18373960615336588;0.6884628837921978;0.35670898352791175];0.7766201635331818;0.25
562;0.943131772628257;0.37926186905575177;6;0.39764403206454485;[0.8538540652344973;0.28998416166199203;1.0324094800220167;0.4685395764495115];0.7686806134574078;0.25
4922;0.30907899562095875;0.53737675120585;6;0.5706696440049065;[0.22296943737890218;0.4512671929637935;0.3951885538630153;0.6234863094479066];0.7724530514133082;0.25
9077;0.2182207875296952;0.3161036898201561;6;0.5468125746218542;[0.1350077075148125;0.23289060980527337;0.3014338675445779;0.3993167698350388];0.7783234196811903;0.25
645;0.33822292706158646;0.18020024441881716;6;0.6882247468783758;[0.25334276731942745;0.09532008467665813;0.4231030868037455;0.26508040416097617];0.7780157816544049;0.25
8273;0.3849494056359184;0.2766235976758928;5;0.39507978618745776;[0.2974696157681805;0.18914380780815487;0.4724291955036563;0.3641033875436307];0.7695564165857894;0.25
2002;0.9907467425746224;0.8971463764697525;7;0.581455357331327;[0.9062175085049757;0.8126171424001059;1.075275976644269;0.9816756105393991];0.7733458106334701;0.25
1344;0.6496399904130404;0.6013912235768132;6;0.5734674729207925;[0.5635336050264418;0.5152848381902145;0.7357463757996391;0.6874976089634118];0.7703903512527119;0.25
9264;0.38728600254173035;0.9214393352765381;6;0.5762937618221449;[0.2977270885495845;0.8318804212843922;0.4768449165338762;1.010998249268684];0.782203820338695;0.25
8833;0.7692233628388285;0.7868180689241444;6;0.5820775438630419;[0.6842768637218829;0.7018715698071988;0.8541698619557742;0.87176456804109];0.7729359806481299;0.25
7465;0.35504471208542737;0.3156717230578767;5;0.3078855058142418;[0.2687580240662888;0.2293850350387381;0.44133140010456595;0.40195841107701535];0.7724383529196179;0.25
3924;0.8558772257605861;0.4787120182387534;6;0.38276477594174724;[0.7649466487835448;0.3877814412617121;0.9468078027376274;0.5696425952157947];0.7771283779395987;0.25
950;0.7181905859228301;0.9425048973235006;6;0.28455256144773544;[0.6308060434678682;0.8551203548685387;0.8055751283777921;1.0298894397784626];0.7649900563637172;0.25
412;0.550765653475786;0.39343589158373354;6;0.5105726707680858;[0.4594524456951029;0.3021226838030505;0.6420788612564691;0.48474909936441657];0.7723312279312605;0.25
5377;0.588508519868889;0.08740218754939072;5;0.4762681722555343;[0.500781199476562;-3.251328429362821E-4;0.676235840261216;0.17512950794171772];0.7791607924693554;0.25
7287;0.9617047099786316;0.15689802666088787;6;0.6259686565646019;[0.8754615664839563;0.07065488316621266;1.0479478534733069;0.24314117015556308];0.7685187155983999;0.25
8072;0.45684468349597435;0.27130659440472243;6;0.5893193720171442;[0.36703299591897975;0.18149490682772781;0.5466563710729689;0.361118281981717];0.7705619766067718;0.25
197;0.6893554021455364;0.5219033500686118;7;0.7582297925475863;[0.5993436000818851;0.4318915480049606;0.7793672042091876;0.611915152132263];0.7699499821191991;0.25
4373;0.5377577394503137;0.44802268121236105;6;0.6722007191349555;[0.45102041540829274;0.3612853571703401;0.6244950634923346;0.534760005254382];0.7704843435838304;0.25
3308;0.733951298597223;0.47213755509454886;6;0.49176396763508656;[0.6423535392611323;0.3805397957584581;0.8255490579333137;0.5637353144306396];0.7760530391151054;0.25
2737;0.49754618266967027;0.8747170346352149;6;0.44848701798575663;[0.40921089041669445;0.7863817423822391;0.5858814749226461;0.9630523268881906];0.7765474175994861;0.25
6545;0.5340285203109388;0.4586807672494459;6;0.2639606413421175;[0.4499530043267494;0.37460525126525646;0.6181040362951282;0.5427562832336353];0.7786932589087154;0.25
945;0.7723455649988992;0.8952423338630361;6;0.4770312434644132;[0.6872219963581196;0.8101187652222566;0.8574691336396787;0.9803659025038156];0.7656620351175062;0.25
1297;0.6364886711760651;0.7011690814277416;6;0.39296025003207347;[0.5492474008960262;0.6139278111477027;0.723729941456104;0.7884103517077805];0.774324959813094;0.25
4185;0.8202578061681798;0.19164442964333156;6;0.47182031587780643;[0.7347806449327129;0.10616726840786467;0.9057349674036467;0.27712159087879845];0.7703325253505512;0.25
690;0.2691416830935359;0.6675304763983206;6;0.4309809227676495;[0.18404228523707558;0.5824310785418603;0.3542410809499963;0.752629874254781];0.7710808206792739;0.25
8457;0.7353049579791813;0.2977169604561738;6;0.42863472975499195;[0.6509370837120216;0.2133490861890141;0.8196728322463409;0.3820848347233335];0.7707926255407833;0.25
8460;0.7657226170869355;0.10482864914574241;6;0.5710794151024582;[0.6753186068806644;0.014424638939471282;0.8561266272932065;0.19523265935201356];0.7806037926142431;0.25
5353;0.4003270910235575;0.161080388820248;6;0.42009352788410237;[0.3113005304705867;0.07205382826727717;0.4893536515765283;0.2501069493732188];0.7753566160903498;0.25
3861;0.5609943037385325;0.35278622075197985;5;0.4495344161065479;[0.46942928420980234;0.26122120122324965;0.6525593232672627;0.44435124028071005];0.7816263180342826;0.25
1671;0.5077972621586191;0.5956237726796214;6;0.49017868749529253;[0.4186895353042592;0.5065160458252616;0.596904989012979;0.6847314995339813];0.7762136670132318;0.25
6118;0.573966243965983;0.5028778423563918;6;0.4678829411576595;[0.4882840081800791;0.41719560657048793;0.6596484797518868;0.5885600781422956];0.7732944747463424;0.25
6606;0.4019333879413742;0.9593429404759388;6;0.6828870153027642;[0.31277909064607;0.8701886431806347;0.49108768523667834;1.048497237771243];0.7731067121374944;0.25
4751;0.3962888660370689;0.3867235552876734;6;0.540703251474382;[0.30422212446776575;0.2946568137183702;0.4883556076063721;0.47879029685697655];0.774832868138608;0.25
7992;0.8652987783564393;0.7806020401857608;7;0.7118416438512469;[0.7801669386315999;0.6954702004609215;0.9504306180812787;0.8657338799106002];0.7751937445437315;0.25
5936;0.9117831683573352;0.9357830485583285;6;0.4286317509337691;[0.8272129929205391;0.8512128731215324;0.9963533437941313;1.0203532239951247];0.7733138014515177;0.25
5721;0.46913418885059655;0.1510998616991282;6;0.41544698033865834;[0.38274994582704935;0.06471561867558098;0.5555184318741437;0.23748410472267542];0.7776401862253464;0.25
2351;0.8722694010885269;0.17291699401884403;6;0.4628886571251234;[0.7838012675145571;0.08444886044487426;0.9607375346624967;0.2613851275928138];0.7652106161062066;0.25
2531;0.5304558649231124;0.4836776558319887;6;0.4636185201260421;[0.4461271015748867;0.39934889248376304;0.6147846282713381;0.5680064191802143];0.7853453922099815;0.25
2263;0.9823832211881685;0.5131686324687426;5;0.42762424155396694;[0.8935428800940035;0.4243282913745776;1.0712235622823334;0.6020089735629075];0.774116197502531;0.25
7742;0.2897138918411356;0.49312216242756574;6;0.5647378750597795;[0.2004841376358211;0.40389240822225125;0.37894364604645014;0.5823519166328802];0.770807326836021;0.25
2657;0.9915686205895418;0.6495318690790426;6;0.5111539249692607;[0.901761165413415;0.5597244139029158;1.0813760757656685;0.7393393242551694];0.7752057251156048;0.25
8631;0.24029571007007677;0.2753708875459486;5;0.4613429060736428;[0.15290838804812576;0.18798356552399756;0.32768303209202776;0.3627582095678996];0.7784755075819974;0.25
7042;0.6701825894304412;0.18993068051463513;6;0.750772963446246;[0.5820463761324739;0.10179446721666781;0.7583188027284085;0.27806689381260247];0.7778012424702646;0.25
7966;0.878756616961337;0.08321914943751008;6;0.5894264247120159;[0.7887236917131077;-0.006813775810719208;0.9687895422095663;0.17325207468573936];0.7756685264120943;0.25
9040;0.5440701163061124;0.029238438176257486;6;0.7271364337468732;[0.45411907756861214;-0.06071260056124274;0.6340211550436126;0.11918947691375771];0.7808050286546956;0.25
2666;0.7315604569742904;0.4404870952237552;6;0.5486419873708298;[0.647833985277424;0.3567606235268887;0.8152869286711568;0.5242135669206216];0.771167775570154;0.25
3320;0.6534478326738369;0.6362383790895093;6;0.5565478643862348;[0.5640002667533294;0.5467908131690018;0.7428953985943444;0.7256859450100168];0.7759958845449878;0.25
9176;0.18678017233300626;0.8384256589502649;6;0.5172883078027217;[0.09601932155205617;0.7476648081693148;0.27754102311395634;0.929186509731215];0.7802475639640157;0.25
5712;0.954561812381926;0.29055437661590666;6;0.4810124213771334;[0.8632366109194768;0.19922917515345745;1.0458870138443752;0.3818795780783559];0.7777493891914699;0.25
1608;0.9272883819671353;0.5929425140104909;6;0.5742753009261664;[0.838307549438032;0.5039616814813876;1.0162692144962386;0.6819233465395942];0.7774275040410092;0.25
2515;0.3519691991112181;0.5949086160913399;6;0.5150652044170836;[0.26742320887636417;0.510362625856486;0.43651518934607203;0.6794546063261939];0.7821327955289556;0.25
9670;0.9953265422334929;0.9932131383196043;6;0.46766343927790494;[0.9055687934618173;0.9034553895479287;1.0850842910051686;1.08297088709128];0.781970359424522;0.25
3208;0.8851499499743262;0.7091292409191409;6;0.6114162314093133;[0.8019533719406973;0.625932662885512;0.9683465280079551;0.7923258189527698];0.7877794666315887;0.25
4506;0.6221999526177028;0.6096359999257799;6;0.47332380838661936;[0.5375715159332333;0.5250075632413104;0.7068283893021723;0.6942644366102494];0.7722638529261739;0.25
9177;0.3279185912169502;0.9072922143305333;6;0.33421124875992625;[0.24184036273430815;0.8212139858478913;0.4139968196995923;0.9933704428131753];0.7761592532480367;0.25
4998;0.6499672402880635;0.8281818393276685;6;0.5477184744193602;[0.5646089906697019;0.742823589709307;0.7353254899064251;0.9135400889460301];0.7762554502217097;0.25
4410;0.6901388194228972;0.7118295075863407;6;0.4763311444964239;[0.5969068164145939;0.6185975045780373;0.7833708224312006;0.805061510594644];0.7735963731818931;0.25
5439;0.5462799898478019;0.826761120043521;6;0.6071754829521325;[0.45639691811851996;0.7368780483142391;0.6361630615770838;0.9166441917728029];0.7647410461440837;0.25
7282;0.7466520903677234;0.6130711097265467;6;0.5966101208159817;[0.6597988001875338;0.526217819546357;0.833505380547913;0.6999243999067363];0.7744080737605555;0.25
5341;0.8520515651322467;0.28673341630658655;6;0.6498556091814152;[0.7634693945916045;0.19815124576594437;0.9406337356728889;0.37531558684722877];0.7756313491234303;0.25
3630;0.7432911337995193;0.22564662603818408;6;0.49080432740565033;[0.6587040735689109;0.14105956580757578;0.8278781940301276;0.3102336862687924];0.7767413799407168;0.25
696;0.8444469394496554;0.12918011068740048;6;0.5520104067888048;[0.7577295576401164;0.0424627288778615;0.9311643212591945;0.21589749249693946];0.7684211657776454;0.25
6507;0.8103613196855385;0.34050162407968554;6;0.5870595808121354;[0.7212836670712596;0.2514239714654066;0.8994389722998174;0.42957927669396445];0.7842473028061583;0.25
7087;0.8874654688434136;0.6768998425157647;6;0.5344582952052113;[0.8022335541087262;0.5916679277810774;0.972697383578101;0.7621317572504521];0.7698013254202936;0.25
5393;0.013776637460999996;0.20061597555375993;6;0.4402874762553886;[-0.0746193162079346;0.11222002188482533;0.1021725911299346;0.28901192922269453];0.7743322653973602;0.25
2127;0.7079202219782268;0.45443259397636965;5;0.5397917372982038;[0.6207155885092702;0.367227960507413;0.7951248554471834;0.5416372274453263];0.7686918337527229;0.25
7997;0.33283974135799854;0.6777908163645898;6;0.4695103554472366;[0.2395460264957815;0.5844971015023728;0.4261334562202156;0.7710845312268069];0.774063225362254;0.25
9319;0.9749397908534407;0.8429408968764338;7;0.42112718665958426;[0.8863795765088829;0.754380682531876;1.0635000051979986;0.9315011112209917];0.7785773736076949;0.25
5392;0.4524633947370898;0.7443470454486774;7;0.5408517576053885;[0.3627489335168009;0.6546325842283884;0.5421778559573787;0.8340615066689663];0.7823347929623219;0.25
3349;0.9176738114330566;0.6455714373814113;6;0.3489847803904944;[0.8323538203177171;0.5602514462660718;1.002993802548396;0.7308914284967508];0.7701241574070194;0.25
2756;0.8033582112145795;0.11001910979903429;6;0.5691277036737059;[0.7136916567170675;0.020352555301522288;0.8930247657120916;0.19968566429654627];0.7804869306451767;0.25
8937;0.6887843992447955;0.4134058087698844;6;0.5134902831758404;[0.6046655945393726;0.32928700406446154;0.7729032039502184;0.4975246134753073];0.7752829820038295;0.25
9280;0.5718388911209638;0.9483446879792025;6;0.4943365108655639;[0.48376545527050563;0.8602712521287443;0.6599123269714219;1.0364181238296606];0.7769520149910785;0.25
1411;0.6838670497845529;0.3953162047840652;6;0.3218283368363679;[0.5943267085554217;0.305775863554934;0.7734073910136842;0.4848565460131964];0.7794066606272597;0.25
7333;0.18103030629588934;0.738420754533147;6;0.4216343172497381;[0.0940431537088676;0.6514336019461253;0.26801745888291106;0.8254079071201688];0.7669900268833508;0.25
7953;0.86771295383322;0.5948396402556688;6;0.6195131485477057;[0.7785373391826126;0.5056640256050614;0.9568885684838274;0.6840152549062762];0.7700070615848359;0.25
5670;0.7713860460092339;0.43842289868845086;6;0.6155199062549648;[0.6830275537379212;0.35006440641713815;0.8597445382805465;0.5267813909597635];0.7751471296925437;0.25
6960;0.4585792170355581;0.7031857806628798;6;0.5099815495597635;[0.37132679602907387;0.6159333596563956;0.5458316380420423;0.7904382016693641];0.7834429513745969;0.25
5022;0.8952020545568746;0.6182042888742519;7;0.5526077284396814;[0.8129079983094559;0.5359102326268332;0.9774961108042933;0.7004983451216706];0.7803372336844053;0.25
8968;0.9196159528533104;0.6616172875515364;6;0.643644389364768;[0.8339516228817518;0.5759529575799778;1.005280282824869;0.747281617523095];0.7811106983940003;0.25
4988;0.8564083745732315;0.020871154060560615;6;0.5249817109840955;[0.7681523701458459;-0.06738485036682498;0.9446643790006171;0.10912715848794621];0.7666149659347026;0.25
3242;0.9992651390187421;0.018111433956303213;6;0.5828316263441065;[0.911221757461015;-0.06993194760142397;1.0873085205764694;0.1061548155140304];0.7803361563953475;0.25
9966;0.764307859777549;0.7011009628066213;6;0.6701788267523384;[0.6762766137839804;0.6130697168130526;0.8523391057711176;0.78913220880019];0.7775199811840176;0.25
7706;0.3705326016870904;0.13131380720370062;5;0.2790590987455217;[0.28241960794952337;0.04320081346613358;0.45864559542465744;0.21942680094126765];0.7880465668740526;0.25
8573;0.7125377089397216;0.6475867062305988;6;0.5401901518232315;[0.6197058406773942;0.5547548379682714;0.8053695772020489;0.7404185744929261];0.7782136914987875;0.25
7929;0.7090527746985399;0.9046197448124553;7;0.5151950834919693;[0.6191471362289975;0.814714106342913;0.7989584131680822;0.9945253832819977];0.7719924164249611;0.25
7723;0.8093140912306221;0.5716402487868915;6;0.4784689785123539;[0.720430554263558;0.48275671181982727;0.8981976281976863;0.6605237857539557];0.7749619665941777;0.25
4395;0.8835393164331068;0.2824438158026909;6;0.3427639010259603;[0.7948190376183472;0.19372353698793127;0.9722595952478664;0.37116409461745054];0.7761368217650724;0.25
2235;0.767009123073318;0.7134110120829245;6;0.4463539620720821;[0.6784221074709174;0.6248239964805238;0.8555961386757187;0.8019980276853251];0.7831005382862188;0.25
5782;0.14640358942558407;0.3647937527140573;6;0.4516693584659074;[0.05542726405633508;0.2738174273448083;0.23737991479483306;0.4557700780833063];0.7807952602733174;0.25
5598;0.22089547672187604;0.6430411927775367;6;0.4780185428618376;[0.1331577738130039;0.5553034898686645;0.3086331796307482;0.7307788956864089];0.773543387161828;0.25
8776;0.7560975961438937;0.5298601533521308;6;0.4090429835005662;[0.6712959869832769;0.4450585441915139;0.8408992053045106;0.6146617625127476];0.77584256343074;0.25
2495;0.3142946671591822;0.8453336501693332;6;0.40579487513100143;[0.22598238792736475;0.7570213709375158;0.40260694639099964;0.9336459294011505];0.7777618385740815;0.25
52;0.9874137970105239;0.908946195830026;6;0.5437119308172826;[0.9001719969748718;0.8217043957943739;1.074655597046176;0.9961879958656781];0.7753496621057421;0.25
1658;0.5296658323847868;0.2568069884795019;6;0.4452115369902768;[0.43706728365876424;0.1642084397534793;0.6222643811108094;0.3494055372055245];0.7756925852746689;0.25
2923;0.04244282722441317;0.8475508398218647;6;0.642439985099408;[-0.039846068386211825;0.7652619442112397;0.12473172283503817;0.9298397354324898];0.7716929775813657;0.25
9497;0.7910347934168742;0.43612449816873344;6;0.6172228610358252;[0.7049963019718454;0.3500860067237046;0.8770732848619031;0.5221629896137623];0.7825459157120583;0.25
7027;0.42880257946315925;0.8989219969095426;6;0.5143540546683439;[0.3433183358867503;0.8134377533331336;0.5142868230395682;0.9844062404859515];0.7810658344528996;0.25
5770;0.9332404833245009;0.32816398839710403;6;0.43685281266441267;[0.8466144858991727;0.2415379909717758;1.0198664807498292;0.41478998582243226];0.7699678664022092;0.25
2384;0.6175108590992395;0.10514859381591907;6;0.5949193706388074;[0.5273503578852652;0.01498809260194478;0.7076713603132139;0.19530909502989335];0.7702911527118478;0.25
3168;0.6126785490113875;0.7674026277617515;6;0.6310398623312363;[0.5211320845284493;0.6758561632788131;0.7042250134943258;0.8589490922446898];0.776207362860715;0.25
830;0.11768435907004515;0.318293306931707;6;0.45477854123322453;[0.026725377624393337;0.22733432548605517;0.20864334051569697;0.40925228837735883];0.7720769223376475;0.25
1924;0.8072889422457006;0.650509186243809;6;0.5036462289243834;[0.7143264390789053;0.5575466830770137;0.9002514454124959;0.7434716894106044];0.7753002536901539;0.25
3075;0.7184314926766184;0.42149288499782367;6;0.4990635821278255;[0.6308837237882187;0.33394511610942385;0.8059792615650182;0.5090406538862234];0.771270140034832;0.25
5101;0.5452017126443744;0.7182282451605917;5;0.5772571060317352;[0.45958210745506156;0.6326086399712788;0.6308213178336873;0.8038478503499046];0.7698830185584192;0.25
9209;0.648883481992539;0.8937114846003925;6;0.48126347813212544;[0.5584500342208538;0.8032780368287074;0.7393169297642241;0.9841449323720777];0.7695709094983942;0.25
2981;0.7299069647026145;0.17367304574923315;6;0.5606641839859831;[0.6427917950460491;0.08655787609266771;0.8170221343591799;0.26078821540579855];0.774663175967977;0.25
8331;0.4713244295681531;0.16558344607084352;6;0.36914948877604625;[0.38503617182086897;0.07929518832355938;0.5576126873154372;0.2518717038181277];0.7739422753290462;0.25
629;0.587715611563006;0.14102698290374344;6;0.34351891964883013;[0.501759100517014;0.055070471857751435;0.673672122608998;0.22698349394973544];0.7766140718765644;0.25
5404;0.4461267793645798;0.8545594112532553;6;0.47390845558888295;[0.3590272573277024;0.767459889216378;0.5332263014014571;0.9416589332901326];0.7704593815382682;0.25
5533;0.5121625490830164;0.4745382565939629;6;0.4374176708247161;[0.42231172978072595;0.38468743729167254;0.6020133683853068;0.5643890758962533];0.7692992867769218;0.25
3528;0.8603853255772672;0.2520199925613573;6;0.5716465901792593;[0.7682255257976549;0.159860192781745;0.9525451253568795;0.3441797923409696];0.7766987719146908;0.25
2626;0.7989144530080375;0.5727161805178357;6;0.3891391105374248;[0.709032148114888;0.48283387562468616;0.8887967579011871;0.6625984854109852];0.7736755418061443;0.25
9783;0.4199839881322374;0.2871415804162183;5;0.5621214085910738;[0.3311809495782668;0.1983385418622477;0.508787026686208;0.3759446189701889];0.7769101751546471;0.25
2951;0.9343863251277438;0.7069233930826896;6;0.6847596283399994;[0.8485058126051443;0.6210428805600902;1.0202668376503432;0.792803905605289];0.7758822017637056;0.25
8119;0.8647254301902192;0.2486891232860849;6;0.3647850974447231;[0.7742558078061454;0.15821950090201115;0.9551950525742929;0.33915874567015863];0.7840684875777619;0.25
6219;0.6884109891647068;0.028461678143932967;6;0.7021795561872045;[0.6051075354912733;-0.054841775529500564;0.7717144428381403;0.1117651318173665];0.7809691879580508;0.25
