243;0.9650420750341875;0.5276572652267287;6;0.253719570905207;[0.8738034067289595;0.4364185969215008;1.0562807433394155;0.6188959335319566];0.7704577968838308;0.25
7401;0.5514764254345704;0.8001005035057502;6;0.45930945837146164;[0.466574300281691;0.7151983783528708;0.6363785505874499;0.8850026286586297];0.7777272556825588;0.25
4019;0.2335917703813718;0.8046844726319414;6;0.5125850495591084;[0.14623399966549422;0.7173267019160638;0.3209495410972494;0.892042243347819];0.7797939466734726;0.25
647;0.9748044386665036;0.9714487258041736;6;0.5691471244679205;[0.8911781670657464;0.8878224542034164;1.0584307102672608;1.0550749974049307];0.7679273231114543;0.25
874;0.6217563447321276;0.39586124550837876;6;0.4556888413551301;[0.5360394570941339;0.3101443578703851;0.7074732323701213;0.48157813314637243];0.7770532814706961;0.25
6515;0.8496883290478855;0.7551003108344421;6;0.5584241397928437;[0.7611896401139976;0.6666016219005542;0.9381870179817734;0.84359899976833];0.7824953361919275;0.25
1287;0.6174700386986629;0.9237595055010146;5;0.5475875675596936;[0.5282001610351079;0.8344896278374596;0.7067399163622179;1.0130293831645696];0.7818425869154646;0.25
9318;0.9562853000867834;0.9054329118009476;6;0.5614461656073196;[0.870483319947235;0.8196309316613993;1.0420872802263317;0.991234891940496];0.761459810733059;0.25
1048;0.7762478623461838;0.14409649914574907;6;0.5235137314133801;[0.6895409528836608;0.05738958968322609;0.8629547718087068;0.23080340860827203];0.7709910237086492;0.25
9040;0.54045683864553;0.997192012428727;6;0.7271364337468732;[0.4542186621535595;0.9109538359367566;0.6266950151375004;1.0834301889206974];0.7808050286546956;0.25
4465;0.8267170493753422;0.857912806631717;6;0.5144975902147012;[0.7383682266286195;0.7695639838849943;0.9150658721220649;0.9462616293784397];0.7739039211597321;0.25
8801;0.6176375864697907;0.2598195055160921;6;0.5460842514387365;[0.5287895564036227;0.1709714754499241;0.7064856165359588;0.34866753558226016];0.7777608393981552;0.25
1598;0.7616867123663231;0.5012023206064422;6;0.5172475067776082;[0.6740198468977253;0.4135354551378444;0.8493535778349209;0.58886918607504];0.7716229415044881;0.25
9109;0.6459273712123716;0.4664575091057087;6;0.6330971064184847;[0.5577013955505185;0.3782315334438555;0.7341533468742248;0.5546834847675619];0.7745399562924441;0.25
4006;0.9031539847912774;0.46302388918233806;6;0.5835697443171655;[0.8112652814942829;0.37113518588534355;0.9950426880882719;0.5549125924793326];0.7865308132225687;0.25
5957;0.05913556422478905;0.45352353144659496;6;0.543325191056141;[-0.028123434390805363;0.3662645328310006;0.14639456284038346;0.5407825300621893];0.7795964427185421;0.25
3044;0.947259591663224;0.996689497707835;6;0.5039633967152123;[0.8561582183825241;0.9055881244271351;1.0383609649439238;1.0877908709885349];0.7804694902952679;0.25
9393;0.6956708836537859;0.5474775123510887;6;0.6072192257304356;[0.6092831888880557;0.4610898175853584;0.7820585784195162;0.6338652071168189];0.7779901853545634;0.25
8693;0.715122572311635;0.46195097743264957;6;0.5020763761645719;[0.6248095030475717;0.3716379081685863;0.8054356415756984;0.5522640466967129];0.7793022889635444;0.25
8690;0.6666233013322662;0.8662782182767894;6;0.40446893053197647;[0.579102773529176;0.7787576904736992;0.7541438291353564;0.9537987460798796];0.7737434015699862;0.25
5282;0.4583271115421699;0.5089466835169416;6;0.5560070462615193;[0.3799109983900202;0.4305305703647919;0.5367432246943196;0.5873627966690913];0.7793172096011277;0.25
1897;0.3955132775609283;0.21314015017742205;6;0.3449245587883957;[0.3088036295036329;0.12643050212012663;0.4822229256182237;0.29984979823471747];0.7759416131116387;0.25
4635;0.6023397748157764;0.7858116761580033;6;0.5110269188296076;[0.5170558526292938;0.7005277539715207;0.687623697002259;0.8710955983444859];0.7652123852525377;0.25
1135;0.9332434643353464;0.5509243052500097;6;0.4619522146996615;[0.8451655129055167;0.4628463538201799;1.0213214157651762;0.6390022566798395];0.7751053984751783;0.25
848;0.6671406928769315;0.30597225635266856;6;0.489390252886309;[0.5801953742601496;0.21902693773588666;0.7540860114937133;0.39291757496945046];0.7767853268154468;0.25
3101;0.5986590850951763;0.5863575176533917;6;0.40911688595223006;[0.5120245231397491;0.49972295569796454;0.6852936470506035;0.6729920796088189];0.7773094641349272;0.25
6840;0.5113139457624325;0.8413675757949705;7;0.5422362081021175;[0.4248013221743818;0.7548549522069198;0.5978265693504832;0.9278801993830211];0.7705549014803301;0.25
5751;0.5794690593731067;0.7820122709207071;6;0.600316770671954;[0.4942725866116009;0.6968157981592014;0.6646655321346124;0.8672087436822129];0.7724909550973246;0.25
1083;0.5972371382587692;0.8241653743190147;6;0.4672579661578592;[0.5095872136519299;0.7365154497121754;0.6848870628656085;0.911815298925854];0.7747664374551702;0.25
5462;0.6703803957218518;0.560106322127728;6;0.4120724679657214;[0.5822529074624349;0.4719788338683111;0.7585078839812688;0.648233810387145];0.7738571540130911;0.25
3158;0.5842299115344174;0.3503441056139476;7;0.5437815018376575;[0.4983187335390732;0.2644329276186034;0.6701410895297616;0.4362552836092918];0.7689265335939187;0.25
9012;0.4590968507402448;0.5497023673411248;6;0.45680339774330464;[0.3677388701393749;0.4583443867402549;0.5504548313411147;0.6410603479419946];0.7725961300792707;0.25
519;0.3058483524903805;0.5705745053818407;6;0.5128424312883777;[0.22317844402414277;0.487904596915603;0.38851826095661823;0.6532444138480784];0.7791243075455695;0.25
9377;0.982848706418175;0.10419664144012486;6;0.39503091737833673;[0.8939748686119569;0.01532280363390666;1.0717225442243932;0.19307047924634307];0.7677680041200903;0.25
4627;0.9153348797499603;0.9171523266590172;6;0.4313669132955232;[0.8276123851860349;0.8294298320950918;1.0030573743138858;1.0048748212229426];0.7793938179587725;0.25
1629;0.7339715960521058;0.6671902984599131;6;0.5970311067299223;[0.6462563744621149;0.5794750768699222;0.8216868176420967;0.754905520049904];0.7771239393164078;0.25
6136;0.1624843705016058;0.5932644890879452;6;0.4218536959303579;[0.07497594326155073;0.5057560618478901;0.2499927977416609;0.6807729163280002];0.7734685243167617;0.25
4024;0.5327770334542548;0.7927892729355052;6;0.3853521935631572;[0.4446939127622248;0.7047061522434752;0.6208601541462847;0.8808723936275351];0.7746530199272657;0.25
5160;0.7216764305005225;0.6010750523329655;6;0.40090651502857316;[0.6316431877815145;0.5110418096139575;0.8117096732195306;0.6911082950519736];0.7789398447951011;0.25
9452;0.15121778564086952;0.9706102424049027;6;0.34683283364201656;[0.06494294540742712;0.8843354021714602;0.2374926258743119;1.0568850826383451];0.7726124396912342;0.25
7066;0.8411573147169465;0.7480407536314427;6;0.46143406294531547;[0.7518494598226328;0.658732898737129;0.9304651696112602;0.8373486085257564];0.7844971903797462;0.25
5414;0.7331303890254564;0.9398525772331294;6;0.4410760410657348;[0.6480591413177383;0.8547813295254114;0.8182016367331744;1.0249238249408474];0.7751448443771699;0.25
7175;0.5918377221501638;0.9873646898393615;6;0.4377647049545173;[0.5042362186603161;0.8997631863495138;0.6794392256400116;1.0749661933292092];0.7759932858718382;0.25
2119;0.13240145745024168;0.9189853001701023;6;0.6437412533322688;[0.04515328602968066;0.8317371287495412;0.2196496288708027;1.0062334715906633];0.7767957454842852;0.25
8781;0.7703504279247889;0.5575757999927343;6;0.5123817467046341;[0.6809539735645869;0.4681793456325323;0.859746882284991;0.6469722543529364];0.7735686453269189;0.25
6157;0.6659533439974654;0.46417653699583605;6;0.41333795251726774;[0.5785532263109441;0.3767764193093147;0.7533534616839868;0.5515766546823574];0.7733264202310293;0.25
5799;0.987495404508461;0.9092314989761091;6;0.6557754841936206;[0.9050581948038008;0.8267942892714489;1.0699326142131211;0.9916687086807693];0.7673771555236862;0.25
3199;0.4126870242600628;0.7649147190143616;6;0.4894992126676325;[0.32429733032426467;0.6765250250785634;0.501076718195861;0.8533044129501598];0.7753661932206766;0.25
633;0.17754849190627053;0.6402677949855919;6;0.545427836030796;[0.09125749494005557;0.5539767980193769;0.2638394888724855;0.726558791951807];0.7744946306517592;0.25
7625;0.8221059562247099;0.8067204402817065;6;0.33942709690233863;[0.7376507815720583;0.7222652656290549;0.9065611308773616;0.8911756149343582];0.7796480093419765;0.25
8383;0.7971935771928721;0.8294188009359027;6;0.4579811597411793;[0.7083151448200405;0.7405403685630711;0.8860720095657036;0.9182972333087343];0.7704733970032579;0.25
2265;0.1007396311123101;0.9405328866428602;6;0.4713225058101185;[0.01478246096577529;0.8545757164963254;0.1866968012588449;1.0264900567893949];0.7753697197745818;0.25
2516;0.6553206369074009;0.6228329322869477;6;0.5274143336058221;[0.5656133016408624;0.5331255970204092;0.7450279721739395;0.7125402675534862];0.7734794661488218;0.25
9808;0.14708614002061493;0.9490063448400732;6;0.3873222735916217;[0.061221749318913485;0.8631419541383717;0.23295053072231636;1.0348707355417746];0.7819597143198971;0.25
9168;0.7282007566196403;0.7934283238009238;5;0.5394328102935823;[0.6389129351897395;0.7041405023710229;0.8174885780495412;0.8827161452308246];0.7708755901908626;0.25
32;0.7096044697943618;0.4981310966848579;6;0.5025344982403498;[0.624037484843392;0.4125641117338882;0.7951714547453315;0.5836980816358276];0.7742664137598863;0.25
2723;0.6519730887982622;0.6869820962556925;6;0.273548929941414;[0.5630861650227001;0.5980951724801304;0.7408600125738243;0.7758690200312546];0.7799615816467715;0.25
5516;0.8944356430193402;0.7764294538871699;6;0.42735342498233003;[0.8054316698532983;0.687425480721128;0.9834396161853821;0.8654334270532118];0.7686489123010649;0.25
2927;0.6721420811874492;0.708992185471975;6;0.6267033978873857;[0.5830528386523663;0.6199029429368921;0.7612313237225321;0.7980814280070578];0.7721904081591088;0.25
9873;0.8999364266772458;0.7491640864879551;6;0.5674038903215802;[0.8141074861056221;0.6633351459163315;0.9857653672488695;0.8349930270595787];0.7754766451899303;0.25
5957;0.3461984567676059;0.8673143147921089;6;0.543325191056141;[0.25832027858906387;0.7794361366135668;0.43407663494614795;0.9551924929706509];0.7795964427185421;0.25
8104;0.4756572068730528;0.6483497634852946;6;0.500270452839275;[0.3920283727195992;0.564720929331841;0.5592860410265064;0.7319785976387482];0.7751878969537935;0.25
6462;0.6520519009143819;0.7954501057732222;6;0.3926993201890307;[0.5607646908493482;0.7041628957081885;0.7433391109794156;0.8867373158382559];0.7715528381171656;0.25
1393;0.7089729132359799;0.9936264682731678;6;0.3927989908135725;[0.6228136986354624;0.9074672536726504;0.7951321278364973;1.0797856828736851];0.7717484084424325;0.25
5939;0.4737755667301066;0.7494345038322525;6;0.5491555573670516;[0.3878341874530003;0.6634931245551462;0.559716946007213;0.8353758831093588];0.7770796806323267;0.25
8628;0.5874308238733408;0.7612616875893802;6;0.5721194539895549;[0.5050174476988953;0.6788483114149348;0.6698442000477862;0.8436750637638255];0.77471070701659;0.25
5970;0.9101178813369833;0.9507384856615102;6;0.3781792783203152;[0.8229835032972478;0.8636041076217746;0.9972522593767189;1.0378728637012458];0.7752996504828851;0.25
2926;0.8170635462324367;0.3401397997589166;6;0.5645671153715548;[0.7345513135054399;0.2576275670319198;0.8995757789594335;0.42265203248591343];0.7680661010387403;0.25
7744;0.82902255593761;0.17728518724771003;6;0.5485339109716028;[0.740512385099103;0.08877501640920302;0.917532726776117;0.265795358086217];0.7680286706110796;0.25
72;0.6536503253066518;0.5910388169234115;6;0.6650119478754022;[0.561761003930707;0.4991494955474668;0.7455396466825965;0.6829281382993563];0.7773934512428412;0.25
8886;0.5836343594368405;0.929062338097972;6;0.6282546376550997;[0.49927093429574987;0.8446989129568814;0.6679977845779311;1.0134257632390626];0.7705989339023056;0.25
2016;0.2715976405391942;0.955420431105848;6;0.6198122581614387;[0.18452450138822118;0.8683472919548749;0.35867077969016725;1.042493570256821];0.7802949929888136;0.25
6763;0.8955827994880683;0.7345681396285215;6;0.43429780324325673;[0.8032109278597631;0.6421962680002163;0.9879546711163735;0.8269400112568267];0.7815912622698094;0.25
2043;0.7736653815433744;0.6379673213076988;6;0.6239846848326702;[0.6842493636011596;0.5485513033654841;0.8630813994855892;0.7273833392499136];0.776882478002629;0.25
6001;0.8840217652495735;0.7143990041163351;6;0.5935486005813471;[0.7986434997690113;0.6290207386357728;0.9694000307301358;0.7997772695968973];0.7805172524018612;0.25
1479;0.7985296837742446;0.6343627502192688;6;0.32092837916984907;[0.7141195882792244;0.5499526547242486;0.8829397792692648;0.718772845714289];0.7741666677066327;0.25
6308;0.49128616307682577;0.9464707562709799;6;0.5497097644289431;[0.40632648492761075;0.8615110781217649;0.5762458412260408;1.031430434420195];0.7746333525991732;0.25
3551;0.4177317034198639;0.9863567518033188;6;0.5581990625775242;[0.3289093461816131;0.897534394565068;0.5065540606581147;1.0751791090415697];0.7749486424101976;0.25
7681;0.3212706009276635;0.87534039202595;6;0.439447117478829;[0.23708347348672;0.7911532645850065;0.40545772836860705;0.9595275194668936];0.7787169837335081;0.25
5103;0.3099334660526993;0.7293602083119575;6;0.4379216003316025;[0.22062056061630816;0.6400473028755663;0.39924637148909037;0.8186731137483486];0.7736138798835165;0.25
7360;0.7157132787402749;0.6509224263413429;6;0.45430742064264285;[0.6303867793468523;0.5655959269479203;0.8010397781336975;0.7362489257347655];0.7686147092919186;0.25
4656;0.5257394447675185;0.19637555594641953;6;0.42718265703843283;[0.4351251494169841;0.10576126059588511;0.616353740118053;0.286989851296954];0.7789974301461274;0.25
8858;0.1726487402804444;0.6930681122495913;6;0.5782721348400074;[0.0847425184485381;0.605161890417685;0.26055496211235074;0.7809743340814976];0.7750471837940284;0.25
5738;0.3041829838934979;0.7455897287169613;5;0.533312733143694;[0.21231097236965352;0.6537177171931169;0.3960549954173423;0.8374617402408057];0.7748005763949167;0.25
8209;0.5767554730261577;0.7843135090838976;6;0.5793334947945412;[0.4932072825523695;0.7007653186101095;0.6603036634999458;0.8678616995576858];0.7842300942589902;0.25
3862;0.5674473292857073;0.8349849170164416;6;0.4881084143762789;[0.4755759251624839;0.7431135128932183;0.6593187334089307;0.926856321139665];0.7711945214186993;0.25
1329;0.5903682606746392;0.6419640697992968;6;0.4192497642934359;[0.5037071036240621;0.5553029127487197;0.6770294177252163;0.7286252268498739];0.7747834591779862;0.25
7886;0.04573567534811973;0.6449414157592186;6;0.5318137272928;[-0.03680901046921177;0.562396729941887;0.12828036116545122;0.7274861015765501];0.7682434835217912;0.25
439;0.9442747502545734;0.6654368779967108;6;0.41766931990326883;[0.8538880904088983;0.5750502181510357;1.0346614101002485;0.7558235378423859];0.7724427429168491;0.25
3945;0.8573255160236034;0.17494256192185442;6;0.6415587113640494;[0.7727044290626166;0.09032147496086758;0.9419466029845902;0.2595636488828413];0.7795141074178725;0.25
1417;0.8335567726812562;0.9700913977436462;6;0.3555559312586516;[0.7452348784777137;0.8817695035401037;0.9218786668847986;1.0584132919471887];0.7678138328350934;0.25
7203;0.05966014892466687;0.5079681738121973;6;0.6904305441847979;[-0.02704796911597443;0.421260055771556;0.14636826696530816;0.5946762918528385];0.7814905628898805;0.25
1347;0.8526037420604368;0.7162226751440333;6;0.5293027673197518;[0.7668442443310337;0.6304631774146302;0.9383632397898398;0.8019821728734363];0.7843921903485749;0.25
5280;0.8841211430448003;0.9440254011586474;6;0.4365235513357695;[0.7984258818933494;0.8583301400071965;0.9698164041962511;1.0297206623100983];0.7692069573156513;0.25
2504;0.5676620117401202;0.8064435244894808;6;0.5801031151299967;[0.4792467839333948;0.7180282966827554;0.6560772395468456;0.8948587522962062];0.7803177812794423;0.25
920;0.20810566898800897;0.8124804856315477;6;0.5311920197042562;[0.12191964827284217;0.7262944649163809;0.29429168970317576;0.8986665063467145];0.7775526555423338;0.25
836;0.37980993780479544;0.5108062351328311;6;0.4356172405975584;[0.2936046373759583;0.42460093470399396;0.46601523823363256;0.5970115355616682];0.7710088730162158;0.25
8382;0.6626554132093688;0.5023457282390735;5;0.5502201958743408;[0.575131805899818;0.4148221209295228;0.7501790205189196;0.5898693355486243];0.7799188489120473;0.25
5329;0.7896118335094114;0.6778097066519915;6;0.44982166987015204;[0.7027616079735817;0.5909594811161617;0.8764620590452412;0.7646599321878212];0.7757787672646288;0.25
9388;0.9341754147091876;0.8356305810931082;5;0.5124553584451443;[0.8454144513713133;0.7468696177552339;1.022936378047062;0.9243915444309825];0.7743841693618032;0.25
5200;0.9151436405746107;0.687277323291614;6;0.5432921992066662;[0.8223813830002266;0.5945150657172298;1.0079058981489948;0.7800395808659981];0.7819260561209216;0.25
7289;0.9878705315258599;0.9524062577474524;7;0.6731628129489378;[0.8977857844161257;0.8623215106377181;1.0779552786355941;1.0424910048571865];0.7744838196923743;0.25
4780;0.9254866021438378;0.9518719961092889;6;0.4142320224686341;[0.8369931732106082;0.8633785671760592;1.0139800310770675;1.0403654250425185];0.7736266152812418;0.25
9817;0.47013323526056633;0.8725827100903052;6;0.4940755279677036;[0.3826118617181714;0.7850613365479103;0.5576546088029612;0.9601040836327001];0.7760979065151933;0.25
3871;0.3538623775408463;0.8559155917047353;7;0.668531624166916;[0.2662043888260761;0.7682576029899651;0.4415203662556165;0.9435735804195055];0.7748731161238578;0.25
747;0.616504656315072;0.41128207123057936;6;0.5552871991564711;[0.5301194440797867;0.3248968589952941;0.7028898685503573;0.49766728346586464];0.7762108428826726;0.25
3603;0.7803220522997996;0.948513704368038;6;0.617245450273695;[0.6930324634620495;0.8612241155302879;0.8676116411375496;1.035803293205788];0.7814752512690527;0.25
7936;0.30923700393433384;0.8090461938035792;6;0.4509833200845057;[0.22189647120871192;0.7217056610779573;0.39657753665995576;0.8963867265292011];0.7615013926412518;0.25
5536;0.2985581736349693;0.5421463126629059;6;0.48703306277233666;[0.209782961562189;0.45337110059012564;0.38733338570774956;0.6309215247356862];0.7712876013167496;0.25
3402;0.909545181557111;0.4508050880904362;6;0.31865530847972456;[0.8190800682139158;0.36033997474724094;1.0000102949003062;0.5412702014336314];0.7723015766697637;0.25
3229;0.49522798428979914;0.5491602927532024;6;0.5919762825201964;[0.4053769265993979;0.4593092350628012;0.5850790419802004;0.6390113504436037];0.7752406724490661;0.25
836;0.3765858296066236;0.6286524015273084;6;0.4356172405975584;[0.2890117178260993;0.5410782897467841;0.46415994138714795;0.7162265133078327];0.7710088730162158;0.25
4567;0.8081222444155018;0.35147559177508403;6;0.452032896151274;[0.725713970665977;0.26906731802555917;0.8905305181650267;0.4338838655246089];0.7683777257809966;0.25
2334;0.9677320516672702;0.7416768903276052;6;0.46924932770987593;[0.8790927874231986;0.6530376260835336;1.0563713159113417;0.8303161545716768];0.7846903735482794;0.25
6640;0.7170599554045806;0.9650981457512072;6;0.49558146487773164;[0.6266970712731729;0.8747352616197995;0.8074228395359883;1.0554610298826148];0.7752488105710907;0.25
9060;0.3622477145131111;0.9967804285536387;6;0.5839692109786875;[0.2708039696037344;0.905336683644262;0.45369145942248784;1.0882241734630154];0.7721685273467628;0.25
9451;0.6185271351864853;0.7881007638091072;6;0.6245723248954534;[0.5262896803757329;0.6958633089983548;0.7107645899972377;0.8803382186198596];0.7751162739855741;0.25
6832;0.880941582510968;0.8977819200730643;6;0.4964225303283571;[0.7947735788296625;0.8116139163917588;0.9671095861922735;0.9839499237543698];0.7813722875398874;0.25
6769;0.2278576815541482;0.9931887098009279;6;0.6295611817483867;[0.14291822503688212;0.9082492532836618;0.3127971380714143;1.0781281663181939];0.7739016391620255;0.25
721;0.9993215836268493;0.8799202778200818;6;0.460425706892993;[0.9130157444844396;0.793614438677672;1.085627422769259;0.9662261169624915];0.7795112335466658;0.25
7621;0.4660081373090338;0.8669975073077728;6;0.4599136063946609;[0.3761870624279693;0.7771764324267083;0.5558292121900983;0.9568185821888373];0.7710674521828763;0.25
2654;0.8310534794647245;0.6964057035683618;5;0.6765524025589789;[0.7432713766999394;0.6086236008035767;0.9188355822295097;0.784187806333147];0.774855208815291;0.25
546;0.46546432124806175;0.4987661915812991;7;0.40769868425078404;[0.3734280614500095;0.4067299317832469;0.557500581046114;0.5908024513793513];0.7860500191199778;0.25
2468;0.6468888823644031;0.6976671462225774;6;0.46840065924816554;[0.563092645261469;0.6138709091196433;0.7306851194673373;0.7814633833255116];0.7793856641047141;0.25
9778;0.3911052862538789;0.6056285720931901;6;0.4611978886107118;[0.303893149267345;0.5184164351066562;0.4783174232404128;0.692840709079724];0.7755816747381723;0.25
4035;0.6898177565506965;0.47230503591266293;7;0.4200968475414957;[0.6029393796516272;0.38542665901359363;0.7766961334497658;0.5591834128117322];0.7737729751980346;0.25
2007;0.7761441199789042;0.3826348444933134;6;0.47838725578303215;[0.686132685898179;0.29262341041258827;0.8661555540596294;0.47264627857403857];0.7777329763607996;0.25
3173;0.7668428438257798;0.3396022586456755;6;0.5028768173714656;[0.6817209414041371;0.2544803562240328;0.8519647462474226;0.4247241610673182];0.7710302905322496;0.25
1400;0.9187625794735259;0.9316179462452807;6;0.594557041012298;[0.8305912303225974;0.8434465970943522;1.0069339286244543;1.019789295396209];0.7696422729301681;0.25
9229;0.9698265713433213;0.7485776008489469;6;0.6435770044836004;[0.8855769715606624;0.664328001066288;1.05407617112598;0.8328272006316058];0.7715992674827954;0.25
852;0.9180525317226359;0.8724394853638223;7;0.6378595175511133;[0.8305813609043655;0.7849683145455519;1.0055237025409063;0.9599106561820927];0.7799320451805042;0.25
9396;0.5942556097491598;0.7640309159022118;6;0.4978724525629173;[0.5051735890151469;0.6749488951681989;0.6833376304831728;0.8531129366362248];0.7689504916677106;0.25
2258;0.8414207157086395;0.8759538159885667;6;0.4973072679783588;[0.7530658876787408;0.787598987958668;0.9297755437385382;0.9643086440184654];0.7751097467485295;0.25
7579;0.693924862314945;0.9475972981214805;6;0.44711707580518345;[0.6101972019480107;0.8638696377545463;0.7776525226818792;1.0313249584884148];0.7753343517456002;0.25
3056;0.2275180333159057;0.2906970835863566;6;0.34812769353661155;[0.13829346844947196;0.20147251871992286;0.3167425981823394;0.3799216484527903];0.771439883461838;0.25
338;0.09888345777103436;0.8681136818866548;6;0.5111641853094672;[0.007930969904219251;0.7771611940198397;0.18983594563784945;0.9590661697534699];0.7717318442781314;0.25
1427;0.5296839032819409;0.7271208997108849;6;0.3648657151676382;[0.4395086338734227;0.6369456303023667;0.6198591726904591;0.8172961691194031];0.7759987751421275;0.25
9141;0.740165520254684;0.6759592788601881;6;0.3931550108920144;[0.6519921509885818;0.5877859095940858;0.8283388895207862;0.7641326481262904];0.7686742888372228;0.25
1964;0.7567954805139737;0.5344578494029637;6;0.5918579017385788;[0.6686185313477746;0.44628090023676464;0.8449724296801728;0.6226347985691627];0.7734121000303736;0.25
3920;0.7478087591441245;0.8050269260735925;6;0.5926521685771355;[0.6592604704833606;0.7164786374128286;0.8363570478048884;0.8935752147343564];0.777787186541286;0.25
1411;0.9015533585250111;0.6480753174223406;6;0.3218283368363679;[0.8147703380220735;0.5612922969194031;0.9883363790279486;0.7348583379252781];0.7794066606272597;0.25
8907;0.5256347911078659;0.7150233977708703;6;0.567913140602533;[0.4387145711635116;0.628103177826516;0.6125550110522202;0.8019436177152246];0.7857113251137888;0.25
6961;0.6773375420790393;0.8591585407968487;6;0.5313597752456884;[0.5932477324788028;0.7750687311966122;0.7614273516792758;0.9432483503970852];0.7783456046391911;0.25
8654;0.9985642183458028;0.6546547259443788;6;0.7361699899580498;[0.9110612295124293;0.5671517371110053;1.0860672071791764;0.7421577147777523];0.7694873453069675;0.25
736;0.8416252885440008;0.48023724517216226;6;0.6167345106581118;[0.7565110271537775;0.39512298378193905;0.926739549934224;0.5653515065623855];0.7650388415572629;0.25
9013;0.6658326138729389;0.9434069097973655;6;0.5503505830087485;[0.5795081593077117;0.8570824552321383;0.7521570684381661;1.0297313643625927];0.7842475230832779;0.25
6485;0.6094038234080057;0.49797758827881156;6;0.647229601319266;[0.5216082944659773;0.4101820593367832;0.697199352350034;0.5857731172208399];0.7795033329950136;0.25
8151;0.5655760637382089;0.5991162103029023;6;0.5848294196022954;[0.4768214075021501;0.5103615540668435;0.6543307199742677;0.6878708665389611];0.7804244381615891;0.25
5643;0.8477412241190162;0.18310889644357764;6;0.39989472076859817;[0.7599595363389604;0.09532720866352182;0.935522911899072;0.27089058422363343];0.7774336399034365;0.25
7488;0.2798597664047322;0.5270311899468207;6;0.5985973713338162;[0.19408298668923638;0.44125441023132495;0.365636546120228;0.6128079696623165];0.7767475650564243;0.25
2500;0.4569468993923438;0.5343648129861231;6;0.46994077826732494;[0.3680492042791422;0.44546711787292154;0.5458445945055455;0.6232625080993248];0.7749932913339597;0.25
151;0.09154991207412866;0.634753199190578;6;0.5440422778847727;[0.005272484926116219;0.5484757720425656;0.1778273392221411;0.7210306263385905];0.7694595656957487;0.25
7941;0.6251498963847183;0.4524490111481314;6;0.5926405454467736;[0.5371726976489287;0.3644718124123419;0.7131270951205079;0.540426209883921];0.7785530809257627;0.25
2155;0.1938909940681095;0.36224357721615685;6;0.550515325977134;[0.11016493478642378;0.2785175179344711;0.27761705334979525;0.4459696364978426];0.7763224301289071;0.25
5095;0.26514762149370097;0.7185373543876654;5;0.4095024579450996;[0.1793123334457452;0.6327020663397096;0.35098290954165673;0.8043726424356212];0.7762548771457505;0.25
492;0.8454895291226665;0.6000415875073998;6;0.652086420604528;[0.7610241678370007;0.5155762262217339;0.9299548904083323;0.6845069487930656];0.7732417186940937;0.25
3622;0.893140999923147;0.6020405878346341;6;0.4008620436054554;[0.8084624405439735;0.5173620284554605;0.9778195593023205;0.6867191472138077];0.7762222083892312;0.25
8889;0.17031125685695325;0.5750034145991513;6;0.606991056019013;[0.08576044095005042;0.49045259869224844;0.2548620727638561;0.6595542305060541];0.7727807721194573;0.25
3751;0.27625973150263383;0.6032294126989721;6;0.5000049275576777;[0.18777391751293798;0.5147435987092763;0.3647455454923297;0.6917152266886679];0.7715276339944263;0.25
7588;0.4144522990819688;0.8652964490882235;6;0.282251384924576;[0.3266769223034204;0.777521072309675;0.5022276758605172;0.9530718258667719];0.7717733708795648;0.25
2185;0.8546182761433601;0.5602196631451697;6;0.46258429347218405;[0.7672141332765204;0.47281552027833007;0.9420224190101997;0.6476238060120093];0.7688680581771391;0.25
8304;0.46524323740202705;0.9314986739831987;6;0.531435795607965;[0.37837201957409095;0.8446274561552626;0.5521144552299632;1.0183698918111348];0.7743086009493066;0.25
2725;0.20881337833128644;0.7875299234004156;6;0.47935806427512423;[0.12223105626962097;0.7009476013387501;0.29539570039295193;0.8741122454620811];0.7743888302415093;0.25
6536;0.5006577341844236;0.796352509737665;6;0.4307936482558424;[0.4191496438734817;0.7148444194267232;0.5821658244953655;0.8778606000486069];0.7772890326696584;0.25
3761;0.8293295949664374;0.3506522828274027;6;0.5196786990147817;[0.738360144961385;0.2596828328223502;0.9202990449714898;0.44162173283245515];0.7713753916064996;0.25
1610;0.7356309495703842;0.6623916970305292;6;0.33872318588668615;[0.6467364368709395;0.5734971843310845;0.8245254622698289;0.751286209729974];0.77681749017642;0.25
1978;0.9432627931738027;0.6979548812894671;6;0.5917642052686588;[0.8582984464957293;0.6129905346113937;1.028227139851876;0.7829192279675405];0.7716786391435158;0.25
9142;0.8537693568623881;0.20813342880009422;6;0.40858277215932803;[0.7621321145485496;0.11649618648625576;0.9454065991762266;0.2997706711139327];0.7720053111288738;0.25
5926;0.48601087256885567;0.7982701027883692;6;0.34096317910808027;[0.3953609226723713;0.7076201528918848;0.57666082246534;0.8889200526848535];0.7729387820178069;0.25
7950;0.06370798205401251;0.8457312945582207;5;0.5373416507040647;[-0.019566378761724595;0.7624569337424836;0.14698234286974962;0.9290056553739579];0.7689867319592284;0.25
6116;0.835680111273899;0.4333807028793404;6;0.5861783344664553;[0.74846365870313;0.34616425030857145;0.9228965638446679;0.5205971554501093];0.7668035305508045;0.25
1206;0.6138494865715638;0.8244547976455703;6;0.4168329674558965;[0.5280517745013659;0.7386570855753724;0.6996471986417617;0.9102525097157682];0.776698383742367;0.25
6386;0.7069120688229036;0.3827602373073602;6;0.4854698531630562;[0.6158669855806327;0.29171515406508935;0.7979571520651745;0.47380532054963104];0.7729050530258248;0.25
9496;0.541520902024714;0.2435635754710339;6;0.5581870871424185;[0.4525738094939315;0.15461648294025138;0.6304679945554966;0.33251066800181645];0.7767312406918805;0.25
5058;0.7661701113703068;0.9606137689445733;6;0.6652675797258621;[0.6775249374133085;0.8719685949875751;0.854815285327305;1.0492589429015715];0.765227783903925;0.25
9872;0.5955617056639526;0.757380325296333;6;0.28713615187677144;[0.504311390790468;0.6661300104228485;0.6868120205374372;0.8486306401698176];0.7821493328662353;0.25
4824;0.4225442948936674;0.8977032210189106;5;0.5036545036225715;[0.3389299899187265;0.8140889160439698;0.5061585998686082;0.9813175259938515];0.777956651932746;0.25
7406;0.7059239126947756;0.441025996407946;6;0.5429632095247193;[0.6144379280717789;0.3495400117849493;0.7974098973177723;0.5325119810309427];0.7693939938942813;0.25
401;0.9588792160428293;0.2081572458655026;5;0.5825778477411317;[0.8692307867224749;0.11850881654514811;1.0485276453631838;0.2978056751858571];0.7729724383976322;0.25
8282;0.4059981813693814;0.7444857872207029;6;0.5274762316055633;[0.31951824569495696;0.6580058515462786;0.4924781170438058;0.8309657228951273];0.7724280761391288;0.25
4089;0.7657106795919011;0.2798006513722664;6;0.4172342939596351;[0.6798123187030259;0.19390229048339128;0.8516090404807762;0.36569901226114154];0.7738191102676191;0.25
8894;0.5212730775856312;0.992839974638325;6;0.547955448345187;[0.43864788540854677;0.9102147824612404;0.6038982697627158;1.0754651668154094];0.7759573417290658;0.25
1191;0.8754646591051168;0.14931452313290172;6;0.6301089689294742;[0.7863775720695131;0.06022743609729793;0.9645517461407206;0.23840161016850553];0.7740887398046252;0.25
8284;0.7933364868044913;0.949825943826687;7;0.48063096022316015;[0.707162716428579;0.8636521734507746;0.8795102571804037;1.0359997142025994];0.7760083244603229;0.25
3678;0.3531064118970023;0.15351931530746632;6;0.39232088534446713;[0.26385001993002766;0.06426292334049165;0.44236280386397697;0.24277570727444098];0.7722370829769409;0.25
369;0.03541675882070394;0.273094179440684;6;0.5785374357017637;[-0.05055434298657538;0.18712307763340466;0.12138786062798326;0.35906528124796333];0.7800218965807155;0.25
6095;0.9007524695852347;0.33259573018739497;6;0.49533268853028495;[0.8189999449559484;0.2508432055581087;0.982504994214521;0.41434825481668125];0.7727052762225375;0.25
1930;0.9848439229688585;0.11498062676235521;6;0.6519669014248323;[0.8941737861043366;0.02431048989783338;1.0755140598333803;0.20565076362687704];0.7796196385350739;0.25
5347;0.844026851117551;0.17083559171644264;6;0.4635980885765963;[0.7558736719935868;0.08268241259247841;0.9321800302415153;0.25898877084040683];0.775933967150463;0.25
861;0.8247572544575092;0.6553211531780616;6;0.5856486125018309;[0.7320734107770414;0.5626373094975937;0.9174410981379771;0.7480049968585295];0.7692295750290554;0.25
5046;0.41609092366334177;0.007910718885107304;6;0.43322893243317484;[0.33029843174866824;-0.0778817730295662;0.5018834155780153;0.0937032107997808];0.77533239551057;0.25
2883;0.9891012058371705;0.34983885551944877;6;0.5918951885641299;[0.9001512348517241;0.2608888845340023;1.078051176822617;0.43878882650489526];0.7701599336397611;0.25
5200;0.6409316477105989;0.251466016129736;6;0.5432921992066662;[0.5501628074763304;0.1606971758954675;0.7317004879448673;0.3422348563640045];0.7819260561209216;0.25
1722;0.33844113850188795;0.5729957476812519;6;0.4095602809815845;[0.24882482312838147;0.4833794323077455;0.4280574538753944;0.6626120630547584];0.7810669225530805;0.25
8341;0.5145347290389444;0.8345470852973917;6;0.4380349597972212;[0.4279525288031685;0.7479648850616158;0.6011169292747203;0.9211292855331676];0.7836232508369431;0.25
3632;0.5468768854666722;0.5338099107906182;6;0.6405502910734706;[0.4597687623984661;0.4467017877224121;0.6339850085348784;0.6209180338588244];0.7772106734285017;0.25
5653;0.5823705521966691;0.6268804574731127;6;0.49913052865158747;[0.49668507492401065;0.5411949802004543;0.6680560294693276;0.7125659347457711];0.7756353873112289;0.25
2991;0.9741317383649618;0.6587134281162415;6;0.5040341770522365;[0.8861586101288251;0.5707402998801048;1.0621048666010984;0.7466865563523781];0.7726715616719629;0.25
8029;0.6839202531378032;0.5601588778734993;6;0.6274476307537585;[0.5968680737608189;0.47310669849651493;0.7709724325147876;0.6472110572504837];0.7750193889303766;0.25
4992;0.627753741748208;0.5137153387981839;6;0.4669847946359456;[0.5353691783620352;0.42133077541201114;0.7201383051343807;0.6060999021843566];0.7745401269629695;0.25
8068;0.8633841653740976;0.8581399501115172;6;0.7106123885671892;[0.7770304448102168;0.7717862295476363;0.9497378859379784;0.9444936706753981];0.773547432771388;0.25
1961;0.7244035797410057;0.25633862039835364;6;0.43353378293898087;[0.6366844608273667;0.1686195014847147;0.8121226986546446;0.34405773931199257];0.7572709052690368;0.25
7009;0.9318739415845713;0.5758092945871363;6;0.7136815676703999;[0.8474717141040699;0.49140706710663484;1.0162761690650726;0.6602115220676377];0.7717679071112282;0.25
5331;0.1254886264963;0.9780470906145118;6;0.46893179621323733;[0.03506545384868125;0.887623917966893;0.21591179914391873;1.0684702632621306];0.7804481518124773;0.25
9665;0.8572886330392001;0.3923014470045101;6;0.515582565912796;[0.7691172544872621;0.30413006845257207;0.9454600115911381;0.4804728255564481];0.7704160767179682;0.25
4457;0.7078415167896484;0.735786841859966;6;0.3176869555010264;[0.6195446302347418;0.6474899553050595;0.7961384033445549;0.8240837284148725];0.7750064905934301;0.25
495;0.2503214921579322;0.3512197726595631;6;0.49914407879111633;[0.1661510417100575;0.2670493222116884;0.3344919426058069;0.4353902231074378];0.7772027167818576;0.25
2796;0.7913726531131936;0.11550539591759285;5;0.5031664117740577;[0.7076524202390223;0.031785163043421535;0.8750928859873649;0.19922562879176414];0.7698142095004653;0.25
301;0.7314764025827928;0.1508898349594373;5;0.41290549475068017;[0.6454858974514738;0.0648993298281183;0.8174669077141118;0.23688034009075631];0.7780436563387028;0.25
4741;0.6824275612844324;0.9095357323648561;6;0.2562688874228012;[0.5931411608399033;0.820249331920327;0.7717139617289615;0.9988221328093851];0.7831176681982198;0.25
1191;0.969664828179432;0.6063858110810323;6;0.6301089689294742;[0.8826322722172619;0.5193532551188622;1.056697384141602;0.6934183670432024];0.7740887398046252;0.25
4146;0.508510566485429;0.6739911789518217;6;0.6834230724645579;[0.41973909709111573;0.5852197095575083;0.5972820358797424;0.762762648346135];0.7769774654006926;0.25
8484;0.7822525947788612;0.3006416771288196;6;0.5159190196357594;[0.69534923408111;0.2137383164310684;0.8691559554766124;0.38754503782657085];0.7818848241405726;0.25
2922;0.7169848902711156;0.985831643496182;6;0.4340859541130271;[0.6274829589305727;0.8963297121556392;0.8064868216116584;1.075333574836725];0.7780698153538657;0.25
9997;0.7264648791536743;0.42275469559857043;6;0.5521076293552873;[0.6406644822342132;0.33695429867910937;0.8122652760731354;0.5085550925180314];0.7779275265564399;0.25
417;0.9469684454874667;0.8122975587957499;6;0.5109192298521211;[0.8616783396207022;0.7270074529289854;1.0322585513542313;0.8975876646625145];0.7722517873504763;0.25
6334;0.9342708573068288;0.6874500316753047;6;0.44245987661819913;[0.8512267817336683;0.6044059561021442;1.0173149328799893;0.7704941072484652];0.7677070714825243;0.25
3678;0.49492223942617475;0.43865259787752253;6;0.39232088534446713;[0.40818974304325023;0.351920101494598;0.5816547358090993;0.525385094260447];0.7722370829769409;0.25
7114;0.928298648277753;0.2941147745114924;6;0.38214600868178283;[0.8398696210066668;0.20568574724040634;1.016727675548839;0.3825438017825785];0.7771616878313765;0.25
1888;0.19844027285071975;0.47461062807325827;6;0.45548589808740414;[0.10660006998580682;0.38277042520834537;0.29028047571563265;0.5664508309381712];0.7734732736391252;0.25
6333;0.9021789263196416;0.17595976412386843;6;0.6307596496991681;[0.8123159050198323;0.08609674282405912;0.9920419476194509;0.26582278542367777];0.7703528040888479;0.25
1764;0.6831621898605882;0.0016758535379910455;6;0.515567640288485;[0.5925757036694734;-0.08891063265312373;0.7737486760517029;0.09226233972910582];0.7739890204774739;0.25
9641;0.6584318391199226;0.35142810021663184;6;0.32093730458892566;[0.5714888763113535;0.2644851374080626;0.7453748019284918;0.43837106302520107];0.7768695563389969;0.25
5941;0.6433708524994604;0.3987340207294369;6;0.3311552792087288;[0.5553539193931675;0.310717087623144;0.7313877856057532;0.48675095383572986];0.7790424488808989;0.25
8415;0.6587049628509186;0.37290910888154144;6;0.7493763187325262;[0.5665110380167332;0.28071518404735607;0.750898887685104;0.4651030337157268];0.7704281973052646;0.25
5727;0.01851854780314599;0.4023170300109067;5;0.7547926882551281;[-0.06408690186779353;0.31971158033996716;0.10112399747408551;0.4849224796818462];0.7741176134370372;0.25
152;0.4266685637596461;0.7582494877615982;6;0.6020437088894346;[0.3400970190111592;0.6716779430131112;0.5132401085081331;0.8448210325100851];0.7762174148117971;0.25
8545;0.6817070559087326;0.26950370220576725;6;0.40285888276434345;[0.5921514929491691;0.17994813924620373;0.7712626188682961;0.35905926516533077];0.7775080809165512;0.25
258;0.4865104002003662;0.16935894818005642;6;0.4868576980773928;[0.40079774593584067;0.08364629391553091;0.5722230544648916;0.25507160244458194];0.7899636911858045;0.25
3203;0.6842649162040129;0.07595447676653033;6;0.33639635554531677;[0.5953044707007652;-0.013005968736717333;0.7732253617072605;0.164914922269778];0.7779306694959278;0.25
7828;0.9855080458052813;0.7165044745195038;6;0.487488159825773;[0.8962149654053042;0.6272113941195268;1.0748011262052584;0.8057975549194809];0.7677767816247827;0.25
6512;0.9824136359328505;0.27905886374957334;6;0.3989158063276213;[0.8998213668576508;0.19646659467437363;1.0650059050080503;0.361651132824773];0.7701827639104932;0.25
1983;0.8090581570481379;0.1950204379615082;6;0.2383582531695454;[0.7211767795446011;0.1071390604579715;0.8969395345516746;0.2829018154650449];0.7690079016961492;0.25
3875;0.8529047754183223;0.739814669623035;6;0.5442892783008839;[0.7607036782318755;0.6476135724365881;0.9451058726047692;0.8320157668094819];0.7864965944829873;0.25
8824;0.4310110330772572;0.8453773729106672;6;0.32178302047745355;[0.3460068031097774;0.7603731429431874;0.516015263044737;0.930381602878147];0.7706467434724972;0.25
4871;0.3050554519565668;0.5444219560128332;6;0.3847846437998581;[0.21648701160822723;0.4558535156644936;0.39362389230490635;0.6329903963611727];0.7784503206492208;0.25
153;0.9229339218182748;0.4308745024067495;6;0.5915178902093254;[0.8346841125633647;0.3426246931518394;1.011183731073185;0.5191243116616596];0.78134285529359;0.25
2232;0.15268523562882652;0.08099500091913497;6;0.6162785394045878;[0.06609161276541851;-0.005598621944273033;0.23927885849223451;0.16758862378254297];0.7714261976043462;0.25
7021;0.5147361571395626;0.6652958785659107;6;0.42906575828452964;[0.42602521294789597;0.5765849343742441;0.6034471013312291;0.7540068227575772];0.7718257361874403;0.25
2322;0.8913781829273433;0.22516305643093243;6;0.761825094368753;[0.8047236127720351;0.1385084862756242;0.9780327530826515;0.3118176265862407];0.771977976159927;0.25
843;0.727791974823242;0.4722682439074441;6;0.5642573706897724;[0.6423409780299865;0.3868172471141885;0.8132429716164975;0.5577192407006997];0.7711516841448878;0.25
3746;0.5948867300339291;0.5016591576105106;6;0.525788586894434;[0.5066312965759175;0.4134037241524991;0.6831421634919407;0.5899145910685222];0.7736602689725683;0.25
7958;0.4294731286222966;0.5675076802026526;6;0.597982511057159;[0.34327144071120064;0.4813059922915567;0.5156748165333925;0.6537093681137486];0.7720924766932765;0.25
6058;0.8910990102889971;0.7859457037798085;6;0.4923718910658428;[0.7990721642235098;0.6939188577143213;0.9831258563544844;0.8779725498452958];0.7797428242701975;0.25
1240;0.7393354659227327;0.45794013811203865;6;0.5695879928645379;[0.6526656521236825;0.37127032431298856;0.8260052797217828;0.5446099519110887];0.7674176005202261;0.25
4872;0.1871582251057906;0.40510170886968494;6;0.2889002581956158;[0.10015482474620296;0.3180983085100973;0.27416162546537826;0.4921051092292726];0.7796831418855448;0.25
9922;0.7541040927585894;0.988665801757786;6;0.46699711355955886;[0.667380706579436;0.9019424155786326;0.8408274789377427;1.0753891879369393];0.7707153816380863;0.25
3734;0.036574697063647243;0.5966929443345578;6;0.5153441484049806;[-0.0531626992006454;0.5069555480702651;0.12631209332793988;0.6864303405988504];0.7636612727434633;0.25
9139;0.6699699900498296;0.6494120653256652;6;0.35870892481344663;[0.581626363576042;0.5610684388518776;0.7583136165236172;0.7377556917994528];0.7717148871552513;0.25
1299;0.8353627715370789;0.02204348727437877;6;0.5509168515216242;[0.7530450159970433;-0.06027426826565689;0.9176805270771146;0.10436124281441443];0.7726069028187361;0.25
6203;0.7105616561640542;0.7777036752742488;6;0.7579892619210968;[0.6272813481869955;0.6944233672971901;0.7938419641411129;0.8609839832513074];0.7719055100688557;0.25
3769;0.8795669507400304;0.45510018689183607;6;0.5920372620095794;[0.7911714918912549;0.36670472804306053;0.967962409588806;0.5434956457406116];0.7729763305750386;0.25
8412;0.6008191824788458;0.46270814053902215;6;0.7439731887648222;[0.5109641291311141;0.3728530871912905;0.6906742358265775;0.5525631938867538];0.7720936237113016;0.25
1068;0.748453461437167;0.24672846901337386;6;0.44190990582703277;[0.6626022892635463;0.16087729683975316;0.8343046336107877;0.33257964118699457];0.769017202639306;0.25
9327;0.6092066161768138;0.9284623841622026;6;0.5350809756803434;[0.5244662387239539;0.8437220067093427;0.6939469936296737;1.0132027616150625];0.7770569170582454;0.25
5100;0.8999484943126456;0.3524148265963474;6;0.5360568139208736;[0.8093201109217378;0.26178644320543965;0.9905768777035533;0.4430432099872551];0.77648285841017;0.25
5332;0.7758880317352121;0.3365567412801848;6;0.41591984710773233;[0.6871893234284016;0.24785803297337422;0.8645867400420227;0.4252554495869954];0.7752451682398029;0.25
2620;0.797084631173526;0.3202642785896428;6;0.4586571462799083;[0.709903541275368;0.23308318869148487;0.884265721071684;0.4074453684878007];0.7696616468403255;0.25
526;0.3522356855833605;0.3411866012015227;6;0.3880185127367051;[0.26353158766591883;0.25248250328408106;0.44093978350080215;0.4298906991189644];0.7713108211317009;0.25
5244;0.34761114208721866;0.7362034948699157;6;0.5009706877296709;[0.25771417112415296;0.64630652390685;0.43750811305028436;0.8261004658329814];0.7763791223203489;0.25
957;0.6733659847156098;0.6067218288285301;6;0.7157514070483444;[0.5883521473797169;0.5217079914926371;0.7583798220515028;0.6917356661644231];0.7769223566634931;0.25
5889;0.28365158438614424;0.2643747526281381;6;0.4928576540909309;[0.19936957834641877;0.18009274658841262;0.3679335904258697;0.34865675866786355];0.7825433772773202;0.25
1401;0.7602832566851955;0.47970532573362745;6;0.5521206340464858;[0.6758029271162644;0.3952249961646964;0.8447635862541265;0.5641856553025585];0.7755558283584202;0.25
5606;0.9348563403417562;0.2914225726039339;6;0.5153871873570013;[0.8491623060589614;0.20572853832113897;1.0205503746245512;0.3771166068867288];0.7753644597678534;0.25
6824;0.6692452243377076;0.5124349751235163;5;0.4715978444239084;[0.5801357746920671;0.42332552547787583;0.7583546739833481;0.6015444247691568];0.7717526452037957;0.25
2371;0.935529583045516;0.927228515570082;6;0.6697498345219524;[0.8478468439811635;0.8395457765057295;1.0232123221098686;1.0149112546344345];0.7789567049816307;0.25
6582;0.899410517020734;0.28404647831195917;6;0.4797141608207795;[0.8070741182984688;0.19171007958969383;0.9917469157429993;0.3763828770342245];0.783244326639594;0.25
4652;0.06475059968143249;0.007193910214898458;7;0.43035164766934203;[-0.023161200427403508;-0.08071788989393754;0.15266239979026847;0.09510571032373445];0.7823715672141923;0.25
6949;0.6588066578359741;0.9586646403238237;6;0.5994075521267941;[0.5748681271610997;0.8747261096489493;0.7427451885108486;1.042603170998698];0.7757652371257507;0.25
2525;0.8974766642722262;0.2794508737527587;6;0.5236208498253332;[0.8131973014957464;0.19517151097627894;0.9817560270487059;0.3637302365292384];0.7767284666399981;0.25
7713;0.6251902082827336;0.44355634597134225;7;0.3971116240661122;[0.5386258695690525;0.356992007257661;0.7117545469964148;0.5301206846850235];0.7814573046300014;0.25
2503;0.7816111421236218;0.44276963393464364;6;0.4941957461201187;[0.6950159816871884;0.35617447349821013;0.8682063025600553;0.5293647943710771];0.7828778234157678;0.25
8285;0.8083384608650992;0.6318872884799788;6;0.5476342398047678;[0.716677227688325;0.5402260553032046;0.8999996940418734;0.723548521656753];0.7758791001623344;0.25
5042;0.5868417902164423;0.7363173187349406;6;0.5034779306906386;[0.49696446605390143;0.6464399945723996;0.6767191143789832;0.8261946428974815];0.7676015394429957;0.25
7586;0.4652838514702946;0.4513446714078652;6;0.5032439744266048;[0.37677171969709744;0.3628325396346681;0.5537959832434918;0.5398568031810623];0.7724589861161888;0.25
2599;0.3164553985463192;0.3875150580281609;6;0.4103473735225469;[0.22813028841266275;0.2991899478945044;0.40478050867997567;0.47584016816181735];0.7767834369478178;0.25
8527;0.6710705643627541;0.71043102069783;5;0.48275136562562665;[0.5785691557343627;0.6179296120694386;0.7635719729911455;0.8029324293262214];0.7767521813436935;0.25
3540;0.8997453036504528;0.9778619369521031;6;0.6495504438516367;[0.8130043903986343;0.8911210237002846;0.9864862169022713;1.0646028502039218];0.7795598206646916;0.25
8206;0.8456425637582905;0.3316928406037458;6;0.6113419643066202;[0.7594915287001224;0.24554180554557764;0.9317935988164586;0.417843875661914];0.7691971923385049;0.25
2883;0.7978870814326735;0.46118863638753177;6;0.5918951885641299;[0.7117726422362374;0.3750741971910956;0.8840015206291096;0.547303075583968];0.7701599336397611;0.25
3070;0.8472449643047038;0.4444417574360636;6;0.5648031855737062;[0.7605538132005045;0.35775060633186445;0.933936115408903;0.5311329085402627];0.7752146421277271;0.25
4905;0.8809285479390526;0.6502799015396675;6;0.3524199877402242;[0.7937178298753709;0.5630691834759858;0.9681392660027344;0.7374906196033493];0.768359933279115;0.25
9211;0.9560425554169851;0.2752561450778328;6;0.6198951837049507;[0.8676827773939263;0.18689636705477397;1.044402333440044;0.36361592310089164];0.7759380760586934;0.25
6252;0.309080536184029;0.7915570258202327;6;0.5003079917513401;[0.2246563301160036;0.7071328197522073;0.39350474225205434;0.875981231888258];0.7724037103785807;0.25
3256;0.9166897331087445;0.8446030395551251;6;0.6110666381251806;[0.827538956536814;0.7554522629831946;1.0058405096806748;0.9337538161270555];0.7690180042001605;0.25
5570;0.8916389231185919;0.7066178739367559;6;0.4636607497787731;[0.8064489309009217;0.6214278817190857;0.9768289153362621;0.7918078661544261];0.7736407332838505;0.25
70;0.7554460265258862;0.4361797242272728;6;0.4460162718513954;[0.6697067214095208;0.35044041911090745;0.8411853316422516;0.5219190293436382];0.7851634685612021;0.25
9788;0.8553698184094466;0.9911801576908328;6;0.5076154383903145;[0.7684978428657911;0.9043081821471775;0.942241793953102;1.0780521332344881];0.7732376948509504;0.25
1339;0.668796025543688;0.993859866153791;6;0.56689928751458;[0.5818306674533953;0.9068945080634983;0.7557613836339807;1.0808252242440837];0.7801302764105685;0.25
6422;0.7421520879454011;0.8965078209423468;6;0.5414349308706836;[0.6545152510508823;0.8088709840478281;0.82978892483992;0.9841446578368656];0.7701644615045748;0.25
3563;0.7830717628034454;0.1336397346349043;6;0.4529410372737594;[0.6931851092690599;0.04375308110051879;0.8729584163378309;0.22352638816928982];0.7764303244713486;0.25
651;0.7952836559789319;0.6206830756052738;6;0.36714574556715973;[0.7025575976159948;0.5279570172423367;0.888009714341869;0.7134091339682109];0.7761285018384446;0.25
3104;0.45811908668956247;0.2837327259082757;6;0.5003654933789781;[0.3676892709623246;0.19330291018103782;0.5485489024168003;0.37416254163551355];0.7726741939721251;0.25
7870;0.9534966129181606;0.13442732706369132;6;0.29113886758491425;[0.8678097701180261;0.04874048426355687;1.039183455718295;0.22011416986382576];0.775697618797238;0.25
8271;0.2970136921223041;0.5333595886916445;6;0.4148000802682838;[0.20822317118897576;0.4445690677583161;0.38580421305563245;0.6221501096249729];0.7800541127185272;0.25
2187;0.12226651872146332;0.6960398019749461;6;0.5757363720916049;[0.03460787626142536;0.6083811595149081;0.20992516118150129;0.783698444434984];0.7776562712737314;0.25
2128;0.677414514671736;0.5562538135793776;6;0.5071799067196959;[0.5905205967621616;0.4693598956698033;0.7643084325813103;0.643147731488952];0.7718948728791758;0.25
9327;0.9883092675968614;0.03844631874059817;6;0.5350809756803434;[0.8971835534397258;-0.05267939541653749;1.0794349817539972;0.12957203289773384];0.7770569170582454;0.25
6396;0.9585956284359765;0.6651304457342835;7;0.3531362211691469;[0.8682910402148843;0.5748258575131914;1.0489002166570685;0.7554350339553756];0.7739988910038131;0.25
5235;0.9190263651151641;0.9592171983212644;6;0.4390376012269526;[0.8277037448772087;0.8678945780833089;1.0103489853531196;1.0505398185592199];0.7807586812919399;0.25
3775;0.7582105945099022;0.7010286246660443;6;0.3484261105173463;[0.6694379565275268;0.6122559866836689;0.8469832324922777;0.7898012626484198];0.7749924885580386;0.25
1334;0.7772538637159278;0.5394031013891057;6;0.4279744592492855;[0.6915072831782036;0.45365652085138164;0.8630004442536519;0.6251496819268298];0.7710250802152647;0.25
1015;0.7789952148479796;0.42597764135661537;6;0.5604985192845717;[0.6919261476684244;0.3389085741770602;0.8660642820275348;0.5130467085361705];0.7782338729412098;0.25
8064;0.9752304159217516;0.497762446738529;6;0.6068407954083695;[0.8897438810495603;0.4122759118663376;1.0607169507939431;0.5832489816107204];0.7889653406978758;0.25
2880;0.9519178096710343;0.37006699484732153;6;0.3833995683113539;[0.8633919096881223;0.2815410948644095;1.0404437096539465;0.4585928948302336];0.7783344602712424;0.25
7400;0.7810708202104888;0.4654413443134182;6;0.45525221747403755;[0.6935077293041728;0.37787825340710224;0.8686339111168048;0.5530044352197342];0.7843699968231904;0.25
445;0.9458414809401556;0.5744349118934928;6;0.5711462112014978;[0.8611250902645387;0.48971852121787585;1.0305578716157726;0.6591513025691098];0.7751247257846927;0.25
6511;0.8676033653506307;0.9410191210710346;6;0.5057292383112568;[0.7802970650213428;0.8537128207417467;0.9549096656799185;1.0283254214003223];0.7747116929345795;0.25
1742;0.6114828518898594;0.9191536675495274;6;0.3384339855259847;[0.5232257815879522;0.8308965972476202;0.6997399221917666;1.0074107378514348];0.7767088329882272;0.25
9830;0.5132154416581876;0.5814891366041943;6;0.46116932137112626;[0.4260387339129853;0.49431242885899207;0.6003921494033898;0.6686658443493966];0.7770035188633642;0.25
4153;0.07560297604114341;0.09502902387699386;6;0.5515463491159986;[-0.010084040479098985;0.009342007356751461;0.16128999256138582;0.18071604039723627];0.7699259304811177;0.25
6914;0.9713100665452526;0.9851822903345165;6;0.5239847337539254;[0.8858970370340924;0.8997692608233563;1.056723096056413;1.0705953198456768];0.7793606094111669;0.25
3922;0.5729121533024526;0.44162268907627067;6;0.4817133867924118;[0.4834112435820542;0.35212177935587224;0.6624130630228511;0.5311235987966691];0.7745384487346979;0.25
1031;0.19614394700803572;0.5210388444133841;6;0.5034261226500977;[0.1092123091732071;0.4341072065785555;0.2830755848428643;0.6079704822482127];0.7697788618372718;0.25
3160;0.005819134011362914;0.733751619427321;6;0.40409635953320455;[-0.07882451581348401;0.6491079696024741;0.09046278383620984;0.818395269252168];0.7783558310111257;0.25
1192;0.4421201086914235;0.7305116784051143;6;0.5032639362567735;[0.35701258182684076;0.6454041515405315;0.5272276355560063;0.8156192052696971];0.7853273200969463;0.25
6088;0.8260274935853874;0.9734335812185364;6;0.5577847486519235;[0.7388125574317068;0.8862186450648558;0.913242429739068;1.060648517372217];0.7710019951732576;0.25
311;0.4496512552627353;0.2763140711956042;6;0.4743274732692766;[0.36093582907679517;0.18759864500966406;0.5383666814486754;0.36502949738154433];0.7765107091983657;0.25
1467;0.5345759111741666;0.3917818290404427;6;0.41992691346268995;[0.4431008205266536;0.3003067383929297;0.6260510018216796;0.48325691968795564];0.779848384630642;0.25
5892;0.9864472040805964;0.5090642406520748;6;0.6242323251172242;[0.8957416163687069;0.4183586529401853;1.077152791792486;0.5997698283639643];0.7748227016968422;0.25
3804;0.47379019427238045;0.813053082457313;6;0.5460561962082889;[0.3843447847130892;0.7236076728980217;0.5632356038316717;0.9024984920166043];0.7676334693152236;0.25
8451;0.5241977338182235;0.5600980351797231;6;0.4548735228487244;[0.4358984423814763;0.47179874374297587;0.6124970252549709;0.6483973266164704];0.7637806524885917;0.25
5936;0.9561161642380915;0.7108932575414562;6;0.4286317509337691;[0.8713319788114071;0.6261090721147717;1.040900349664776;0.7956774429681406];0.7733138014515177;0.25
614;0.6852970544964787;0.17137400148745474;6;0.4499674456457308;[0.6014615701747472;0.0875385171657233;0.7691325388182102;0.2552094858091862];0.7800984123259063;0.25
2965;0.7048400752549522;0.806183570277268;6;0.6477992874815638;[0.6162371722804664;0.7175806673027821;0.793442978229438;0.8947864732517538];0.7693809937394497;0.25
8275;0.7929190708289148;0.006538819888074143;7;0.4032399885862802;[0.7027718444855995;-0.0836084064552411;0.8830662971722301;0.09668604623138939];0.782756922016187;0.25
5063;0.31690090145684213;0.8535546652273746;6;0.42451476509964203;[0.2306749929791409;0.7673287567496733;0.40312680993454336;0.9397805737050758];0.7759901888420112;0.25
2989;0.3019435602089875;0.9171584854991657;6;0.5047862630497055;[0.21604522535701143;0.8312601506471896;0.38784189506096356;1.0030568203511419];0.7691729496132076;0.25
2040;0.9780196235482168;0.10417007765435982;6;0.35854736700634815;[0.8896265723054679;0.01577702641161098;1.0664126747909657;0.19256312889710864];0.7702584819926873;0.25
9254;0.812841902409558;0.8617750791901937;6;0.5236126534348987;[0.7296285819729121;0.7785617587535478;0.8960552228462039;0.9449883996268396];0.7719652658189821;0.25
7200;0.6790503507997466;0.9237271565333509;5;0.5572157559767148;[0.5917925869858159;0.8364693927194202;0.7663081146136773;1.0109849203472816];0.7762650910807279;0.25
3675;0.8160442037273805;0.7432151832131701;6;0.4660144477266438;[0.7285658029982952;0.6557367824840848;0.9035226044564658;0.8306935839422555];0.7741672335432772;0.25
5754;0.8405285728270098;0.6295292905122716;7;0.4823579395579761;[0.7547343453217003;0.5437350630069621;0.9263228003323193;0.7153235180175811];0.7728855864120701;0.25
974;0.34022009260226854;0.6319417039203057;7;0.4318197754996428;[0.25321763850019613;0.5449392498182333;0.42722254670434096;0.7189441580223781];0.7801283730696332;0.25
4894;0.9648019843806815;0.38486413679929;6;0.49721585588742334;[0.8770265044662356;0.2970886568848441;1.0525774642951276;0.4726396167137359];0.7803269849542589;0.25
8538;0.3274914590207041;0.9687057340020069;6;0.4785960459642689;[0.24118827179680413;0.8824025467781069;0.41379464624460405;1.0550089212259068];0.7749063132587359;0.25
5527;0.848707444133821;0.5104426154172151;5;0.4099999985557986;[0.7586234941911681;0.42035866547456224;0.9387913940764739;0.600526565359868];0.7738468933812853;0.25
2957;0.8404230969942207;0.29549035083138897;6;0.5063377296586999;[0.7524553690391587;0.207522622876327;0.9283908249492827;0.38345807878645094];0.781526082356317;0.25
9661;0.5711065479175295;0.328095375643644;6;0.48176560411880043;[0.4823916127464407;0.23938044047255527;0.6598214830886182;0.41681031081473274];0.7797982817799123;0.25
9629;0.19694145687540954;0.6433739150327266;6;0.42525756086639754;[0.11136442617260603;0.557796884329923;0.2825184875782131;0.7289509457355301];0.7739381772561972;0.25
6868;0.6938675318642877;0.1789911885082739;6;0.43167145310807054;[0.6062714592175241;0.09139511586151025;0.7814636045110513;0.2665872611550375];0.7708507237246834;0.25
5048;0.5811059647243753;0.17363920396886567;6;0.5078144601414485;[0.49074650301429557;0.083279742258786;0.671465426434455;0.26399866567894537];0.7722382475278572;0.25
2140;0.7865059498569473;0.32191112783549325;6;0.4215421304138694;[0.6991318013630108;0.23453697934155673;0.8738800983508839;0.4092852763294298];0.7733972048602373;0.25
2022;0.03731041839437088;0.7247370964657387;6;0.6076067224144455;[-0.04856101830163885;0.638865659769729;0.12318185509038061;0.8106085331617484];0.7764370621715396;0.25
5742;0.19465604710441742;0.5871144047900254;6;0.5656605726443811;[0.10366516820886992;0.49612352589447795;0.2856469259999649;0.6781052836855729];0.7693746945569795;0.25
3718;0.47152527525803084;0.5203779301428143;6;0.5756181140279554;[0.38561305629820325;0.4344657111829867;0.5574374942178584;0.6062901491026419];0.7798634341522743;0.25
616;0.7326815630144498;0.14923602728893526;6;0.4285498957800869;[0.6439953620624161;0.06054982633690163;0.8213677639664834;0.23792222824096887];0.7742428247377547;0.25
5597;0.4815147608557791;0.40318520291200727;6;0.5870407845249368;[0.39039386313166413;0.3120643051878923;0.5726356585798941;0.49430610063612224];0.7686189411326642;0.25
7956;0.9896492223604183;0.7583562728920415;6;0.5789305701109286;[0.9039840379905205;0.6726910885221438;1.0753144067303162;0.8440214572619393];0.7799271434526999;0.25
2508;0.4032081462052035;0.631931678125666;6;0.4886157315839637;[0.3197123312454156;0.5484358631658781;0.4867039611649914;0.7154274930854538];0.7697470168306612;0.25
5744;0.8468263299341365;0.10403555130716774;6;0.5515235738018338;[0.7594943848922422;0.016703606265273396;0.9341582749760309;0.19136749634906208];0.7741364805912452;0.25
3898;0.9036366267461919;0.4930059391726572;6;0.5642462797136518;[0.8162441038573072;0.4056134162837724;0.9910291496350767;0.5803984620615421];0.7709305229802152;0.25
961;0.9375126010579906;0.9818512908136142;6;0.39558869050601075;[0.8438786888234342;0.8882173785790578;1.031146513292547;1.0754852030481705];0.7776256530516285;0.25
8448;0.705660469678926;0.9869176459644953;6;0.6439291924089804;[0.6192868537807815;0.9005440300663508;0.7920340855770706;1.0732912618626398];0.7788777325498025;0.25
9664;0.6050432062280782;0.5033252973852453;6;0.2852123932034649;[0.5194747684143711;0.4177568595715383;0.6906116440417852;0.5888937351989524];0.7736811867157697;0.25
2889;0.5643602172015125;0.722325691199205;6;0.5153680121930106;[0.4776122046658818;0.6355776786635743;0.6511082297371433;0.8090737037348357];0.7705804299794857;0.25
9769;0.6944354426795618;0.8158237005866242;6;0.501196349258335;[0.6045473213061898;0.7259355792132522;0.7843235640529338;0.9057118219599962];0.772824387028579;0.25
7884;0.5600430690447005;0.22773948142515232;6;0.624292954822552;[0.4743286548587931;0.14202506723924496;0.6457574832306079;0.3134538956110597];0.7748008735896437;0.25
9987;0.7404926267001087;0.5776547948967975;6;0.5830543736663202;[0.6548691186459417;0.4920312868426304;0.8261161347542758;0.6632783029509646];0.7736036264172762;0.25
6914;0.3613858300014283;0.1473402351987032;6;0.5239847337539254;[0.2705111152505784;0.056465520447853315;0.4522605447522782;0.2382149499495531];0.7793606094111669;0.25
9322;0.641437160372788;0.7545741674929004;6;0.5496942916179386;[0.5553288382414202;0.6684658453615326;0.7275454825041557;0.8406824896242682];0.7656492237870779;0.25
1884;0.8861646455071808;0.33232657311814234;6;0.43749143378504857;[0.799455811311501;0.24561773892246258;0.9728734797028605;0.4190354073138221];0.7791920198937565;0.25
8758;0.7340020844422239;0.14681862018019337;5;0.4612819489016229;[0.6478783930087059;0.06069492874667527;0.820125775875742;0.23294231161371148];0.7709187252267463;0.25
6386;0.9466384809342768;0.6272860718835565;6;0.4854698531630562;[0.8620973121091985;0.5427449030584781;1.0311796497593553;0.7118272407086348];0.7729050530258248;0.25
4120;0.6458713852505538;0.6492025079444108;6;0.49502447898035373;[0.5570434331421873;0.5603745558360443;0.7346993373589202;0.7380304600527773];0.7786940474044958;0.25
4958;0.7986761931341398;0.458050055934422;6;0.6193816472110939;[0.7104068414397522;0.3697807042400344;0.8869455448285275;0.5463194076288096];0.7819120303614898;0.25
8643;0.5902238217301838;0.2814360341743133;6;0.5639453929321604;[0.5056489494130308;0.19686116185716027;0.6747986940473368;0.3660109064914663];0.7776094077752299;0.25
6652;0.025574253474858533;0.8062023754285776;6;0.5507401295544474;[-0.06245479564308233;0.7181733263106368;0.1136033025927994;0.8942314245465185];0.7722888445117325;0.25
4471;0.932750536122752;0.4281180361463255;6;0.5859406137478582;[0.8442143650919139;0.3395818651154874;1.0212867071535903;0.5166542071771636];0.7734918761296291;0.25
8437;0.15432166091028676;0.7157754307230781;6;0.6146905954809163;[0.064049490285903;0.6255032600986944;0.2445938315346705;0.8060476013474619];0.7775812694610122;0.25
456;0.9610162025025362;0.6357882268756827;6;0.5697953384251757;[0.8742969234204079;0.5490689477935544;1.0477354815846645;0.722507505957811];0.7762912266724712;0.25
8297;0.5161106424111475;0.8283789615068393;7;0.39030216534046014;[0.430534519441436;0.7428028385371278;0.601686765380859;0.9139550844765508];0.778980694127882;0.25
2609;0.6619474560959412;0.24324658095504742;6;0.5058712384988151;[0.578154441270051;0.1594535661291573;0.7457404709218314;0.32703959578093755];0.7714182745160341;0.25
9056;0.6417220748257333;0.04287550574568594;6;0.38046795172474723;[0.5529736422571813;-0.04587292682286606;0.7304705073942853;0.13162393831423794];0.7716312929383761;0.25
1482;0.5168458403115657;0.8297467081684509;6;0.37526927171281965;[0.4285484673463468;0.741449335203232;0.6051432132767846;0.9180440811336698];0.7795239885215752;0.25
8902;0.9601766595867163;0.3032845905481524;6;0.6316519270177268;[0.8759491639768434;0.21905709493827952;1.044404155196589;0.38751208615802524];0.7671551297187867;0.25
4036;0.6490056003961223;0.052509537119884875;6;0.4797139760956452;[0.5601736470124422;-0.036322416263795246;0.7378375537798024;0.14134149050356498];0.7774925903865585;0.25
1384;0.7775064752721172;0.18273545357070126;6;0.4985421721539636;[0.685947435487445;0.09117641378602895;0.8690655150567895;0.2742944933553736];0.7718583080933087;0.25
6302;0.9545647733106024;0.3445821346907233;6;0.4792860252652029;[0.8653076707151683;0.25532503209528923;1.0438218759060365;0.43383923728615736];0.772729678995655;0.25
1065;0.6790266021520511;0.03371292851745922;6;0.48950409470484607;[0.5896453187380428;-0.055668354896549144;0.7684078855660594;0.12309421193146758];0.7756543069484388;0.25
2243;0.8068332327379937;0.7867123606084799;6;0.5994380564015587;[0.7223392499994521;0.7022183778699383;0.8913272154765353;0.8712063433470215];0.7705021932181442;0.25
9908;0.4672095343629036;0.7008293021622379;6;0.538560088414045;[0.3784650369440701;0.6120848047434044;0.5559540317817371;0.7895737995810714];0.7720232923865331;0.25
3603;0.26802274172406404;0.6418545100126091;6;0.617245450273695;[0.1814984578960479;0.5553302261845929;0.3545470255520802;0.7283787938406252];0.7814752512690527;0.25
8831;0.3395992056982827;0.9658018081294049;6;0.49062409588757533;[0.2528853759692434;0.8790879784003656;0.4263130354273221;1.0525156378584442];0.7690651864834804;0.25
6442;0.7657123274723004;0.5562113705618587;6;0.3362047893969353;[0.6766347906921536;0.4671338337817118;0.8547898642524473;0.6452889073420055];0.7738120779189618;0.25
9459;0.7528011005431325;0.5271362447942977;6;0.4623759604607032;[0.6656444068206373;0.4399795510718024;0.8399577942656278;0.6142929385167929];0.7824179890159931;0.25
3357;0.2791773815277504;0.7844055681214532;7;0.3144849163580591;[0.190011258049176;0.6952394446428788;0.3683435050063248;0.8735716916000277];0.7718724506796962;0.25
8138;0.9868769232049204;0.4601077686258117;6;0.3696604823660987;[0.8957460974791955;0.36897694290008687;1.0780077489306452;0.5512385943515365];0.7753934852323813;0.25
6303;0.05495838406510467;0.7020510488223304;6;0.4505885581092943;[-0.03202215659708772;0.615070508160138;0.14193892472729708;0.7890315894845228];0.7726499241403639;0.25
341;0.674010741028337;0.625855575719625;6;0.5322753654385125;[0.589476716132022;0.54132155082331;0.758544765924652;0.71038960061594];0.7736627087552274;0.25
8020;0.06467836323396658;0.0677349675253508;6;0.5907542221430042;[-0.022244078924046937;-0.019187474632662724;0.15160080539198012;0.15465740968336433];0.774771703662248;0.25
7960;0.6236083192585331;0.3829671390147687;6;0.56589785984142;[0.5324273212821171;0.2917861410383527;0.7147893172349491;0.4741481369911847];0.7737335452733104;0.25
5749;0.29253079737158627;0.5489136041131308;6;0.42032836104010796;[0.2059818986626883;0.46236470540423286;0.37907969608048425;0.6354625028220289];0.7756149676841054;0.25
1223;0.1313468187216117;0.11027531561308268;6;0.680874815643391;[0.04426585519579128;0.02319435208726227;0.2184277822474321;0.19735627913890308];0.7703739975077579;0.25
2939;0.9945497142133198;0.7478664018766739;6;0.3499703205260021;[0.9042850665509872;0.6576017542143412;1.0848143618756525;0.8381310495390065];0.7702482656357524;0.25
7681;0.8863285794775397;0.6116835146058488;6;0.439447117478829;[0.802672708546954;0.5280276436752631;0.9699844504081254;0.6953393855364345];0.7787169837335081;0.25
2661;0.5800907314929383;0.5584132263878737;6;0.37415534549699625;[0.49591834084016295;0.47424083573509834;0.6642631221457137;0.6425856170406491];0.776040900475789;0.25
8093;0.3520746145515076;0.2571443963225855;6;0.4811220586382239;[0.26442796612830577;0.16949774789938368;0.4397212629747095;0.34479104474578737];0.7775326437136191;0.25
366;0.15638545325290665;0.8372713785008352;6;0.4538967569208904;[0.06931600009900163;0.7502019253469302;0.24345490640681167;0.9243408316547402];0.7759158157902881;0.25
8415;0.5836702392890514;0.6158826646952147;6;0.7493763187325262;[0.4956602587715162;0.5278726841776795;0.6716802198065865;0.7038926452127499];0.7704281973052646;0.25
6035;0.9062238279571714;0.8433475052225774;6;0.6039952967036881;[0.81699815426339;0.7541218315287961;0.9954495016509528;0.9325731789163587];0.7759502977751682;0.25
8519;0.6496395235428294;0.716406788095878;6;0.5366690090755664;[0.5585834355762452;0.6253507001292938;0.7406956115094135;0.8074628760624621];0.7782830943871647;0.25
3015;0.07260114638192272;0.2805898917655362;6;0.5763913343628704;[-0.011483875738491259;0.19650486964512226;0.1566861685023367;0.3646749138859502];0.7684351534926411;0.25
7419;0.5033001678465179;0.1730910900511195;6;0.40494168028846744;[0.4144589861243539;0.08424990832895551;0.5921413495686818;0.2619322717732835];0.7722415783765436;0.25
5006;0.7804138945635841;0.4832534258149964;5;0.45625086047718016;[0.6941662450568915;0.3970057763083038;0.8666615440702767;0.569501075321689];0.7715219734808516;0.25
2753;0.7747572828874959;0.4042718374259151;6;0.4899513849523573;[0.6868437160546428;0.31635827059306193;0.862670849720349;0.4921854042587683];0.7768106431710324;0.25
2121;0.6851848838394037;0.40271310310625696;6;0.40541892550496744;[0.5950976602042376;0.3126258794710909;0.7752721074745698;0.49280032674142304];0.7744665146029974;0.25
9288;0.9783299455201314;0.5836701529243528;6;0.5353557438957942;[0.8913353245251527;0.4966755319293741;1.06532456651511;0.6706647739193314];0.7763374599506855;0.25
6697;0.12911539355276758;0.412813786794059;6;0.4517916557121026;[0.04205158874730468;0.3257499819885961;0.21617919835823046;0.4998775915995219];0.7797013078154119;0.25
8756;0.49934669893434314;0.9428159973389083;5;0.4948155724746158;[0.4089630104095011;0.8524323088140663;0.5897303874591852;1.0331996858637504];0.7677695564326477;0.25
4268;0.6900280599684342;0.4522797645058526;6;0.5516510480084452;[0.605580857667009;0.36783256220442745;0.7744752622698594;0.5367269668072778];0.7714697440431589;0.25
696;0.8502662811675855;0.15058689896925348;6;0.5520104067888048;[0.7629374023428424;0.06325802014451033;0.9375951599923287;0.23791577779399664];0.7684211657776454;0.25
7412;0.5440784558380523;0.7412025309278684;6;0.645571747652236;[0.4579593712743604;0.6550834463641766;0.6301975404017441;0.8273216154915601];0.781736137645195;0.25
457;0.9310675812552429;0.2080845285198184;6;0.6616566663849577;[0.8434768408393777;0.12049378810395316;1.0186583216711083;0.29567526893568363];0.7743357462464543;0.25
6398;0.5346664322395224;0.6223640725226387;6;0.4100774040865287;[0.449059860747301;0.5367575010304173;0.6202730037317438;0.7079706440148601];0.7750154879530511;0.25
3191;0.9351257264286784;0.5823051844950917;6;0.5884809321211008;[0.8434340769311549;0.4906135349975682;1.0268173759262018;0.6739968339926152];0.7737140147379593;0.25
8480;0.3913725966944543;0.9250678321157677;6;0.71382073566071;[0.29971632815404275;0.8334115635753562;0.4830288652348658;1.0167241006561794];0.7809588078512184;0.25
937;0.3615730253459882;0.05064867996627831;6;0.45774771725619934;[0.2748578693269862;-0.03606647605272369;0.44828818136499016;0.1373638359852803];0.7709281402298003;0.25
8071;0.5696240491753504;0.45126962844958135;6;0.5952339608024853;[0.4844300589626189;0.36607563823684997;0.6548180393880818;0.5364636186623127];0.7738380844523851;0.25
5396;0.44128447221945644;0.6040718113490763;6;0.25576920725695984;[0.3604166335052468;0.5232039726348666;0.5221523109336661;0.6849396500632859];0.7812693180842194;0.25
9992;0.9401575668343036;0.20339370675467805;6;0.4428610526197671;[0.8514529679549017;0.11468910787527609;1.0288621657137056;0.29209830563408];0.7755944643236088;0.25
4597;0.5961834126728441;0.37763880105391734;6;0.36607614613791506;[0.5104067343576195;0.2918621227386927;0.6819600909880688;0.46341547936914196];0.7685229650039637;0.25
204;0.1795899571157128;0.14320636109576185;5;0.5667361174938569;[0.08787450710514888;0.05149091108519793;0.2713054071262767;0.23492181110632576];0.7710906875405563;0.25
5217;0.19160506007933542;0.31794061035474896;6;0.6800810957400047;[0.10726499205357434;0.2336005423289879;0.2759451281050965;0.40228067838051007];0.7774944975208111;0.25
9387;0.9072218608831788;0.4300761143038371;6;0.5215454035974129;[0.8206507067958946;0.3435049602165528;0.993793014970463;0.5166472683911214];0.7675561055335695;0.25
5393;0.6534916637910054;0.2435219697180525;6;0.4402874762553886;[0.5677368365629203;0.15776714248996737;0.7392464910190906;0.32927679694613765];0.7743322653973602;0.25
162;0.5941364991317767;0.22254245798737565;6;0.5924580197600176;[0.5068456192746883;0.13525157813028726;0.6814273789888651;0.30983333784446404];0.776876296304436;0.25
2720;0.9846657403385001;0.7526504444672671;6;0.4732858914856558;[0.8988687209345012;0.6668534250632683;1.070462759742499;0.838447463871266];0.7835351863281379;0.25
1135;0.2833104950015335;0.8851626326591958;6;0.4619522146996615;[0.19849092532173557;0.8003430629793978;0.3681300646813314;0.9699822023389938];0.7751053984751783;0.25
503;0.5088994602433246;0.14351680459658572;6;0.6690464524084099;[0.42046126793886246;0.05507861229212363;0.5973376525477867;0.23195499690104782];0.775741360860968;0.25
4501;0.6220666244029496;0.6861200585625253;6;0.4945505125578346;[0.5356009378940099;0.5996543720535856;0.7085323109118893;0.772585745071465];0.7788274135000056;0.25
976;0.907481729350061;0.6910953929094059;6;0.4737942931502544;[0.8221464621637596;0.6057601257231046;0.9928169965363624;0.7764306600957073];0.7627255173491828;0.25
3942;0.5497730699597068;0.27970611215478447;6;0.6056585839773931;[0.46112099167439663;0.19105403386947434;0.6384251482450168;0.3683581904400946];0.7740034594557318;0.25
9642;0.1066603321296361;0.8938215024387772;6;0.3985921345360313;[0.01715693135609786;0.804318101665239;0.19616373290317435;0.9833249032123155];0.7791504175057886;0.25
6455;0.7451485272818075;0.5472730462458727;5;0.6167333004620689;[0.657933590528162;0.46005810949222725;0.8323634640354529;0.6344879829995181];0.7713189520223364;0.25
1014;0.9833980076083233;0.43078223406539484;6;0.6138275482052363;[0.8927812442073016;0.34016547066437314;1.074014771009345;0.5213989974664165];0.7781196903661297;0.25
5678;0.8673303078044808;0.7906997741636629;5;0.45233537670914087;[0.7829123040507564;0.7062817704099384;0.9517483115582053;0.8751177779173873];0.783813800191842;0.25
9559;0.2737064428060789;0.388411179494755;6;0.3442768313990904;[0.1857053170071119;0.300410053695788;0.36170756860504594;0.476412305293722];0.7781649080824781;0.25
4860;0.8858483707507908;0.6567955011303189;6;0.5473792648105242;[0.802405380826622;0.5733525112061502;0.9692913606749596;0.7402384910544877];0.777736849336514;0.25
116;0.8429330799018557;0.4825230026545131;6;0.4621056730546992;[0.7559059003759514;0.39549582312860876;0.9299602594277601;0.5695501821804174];0.7738451916715546;0.25
5472;0.6899744233776639;0.4624931595463453;6;0.4306644253294189;[0.5988599832343098;0.3713787194029911;0.781088863521018;0.5536075996896994];0.7783253922125185;0.25
8081;0.5128960409644188;0.6440382595625391;6;0.5207893846723031;[0.42202904325895035;0.5531712618570708;0.6037630386698871;0.7349052572680075];0.7795663628731553;0.25
3306;0.42755077235794425;0.7702613495942445;6;0.5767946350054733;[0.34050891651345183;0.6832194937497521;0.5145926282024367;0.857303205438737];0.7620406416964887;0.25
8661;0.5393469199996316;0.46488811404518515;6;0.515559342707162;[0.45182554670636055;0.3773667407519141;0.6268682932929026;0.5524094873384562];0.7771939642314277;0.25
4765;0.7497831636492523;0.10817547355606183;6;0.4115938413706788;[0.6603093856237024;0.01870169553051189;0.8392569416748022;0.19764925158161178];0.7791260766669467;0.25
6747;0.7475082098173154;0.04572453647208419;7;0.44584841880731324;[0.6610343268390586;-0.04074934650617257;0.8339820927955721;0.13219841945034094];0.7743523647082157;0.25
1500;0.24554472962345397;0.1758646675835438;6;0.5134112936016023;[0.1575819862778793;0.08790192423796914;0.3335074729690286;0.26382741092911843];0.7648565355681397;0.25
9695;0.9313522384419759;0.9492353831774579;6;0.5189884488328914;[0.8412481061091734;0.8591312508446555;1.0214563707747784;1.0393395155102605];0.7722306005801305;0.25
1970;0.6401242203855222;0.5365552009420043;6;0.6244942485682861;[0.5551706149316793;0.4516015954881613;0.7250778258393651;0.6215088063958472];0.7790132802833032;0.25
6493;0.6070075319466004;0.1226099341497372;6;0.481843325059634;[0.5167913756308051;0.03239377783394194;0.6972236882623957;0.21282609046553247];0.7800498995965425;0.25
3541;0.9471026765456969;0.4588819289167696;6;0.35571779107217044;[0.8577046888359843;0.36948394120705697;1.0365006642554095;0.5482799166264822];0.7755045273266252;0.25
536;0.2860465765950033;0.24313457050692028;6;0.5003747514867466;[0.19738937880987106;0.15447737272178802;0.3747037743801356;0.33179176829205254];0.7744994380693887;0.25
2708;0.6762180128681293;0.19333640865225704;7;0.46383592654907063;[0.5899154066433494;0.10703380242747708;0.7625206190929092;0.279639014877037];0.7721219976541134;0.25
9430;0.9318818547006743;0.4740679814664593;6;0.37601259665917874;[0.8526475109104278;0.39483363767621277;1.011116198490921;0.5533023252567059];0.7672430437699772;0.25
6426;0.13928411831281984;0.19717811863352025;6;0.5305003784105563;[0.0518425581598313;0.10973655848053171;0.22672567846580838;0.2846196787865088];0.7607298257476643;0.25
4260;0.6949719179337618;0.49815861792516813;6;0.5182538424138121;[0.605145892495906;0.40833259248731235;0.7847979433716176;0.5879846433630239];0.7707709538890171;0.25
6202;0.7756979487229072;0.38268993353154057;6;0.5702605617246153;[0.6896213681182163;0.29661335292684965;0.8617745293275981;0.4687665141362315];0.7710829955487244;0.25
9654;0.7631141356708306;0.34717549409487763;6;0.5040099714501833;[0.6763542504601773;0.2604156088842242;0.849874020881484;0.43393537930553105];0.7762004893740729;0.25
4835;0.7704624376754707;0.2186259601090157;6;0.40651466405951187;[0.6788750606135222;0.12703858304706717;0.8620498147374193;0.3102133371709642];0.7745714854015188;0.25
229;0.34419719420773537;0.37783531542160187;6;0.5588988558693629;[0.26012816449255827;0.29376628570642477;0.42826622392291247;0.46190434513677897];0.7701082458463541;0.25
2531;0.73133358965284;0.7089938827124109;6;0.4636185201260421;[0.6469285470727333;0.6245888401323042;0.8157386322329467;0.7933989252925177];0.7853453922099815;0.25
7391;0.7165692119236962;0.21345258805737677;6;0.5710348621652509;[0.6276531094771931;0.12453648561087374;0.8054853143701992;0.3023686905038798];0.7754512360468702;0.25
5137;0.7421068264786991;0.3317534515823914;6;0.5001568118561375;[0.6558283018237459;0.24547492692743822;0.8283853511336523;0.41803197623734456];0.7684726010331275;0.25
6;0.9813263955237005;0.6447079950516401;6;0.6967539372604787;[0.8954659323969818;0.5588475319249214;1.0671868586504192;0.7305684581783588];0.7750597610972995;0.25
4942;0.6649069835562883;0.6573756855021728;6;0.30126113296037327;[0.5725520098724171;0.5650207118183016;0.7572619572401595;0.7497306591860441];0.7723264998256271;0.25
491;0.5626064813018857;0.18142030226023836;6;0.3974845502673923;[0.4786112190970274;0.09742504005538005;0.646601743506744;0.2654155644650967];0.7795802529100193;0.25
7961;0.45124403138763036;0.5864091001433567;6;0.4578650411873435;[0.36238330903109256;0.4975483777868189;0.5401047537441681;0.6752698224998944];0.770804991090941;0.25
2779;0.23556702001513796;0.8249045069449907;6;0.5110287768474382;[0.14580850667042072;0.7351459936002736;0.3253255333598552;0.9146630202897079];0.7783327516565296;0.25
5441;0.3951887982919216;0.2885796339754244;6;0.5456429132830836;[0.3092362366313904;0.2026270723148932;0.48114135995245283;0.37453219563595563];0.7796589637894984;0.25
852;0.8622008700847152;0.4354387849039584;7;0.6378595175511133;[0.7780533808833943;0.35129129570263734;0.9463483592860362;0.5195862741052795];0.7799320451805042;0.25
5714;0.9660543604571639;0.3534998943729607;6;0.47104483835750455;[0.8765795800802175;0.2640251139960143;1.0555291408341103;0.4429746747499071];0.7828578013067546;0.25
1170;0.5426248500542895;0.11539105787332776;6;0.5663230372526905;[0.4599126987004155;0.03267890651945374;0.6253370014081635;0.1981032092272018];0.7698901965658402;0.25
1839;0.26267111998586645;0.8555570109954752;6;0.5704311911961937;[0.1729897374997278;0.7658756285093365;0.3523525024720051;0.9452383934816139];0.7747205565000702;0.25
9324;0.9790937545993879;0.23541183370015029;6;0.6110375469842845;[0.8916942083196446;0.14801228742040703;1.066493300879131;0.3228113799798935];0.7687710026145838;0.25
3696;0.841559805610754;0.5933871609790542;6;0.6008984036742764;[0.7541535330868442;0.5059808884551443;0.9289660781346639;0.6807934335029641];0.7651803218902149;0.25
8481;0.431426518909615;0.017422550221195654;6;0.4236786485044479;[0.34739951394493057;-0.06660445474348874;0.5154535238742993;0.10144955518588004];0.7800657957624542;0.25
6557;0.37542196897815944;0.5726158662187317;6;0.5457036336089158;[0.2891451789368858;0.4863390761774581;0.4616987590194331;0.6588926562600054];0.7684940822537839;0.25
1957;0.8583326482163889;0.5096047694242852;6;0.49136977804974485;[0.775016461075187;0.4262885822830833;0.9416488353575908;0.5929209565654872];0.7818138112826023;0.25
6710;0.32506003968928;0.476234772516971;6;0.4584673094427727;[0.23831764890176438;0.3894923817294554;0.4118024304767956;0.5629771633044867];0.7763762184510498;0.25
9991;0.9547199681910031;0.20858447096566124;5;0.5334307856855849;[0.8684199446005645;0.1222844473752226;1.0410199917814418;0.2948844945560999];0.773582016300778;0.25
2452;0.8792533867546835;0.4817704765589558;6;0.5185449768802787;[0.7926379185756192;0.3951550083798914;0.9658688549337477;0.5683859447380201];0.7821518795375497;0.25
9458;0.5061990431077231;0.3254781621973658;6;0.3937224139340165;[0.4147380988875568;0.2340172179771995;0.5976599873278894;0.4169391064175321];0.7718505440755611;0.25
4098;0.7199800496250329;0.6757929250484955;6;0.6476107956631687;[0.6299157870301001;0.5857286624535627;0.8100443122199658;0.7658571876434284];0.7736968727089883;0.25
8772;0.9246515122009328;0.255286074222523;6;0.49947214983204763;[0.8371380770841718;0.16777263910576196;1.012164947317694;0.342799509339284];0.7712038297176973;0.25
5507;0.8427007290845318;0.5701159186029333;6;0.5339048178922421;[0.7559111149838467;0.48332630450224817;0.9294903431852168;0.6569055327036184];0.7812520299511785;0.25
4432;0.46258344895319875;0.3194247668485296;6;0.6132332710177144;[0.3738794406247587;0.23072075852008955;0.5512874572816389;0.40812877517696966];0.7791402343747859;0.25
98;0.930785312259825;0.9741936064643841;6;0.6358659078030514;[0.8442418558369972;0.8876501500415563;1.0173287686826529;1.060737062887212];0.7720593257769002;0.25
5862;0.8820848764597744;0.5597934221884899;6;0.4933479343363614;[0.7924610630844047;0.4701696088131202;0.9717086898351441;0.6494172355638597];0.7706205244572008;0.25
3393;0.677272623442388;0.5422738793236904;6;0.6124377646712644;[0.5905380938826627;0.45553934976396504;0.7640071530021134;0.6290084088834158];0.7688988056854391;0.25
8840;0.377095838601161;0.5753361751712901;6;0.2602312459257792;[0.2862296469872464;0.48446998355737547;0.46796203021507565;0.6662023667852047];0.7801762265103348;0.25
9975;0.5079447118053191;0.20084528351199066;6;0.3041399844552338;[0.42049808031680885;0.11339865202348041;0.5953913432938294;0.2882919150005009];0.7661386925396206;0.25
8198;0.8900307473751509;0.10719674844443772;6;0.5944620074845288;[0.8060139976726733;0.023179998741960237;0.9740474970776284;0.19121349814691518];0.7744623425149169;0.25
3058;0.9687503158600952;0.4438556154227085;6;0.4898818961639293;[0.8781592392346397;0.353264538797253;1.0593413924855506;0.5344466920481641];0.7723088711852082;0.25
9769;0.8112072885724531;0.7377729120185199;6;0.501196349258335;[0.7266189285126903;0.6531845519587571;0.8957956486322158;0.8223612720782827];0.772824387028579;0.25
2617;0.19686701095547887;0.8579885836795855;6;0.5618038866869245;[0.10780548021305557;0.7689270529371622;0.28592854169790216;0.9470501144220088];0.7845036952549496;0.25
9681;0.682590180484634;0.201104649019612;6;0.5080516228853955;[0.5987613452068071;0.11727581374178511;0.766419015762461;0.2849334842974389];0.7833884481104347;0.25
1992;0.9753594218059869;0.6569875260772311;6;0.535858458213399;[0.8903271843285872;0.5719552885998314;1.0603916592833866;0.7420197635546308];0.776251939732997;0.25
9143;0.8253284476825713;0.38452975005422196;6;0.5817983385950862;[0.7374313114857157;0.2966326138573664;0.9132255838794269;0.47242688625107754];0.777011631720181;0.25
6218;0.9542224661742501;0.13988977387137574;6;0.4806731277559644;[0.8696702074603851;0.05533751515751076;1.0387747248881152;0.22444203258524073];0.7610895345316084;0.25
1769;0.45263240190954174;0.9650920928213489;6;0.3188741746425625;[0.36254474187111246;0.8750044327829196;0.542720061947971;1.0551797528597782];0.7709718228887326;0.25
