6160;0.6031876869938233;0.7108109798124064;6;0.5271827611669047;[0.5210052576053222;0.6286285504239053;0.6853701163823244;0.7929934092009074];0.780858159550316;0.25
9549;0.7420268566744319;0.6704318128962903;6;0.5630299112750945;[0.6560229400439974;0.5844278962658558;0.8280307733048664;0.7564357295267248];0.7794970370863229;0.25
867;0.7181609409189467;0.1591618206693134;5;0.607626717442664;[0.6323031885694841;0.07330406831985087;0.8040186932684092;0.24501957301877592];0.7717449435076775;0.25
8252;0.45813652320164233;0.9802225970961326;6;0.44690476292303166;[0.36769359536143564;0.8897796692559259;0.548579451041849;1.0706655249363393];0.7788601332058043;0.25
5439;0.1911457221096734;0.9113045175759531;6;0.6071754829521325;[0.10282412312327494;0.8229829185895546;0.27946732109607186;0.9996261165623516];0.7647410461440837;0.25
7378;0.498656553807116;0.8989295305903031;6;0.5654128229281572;[0.40745925060140853;0.8077322273845957;0.5898538570128234;0.9901268337960105];0.7908685043169668;0.25
4258;0.6642618884530112;0.6204206798645577;5;0.5839195998469088;[0.5826036818960758;0.5387624733076224;0.7459200950099465;0.7020788864214931];0.7748853266018894;0.25
8170;0.42334361277088145;0.6098149515816043;6;0.32812550385630557;[0.34021652717423156;0.5266878659849544;0.5064706983675313;0.6929420371782541];0.7692071217561944;0.25
4077;0.1336540996003257;0.22417137969265055;6;0.4211447961074562;[0.04340159600941046;0.1339188761017353;0.22390660319124095;0.3144238832835658];0.7771481459562637;0.25
836;0.24589878564830503;0.7921395050004448;6;0.4356172405975584;[0.1583634546798886;0.7046041740320284;0.33343411661672145;0.8796748359688613];0.7710088730162158;0.25
4885;0.5436492732883084;0.9596284833914852;6;0.4895471094059769;[0.4563748460308681;0.8723540561340449;0.6309237005457486;1.0469029106489254];0.7751963553711861;0.25
1908;0.7496430598438757;0.3992076511692121;6;0.3570692937606368;[0.6683531928558524;0.31791778418118877;0.830932926831899;0.4804975181572354];0.7674577769076231;0.25
4884;0.5509916940742147;0.49759767452068676;6;0.49235665959181585;[0.46442145088435316;0.4110274313308252;0.6375619372640762;0.5841679177105483];0.7709303074088608;0.25
2434;0.5373975331423315;0.8884171895370423;6;0.5909479092333985;[0.4493426682699981;0.8003623246647089;0.6254523980146649;0.9764720544093757];0.7739739239178971;0.25
4133;0.6057569319109141;0.8309368251697852;7;0.4086891903390205;[0.5188923119251051;0.7440722051839762;0.692621551896723;0.9178014451555941];0.7747351237353677;0.25
1115;0.991978920673233;0.7787247880028313;6;0.4372598709351678;[0.9064802225766758;0.6932260899062741;1.0774776187697903;0.8642234860993885];0.7768660126310417;0.25
8563;0.005780026196208876;0.7981747405366222;6;0.6161740883531608;[-0.08443656260260438;0.707958151737809;0.09599661499502213;0.8883913293354354];0.7679212456753112;0.25
8315;0.2329776080350452;0.3767494995211734;6;0.6479857030284188;[0.14636766118211958;0.2901395526682478;0.3195875548879708;0.46335944637409904];0.7802528504201094;0.25
6295;0.3892159804285138;0.4865261682509591;7;0.38818131748326795;[0.3023502010010983;0.3996603888235436;0.4760817598559293;0.5733919476783746];0.7679026488000633;0.25
1143;0.3656179937863608;0.9047248213651891;6;0.5919462333046044;[0.27894685693462196;0.8180536845134503;0.4522891306380996;0.9913959582169278];0.7655085901529418;0.25
6022;0.5652797363268082;0.23625078629475715;6;0.5907003165454154;[0.4817412905714755;0.1527123405394245;0.6488181820821408;0.3197892320500898];0.765569520874856;0.25
2368;0.1244010677808387;0.9622474598509695;6;0.6325839872817983;[0.035986050112382775;0.8738324421825135;0.21281608544929465;1.0506624775194253];0.77535553911356;0.25
7172;0.8908416037831274;0.9679690062302525;6;0.607465645315417;[0.8037967376374777;0.8809241400846028;0.977886469928777;1.0550138723759022];0.7740260952896231;0.25
1477;0.4982453583963191;0.33138202262327765;6;0.38449757758645847;[0.41189558309686636;0.2450322473238249;0.5845951336957719;0.4177317979227304];0.7881373046225929;0.25
9496;0.545637900504679;0.6529840571501873;6;0.5581870871424185;[0.4602939070828821;0.5676400637283904;0.6309818939264759;0.7383280505719841];0.7767312406918805;0.25
1914;0.5180671983332747;0.8473752955144693;6;0.5916131758058912;[0.4306891808619855;0.7599972780431801;0.605445215804564;0.9347533129857586];0.7713802677494656;0.25
5031;0.6411644235383841;0.7936058496600951;6;0.6449043210059118;[0.5520180606253349;0.7044594867470458;0.7303107864514333;0.8827522125731443];0.7695790169262378;0.25
320;0.708079692337176;0.34325352488971894;6;0.6151893421195251;[0.6216976091303356;0.25687144168287845;0.7944617755440165;0.42963560809655943];0.7754671448521945;0.25
5060;0.9519587851993888;0.7062142545630022;6;0.40193341096744806;[0.8645813661914333;0.6188368355550468;1.0393362042073444;0.7935916735709577];0.7810963944102831;0.25
8225;0.9300295037126918;0.4334501443245736;6;0.4634915910535673;[0.8430529718668427;0.34647361247872455;1.0170060355585409;0.5204266761704227];0.7748064203234077;0.25
5314;0.34433743400314887;0.5215932421030094;6;0.4183793760363878;[0.254674485613429;0.4319302937132895;0.43400038239286876;0.6112561904927293];0.7780685753065395;0.25
708;0.32400508922647675;0.6754045154938182;6;0.5194909926113166;[0.2376908745096265;0.5890903007769679;0.410319303943327;0.7617187302106685];0.7760294404098725;0.25
5608;0.4934547093194616;0.9269240282301013;6;0.4561325521359441;[0.40267321905819026;0.83614253796883;0.584236199580733;1.0177055184913728];0.7782355361784561;0.25
1017;0.6830696947595707;0.7539933441147214;6;0.43258368977721456;[0.594587555562105;0.6655112049172557;0.7715518339570364;0.8424754833121871];0.7690707805749275;0.25
8184;0.7098735760892718;0.3702048263610046;6;0.4273433109010315;[0.6251361983387163;0.28546744861044904;0.7946109538398274;0.45494220411156017];0.7701284769940524;0.25
1893;0.8673102061364559;0.786254707953795;7;0.6350441128008577;[0.7814238250664685;0.7003683268838076;0.9531965872064434;0.8721410890237825];0.772718063128464;0.25
3535;0.7059128673627838;0.13680181248533585;6;0.3068155929833223;[0.6225392564194767;0.05342820154202872;0.7892864783060909;0.220175423428643];0.7680345023626183;0.25
942;0.8969662894523178;0.4541856809528334;6;0.41267491042286797;[0.8071156999657877;0.3643350914663033;0.986816878938848;0.5440362704393635];0.7851139291468594;0.25
8101;0.7659016677719505;0.7889493178751378;6;0.5004673028337309;[0.678577335643164;0.7016249857463513;0.8532259999007369;0.8762736500039242];0.7794418389654224;0.25
1006;0.6888738903142376;0.4254852148827458;6;0.534923819268741;[0.6025511482779919;0.3391624728465002;0.7751966323504833;0.5118079569189915];0.7680132568668926;0.25
8290;0.37882197816007374;0.5241009639115379;6;0.3164614812070502;[0.2886865973680462;0.4339655831195104;0.4689573589521013;0.6142363447035655];0.7796758340021441;0.25
5108;0.5553906824616994;0.8061903517429557;6;0.47311202618404363;[0.468914658243314;0.7197143275245703;0.6418667066800848;0.8926663759613411];0.7768322183755563;0.25
9210;0.9283399429852549;0.9064318635087902;6;0.5030563770246751;[0.8367955217687211;0.8148874422922564;1.0198843642017887;0.9979762847253241];0.7745450375670263;0.25
4153;0.46438896307768285;0.23861973231743916;6;0.5515463491159986;[0.38084103315695267;0.15507180239670898;0.547936892998413;0.32216766223816934];0.7699259304811177;0.25
6988;0.7900355772464789;0.6273575478536757;6;0.4677279382553656;[0.7055656891481208;0.5428876597553176;0.874505465344837;0.7118274359520338];0.7703289432053428;0.25
4914;0.5940569393674021;0.7139897647768889;6;0.5082769235149719;[0.502224519721999;0.6221573451314858;0.6858893590128052;0.805822184422292];0.7739459573539813;0.25
8919;0.2637635525090999;0.90644136805809;6;0.5910486398902892;[0.18204719513999346;0.8247250106889835;0.3454799098782063;0.9881577254271964];0.7698831063494963;0.25
2014;0.4094893140292039;0.7570852695485067;6;0.43082618885586244;[0.32383885147483393;0.6714348069941368;0.4951397765835739;0.8427357321028767];0.7734217611625466;0.25
1486;0.626884632041974;0.9013312623137487;6;0.4487860426792752;[0.5370864161475862;0.811533046419361;0.7166828479363617;0.9911294782081365];0.7827547561554611;0.25
6381;0.8783356898168905;0.9210083689708579;7;0.4507724274043792;[0.7937065875822522;0.8363792667362197;0.9629647920515287;1.005637471205496];0.7730367815456498;0.25
527;0.22111102900347668;0.8270271471901303;5;0.47591642614341106;[0.13715039224604886;0.7430665104327024;0.3050716657609045;0.9109877839475581];0.7718971236696941;0.25
7422;0.5033615775516546;0.9336790264284897;6;0.6591398150300706;[0.41371661115114033;0.8440340600279754;0.5930065439521688;1.0233239928290039];0.7791819432426706;0.25
63;0.2961024438783607;0.8312789628746308;6;0.580138235141077;[0.2082782037360564;0.7434547227323265;0.383926684020665;0.919103203016935];0.770396438408989;0.25
6979;0.2647018611324422;0.38326861611872054;6;0.5911297304329286;[0.17227862488517665;0.290845379871455;0.35712509737970777;0.4756918523659861];0.7753042712107409;0.25
1346;0.34737821314845324;0.7588181402800868;6;0.6231179352353136;[0.255522410937982;0.6669623380696155;0.4392340153589245;0.850673942490558];0.7831122907533887;0.25
8928;0.23082977911657665;0.11744560692324924;6;0.31572455031303936;[0.14664348005951003;0.033259307866182614;0.3150160781736433;0.20163190598031586];0.7832410991585098;0.25
2110;0.34288239701832324;0.8851932642224656;6;0.6559284486625154;[0.25728958250955075;0.7996004497136932;0.4284752115270957;0.970786078731238];0.7811394772494328;0.25
4816;0.8779441847501074;0.9838024785482594;6;0.5101793989751328;[0.7913600246039303;0.8972183184020823;0.9645283448962845;1.0703866386944365];0.7807398795122571;0.25
9232;0.7756415830613492;0.831586269857628;6;0.5048585521333272;[0.6907403468991278;0.7466850336954065;0.8605428192235707;0.9164875060198494];0.7686319917885979;0.25
9733;0.4047970273311387;0.7870011925526208;6;0.47135828248803135;[0.31165442937383536;0.6938585945953174;0.49793962528844204;0.8801437905099242];0.7771933832162895;0.25
5744;0.8372943432845945;0.7732631975618941;6;0.5515235738018338;[0.7528995635410903;0.6888684178183899;0.9216891230280987;0.8576579773053983];0.7741364805912452;0.25
6328;0.9072684845468878;0.5936398641206038;6;0.4765642216975597;[0.8200456973425272;0.5064170769162432;0.9944912717512484;0.6808626513249644];0.7764996313214803;0.25
3255;0.3182017201195836;0.7907980554361861;7;0.4838730670471157;[0.2276830459373368;0.7002793812539393;0.4087203943018304;0.8813167296184329];0.7798152989186904;0.25
341;0.6215809900984826;0.2175218183066585;6;0.5322753654385125;[0.5343930496357108;0.13033387784388678;0.7087689305612543;0.30470975876943024];0.7736627087552274;0.25
7780;0.3105385441440511;0.40638267145551143;6;0.4132020500417779;[0.22585631050542454;0.3217004378168849;0.3952207777826776;0.49106490509413797];0.776682838095542;0.25
9575;0.5286869552188074;0.4044215294584538;6;0.543576360840042;[0.44461814716427467;0.32035272140392107;0.6127557632733401;0.4884903375129865];0.779515358554405;0.25
6154;0.3277317172068395;0.9039442953406454;6;0.5574365362513778;[0.2399591398754038;0.8161717180092096;0.41550429453827525;0.9917168726720811];0.77223510149429;0.25
2638;0.6794925908358185;0.8734465936865506;5;0.5885956397166575;[0.5915710347758991;0.7855250376266313;0.7674141468957378;0.96136814974647];0.7652053534427307;0.25
9233;0.7507107901134056;0.9999745596954767;6;0.5070053302148115;[0.6634496229056843;0.9127133924877554;0.8379719573211268;1.0872357269031978];0.7733061271149334;0.25
1576;0.9278041973421547;0.7656461607412076;5;0.572230060583998;[0.8362531777632106;0.6740951411622635;1.0193552169210989;0.8571971803201517];0.7711233005652154;0.25
8513;0.8125143658160199;0.9181370986633349;6;0.398355117027539;[0.7282662218832654;0.8338889547305804;0.8967625097487744;1.0023852425960895];0.7739419418297175;0.25
3600;0.9466517270957905;0.8938053552423436;6;0.44270275267398596;[0.8561290210720462;0.8032826492185994;1.0371744331195347;0.9843280612660879];0.7729067480768248;0.25
769;0.31633877655241954;0.8049876147495542;6;0.5652337543260684;[0.22987226646481737;0.718521104661952;0.4028052866400217;0.8914541248371564];0.7724115495511293;0.25
3164;0.9800511111581102;0.3103592441227394;6;0.5018386801954888;[0.8943997551215879;0.22470788808621717;1.0657024671946325;0.39601060015926165];0.7670813872419969;0.25
352;0.15100748683274579;0.9722944099935703;6;0.40170334214315834;[0.06318981153323555;0.8844767346940601;0.23882516213225602;1.0601120852930805];0.7760803498823757;0.25
4869;0.9175983086173258;0.5479595191985475;6;0.4828709011530199;[0.8366905709427945;0.4670517815240161;0.9985060462918571;0.6288672568730789];0.7737328800299669;0.25
2176;0.9364058690883736;0.8973999384534677;6;0.6284367181575798;[0.8515861612333001;0.8125802305983941;1.0212255769434473;0.9822196463085412];0.781107223248787;0.25
6432;0.22162973517074636;0.8123805057508849;5;0.5291390831676765;[0.13393872228039283;0.7246894928605314;0.3093207480610999;0.9000715186412385];0.7837123419170897;0.25
7589;0.4905713474739489;0.44016465959797246;6;0.7789462922240642;[0.4039885996689733;0.35358191179299686;0.5771540952789245;0.526747407402948];0.774569976705215;0.25
4851;0.25946261894742184;0.10421358045568252;6;0.6322679928162196;[0.1740747359992827;0.01882569750754337;0.344850501895561;0.18960146340382167];0.7681679347133723;0.25
9031;0.6618678012121736;0.6149355855541299;6;0.5217473805207368;[0.5742951077191085;0.5273628920610649;0.7494404947052387;0.7025082790471948];0.7737735587224026;0.25
6249;0.04340403598257481;0.9572258432076031;6;0.5188957641722398;[-0.044876036438733696;0.8689457707862945;0.1316841084038833;1.0455059156289115];0.7702674574552189;0.25
8892;0.46803773670285675;0.7799406144006287;6;0.6796326416335405;[0.380065121734199;0.691967999431971;0.5560103516715145;0.8679132293692864];0.780786930520882;0.25
5357;0.629008656940451;0.6272051580744653;6;0.4469157610309905;[0.5390443865976512;0.5372408877316655;0.7189729272832509;0.7171694284172652];0.7798074439609541;0.25
2516;0.5380411396329681;0.9645648180275552;6;0.5274143336058221;[0.4515062053485032;0.8780298837430903;0.624576073917433;1.05109975231202];0.7734794661488218;0.25
164;0.05415478829464626;0.8636309213488564;6;0.34349974181817516;[-0.032878259432520235;0.77659787362169;0.14118783602181276;0.9506639690760229];0.7791608863922137;0.25
3779;0.8640970487860112;0.2595599828638382;6;0.6968221421552842;[0.7751667115029152;0.17062964558074217;0.9530273860691073;0.3484903201469342];0.7740090270741902;0.25
7098;0.30894122062807633;0.052668135749012635;6;0.5604836489138459;[0.21843580145571495;-0.037837283423348744;0.3994466398004377;0.143173554921374];0.7777661454393956;0.25
4896;0.8716312930901073;0.8598630914604867;6;0.6330577459964828;[0.7838448100725075;0.7720766084428868;0.9594177761077072;0.9476495744780865];0.7716551042378481;0.25
8363;0.6559549079827944;0.7198609013686172;6;0.4283463252697084;[0.5727547417052303;0.6366607350910531;0.7391550742603585;0.8030610676461813];0.7759197221689416;0.25
5351;0.7418130959651514;0.20623763264686268;6;0.48946916343659574;[0.6505636870971787;0.1149882237788899;0.8330625048331242;0.29748704151483546];0.7715236748373915;0.25
7854;0.6745301400913145;0.8042113638602737;6;0.4944311471979944;[0.5860297472714822;0.7157109710404413;0.7630305329111469;0.892711756680106];0.781567474429931;0.25
5773;0.8898335705264374;0.14152739032119932;6;0.7042375332021232;[0.8016969851114477;0.05339080490620968;0.9779701559414271;0.22966397573618896];0.7745450093566475;0.25
230;0.6008290036771295;0.8313238903927422;6;0.49087046869180034;[0.5128929863948973;0.74338787311051;0.6887650209593618;0.9192599076749745];0.7767707279207241;0.25
7513;0.9980767636432943;0.8083308755902467;6;0.5984642501043193;[0.9103880498051861;0.7206421617521385;1.0857654774814027;0.896019589428355];0.783484331325275;0.25
9763;0.7775769201879095;0.8534027009138025;6;0.5170915340983151;[0.6886940446919322;0.7645198254178253;0.8664597956838868;0.9422855764097798];0.7731006413896658;0.25
1493;0.9663374490902479;0.6768467355906932;7;0.5035345886890302;[0.8825074358855893;0.5930167223860346;1.0501674622949064;0.7606767487953517];0.7777028654066483;0.25
6986;0.9593619322480726;0.03523672803101707;6;0.39850702005766514;[0.8727092940120552;-0.05141591020500036;1.0460145704840902;0.1218893662670345];0.7740999425550347;0.25
7284;0.5139805491227629;0.6955627344767578;6;0.3868646998720484;[0.42678619816950636;0.6083683835235012;0.6011749000760195;0.7827570854300143];0.7756016203439603;0.25
4635;0.3608767861942186;0.8585688421589871;6;0.5110269188296076;[0.2733979242299909;0.7710899801947594;0.4483556481584463;0.9460477041232148];0.7652123852525377;0.25
4784;0.5669913458192105;0.8771868328251805;6;0.3543831540773501;[0.47714675262002365;0.7873422396259937;0.6568359390183973;0.9670314260243673];0.7675079977336414;0.25
1305;0.5365974118499535;0.3134905738532552;6;0.5187542176298567;[0.4509046261147178;0.22779778811801954;0.6222901975851891;0.3991833595884908];0.7777731305504157;0.25
5754;0.8293441866626169;0.18482338078164318;7;0.4823579395579761;[0.7391141500507887;0.09459334416981498;0.919574223274445;0.2750534173934714];0.7728855864120701;0.25
4294;0.6487429734506901;0.4900531300326083;6;0.3200937467881575;[0.5617674596235387;0.4030776162054569;0.7357184872778415;0.5770286438597597];0.7797183350678498;0.25
6748;0.5136062232899761;0.8723103061193961;6;0.44800500503991747;[0.42910178455088827;0.7878058673803083;0.5981106620290638;0.9568147448584838];0.7720211106824181;0.25
3727;0.4526187779244367;0.8823992522659493;6;0.5683757783795724;[0.3680074974106692;0.7977879717521817;0.5372300584382043;0.9670105327797168];0.7734654422726677;0.25
8830;0.9840252627202624;0.5837950794488034;6;0.435638277263106;[0.8980961543471847;0.49786597107572567;1.0699543710933401;0.669724187821881];0.7773711940746522;0.25
9434;0.3665176353530637;0.2107772501180425;6;0.6268871372907902;[0.2742247048599384;0.11848431962491716;0.458810565846189;0.3030701806111678];0.7802558175276654;0.25
6077;0.6262119719064428;0.9531814755371216;6;0.5297979260218966;[0.5370184693051598;0.8639879729358386;0.7154054745077258;1.0423749781384046];0.7830807008696783;0.25
2740;0.4717554193801161;0.4942540875222678;6;0.6922979258236706;[0.3858886202664514;0.40838728840860306;0.5576222184937809;0.5801208866359325];0.7643485616344637;0.25
1109;0.7764226282782795;0.9957152812382943;6;0.6432888990674255;[0.6888725263506517;0.9081651793106666;0.8639727302059073;1.083265383165922];0.7784639725556967;0.25
1091;0.7711944291813049;0.6973089213953366;6;0.34178841461872567;[0.6811069794746953;0.6072214716887271;0.8612818788879144;0.7873963711019462];0.7726741768381415;0.25
7955;0.22885853441677784;0.9970423400105779;6;0.6091589092079895;[0.14146998265970756;0.9096537882535076;0.3162470861738481;1.0844308917676482];0.7689190205855905;0.25
4528;0.895102991102654;0.5083675412104968;6;0.5049948160939506;[0.8057569782552803;0.419021528363123;0.9844490039500278;0.5977135540578705];0.7729937108552216;0.25
1370;0.7123808706727073;0.9931664284822723;6;0.5914486917655809;[0.6249021070845875;0.9056876648941525;0.7998596342608271;1.0806451920703921];0.7773884811618382;0.25
2017;0.6068615074774345;0.9737505265982234;6;0.24981566518687587;[0.5168926807724309;0.8837816998932198;0.6968303341824381;1.063719353303227];0.7766045935442066;0.25
8137;0.5674103155085347;0.7427270506049335;6;0.5646899280177295;[0.4876493921607872;0.662966127257186;0.6471712388562822;0.822487973952681];0.7806072103713368;0.25
5735;0.5421656710612437;0.122367083369888;6;0.29592713127282344;[0.4564979038621909;0.036699316170835244;0.6278334382602965;0.20803485056894075];0.7749905817331956;0.25
8302;0.4053093579184639;0.6017072482631187;7;0.5226072399331414;[0.31710461670644763;0.5135025070511025;0.49351409913048017;0.689911989475135];0.7704640741900287;0.25
6611;0.9547159531688745;0.09053077344554639;6;0.5493731480612338;[0.8675875421350577;0.0034023624117296702;1.041844364202691;0.1776591844793631];0.7699353141842878;0.25
2221;0.7940942447938945;0.8709895250608437;6;0.5702093542228589;[0.7076476585800543;0.7845429388470035;0.8805408310077346;0.9574361112746839];0.782050786896726;0.25
7134;0.9987452613605451;0.5471691420693932;6;0.31150821105635396;[0.9112545904866066;0.4596784711954547;1.0862359322344837;0.6346598129433316];0.7790390211112491;0.25
9046;0.7815565127365562;0.8206749712067453;6;0.4621197446188086;[0.6935925344699289;0.7327109929401179;0.8695204910031836;0.9086389494733726];0.7692404117388;0.25
4551;0.3953073501720971;0.2157690620545395;6;0.6860459649090047;[0.3111573745688031;0.13161908645124548;0.47945732577539113;0.2999190376578335];0.7687633354728625;0.25
7603;0.864915807610128;0.6347899780325345;6;0.6048309053995162;[0.7735361575406977;0.5434103279631042;0.9562954576795583;0.7261696281019647];0.7832061919838482;0.25
5289;0.33326019057975004;0.8747206665022424;6;0.4012329472177443;[0.2495812892817615;0.7910417652042538;0.4169390918777386;0.9583995678002311];0.7730805281179953;0.25
9459;0.96181803486133;0.8808593776757567;6;0.4623759604607032;[0.8725994456956889;0.7916407885101155;1.051036624026971;0.9700779668413979];0.7824179890159931;0.25
5844;0.9693117238579011;0.756609260089018;6;0.4262683927490997;[0.8782499227910787;0.6655474590221955;1.0603735249247235;0.8476710611558405];0.7860848816347777;0.25
9492;0.21611597644566283;0.9058313000823975;5;0.5472684229200742;[0.1295526025544655;0.8192679261912001;0.30267935033686016;0.9923946739735949];0.7751663178917749;0.25
4011;0.9407783946284929;0.5321278666359359;6;0.29931067287940416;[0.8531186509039324;0.4444681229113754;1.0284381383530534;0.6197876103604965];0.7692393769189607;0.25
3103;0.45006601209909375;0.6593085590713673;6;0.3498745365898418;[0.3586639112662266;0.5679064582385002;0.541468112931961;0.7507106599042345];0.7730675239648774;0.25
7334;0.06071700447832373;0.6478794798172142;6;0.37727632272395084;[-0.02886737567645975;0.5582950996624307;0.15030138463310722;0.7374638599719976];0.768934054825964;0.25
2758;0.5709410115338671;0.580160210623645;6;0.5204606144200802;[0.47692991888013453;0.4861491179699124;0.6649521041875996;0.6741713032773775];0.7832747561067601;0.25
4246;0.38863591855430085;0.836676358235923;6;0.5832140993662;[0.30235784691634937;0.7503982865979715;0.47491399019225233;0.9229544298738745];0.7822149202584615;0.25
1223;0.4792427426883099;0.9866588463670111;6;0.680874815643391;[0.39258067127692764;0.8999967749556288;0.5659048140996922;1.0733209177783933];0.7703739975077579;0.25
9447;0.5055760496998641;0.9795205060702851;6;0.5628689261391459;[0.4188615703334707;0.8928060267038916;0.5922905290662576;1.0662349854366786];0.7771353853258396;0.25
4457;0.9442237352793306;0.6581941136538472;6;0.3176869555010264;[0.8581763394684854;0.572146717843002;1.0302711310901758;0.7442415094646924];0.7750064905934301;0.25
4487;0.8315478583270661;0.9819868577462593;6;0.6563036781791091;[0.7450880038971079;0.8955270033163012;0.9180077127570243;1.0684467121762173];0.7761822221777631;0.25
9250;0.7104297402324945;0.9390098811005947;6;0.3654943727227481;[0.6287887846300777;0.8573689254981779;0.7920706958349113;1.0206508367030116];0.769302592589218;0.25
6817;0.7906782738942743;0.8173912567737542;6;0.4649368187067697;[0.7053242416798438;0.7320372245593237;0.8760323061087048;0.9027452889881847];0.7764796507820642;0.25
1059;0.14381323329651363;0.49824685406759245;6;0.46045006633945085;[0.058344100522917094;0.4127777212939959;0.22928236607011016;0.583715986841189];0.7787151022108838;0.25
8646;0.5391595695869602;0.8365140978168333;6;0.5123780954380656;[0.45381320197828917;0.7511677302081623;0.6245059371956312;0.9218604654255043];0.7715845365839404;0.25
1525;0.650526182490172;0.4441596198127198;6;0.6150977071828472;[0.562601145204649;0.35623458252719675;0.7384512197756951;0.5320846570982428];0.7780054447415399;0.25
8906;0.4673096313195428;0.6492740724140074;7;0.5156279071204293;[0.37794409583619015;0.5599085369306548;0.5566751668028954;0.7386396078973599];0.7756114337143355;0.25
9750;0.2923404231455722;0.22148007450356066;6;0.5485665762365308;[0.20403456768838135;0.13317421904636983;0.380646278602763;0.3097859299607515];0.7749308847110719;0.25
7588;0.7987285387571991;0.09108358018325768;6;0.282251384924576;[0.7119270144791233;0.004282055905181936;0.8855300630352748;0.17788510446133343];0.7717733708795648;0.25
1887;0.8173815236383868;0.6289305448000602;6;0.5903340143389474;[0.736006199305942;0.5475552204676154;0.8987568479708316;0.7103058691325049];0.7779168959640039;0.25
489;0.36819682481353677;0.5736144608310791;6;0.5513305278267697;[0.2797499658473432;0.48516760186488556;0.45664368377973036;0.6620613197972728];0.7742918444159852;0.25
9793;0.2798214100126183;0.8478882726994654;5;0.37811215094626327;[0.19544883819103012;0.7635157008778772;0.3641939818342065;0.9322608445210536];0.7734893243913082;0.25
7217;0.8473329590756129;0.1313704664686257;6;0.4953816332454836;[0.7616366473837147;0.045674154776727566;0.9330292707675111;0.21706677816052386];0.7783567819563108;0.25
4399;0.6887645054898428;0.0725978764260754;7;0.42793804040063843;[0.6019291015509123;-0.014237527512855064;0.7755999094287733;0.15943328036500587];0.7856378843393592;0.25
6132;0.9530428968133631;0.7849854152262209;6;0.43658734832058743;[0.8640736960513209;0.6960162144641788;1.0420120975754052;0.873954615988263];0.7651027114281049;0.25
3766;0.4032697411378717;0.6032738611027318;5;0.2749336039876177;[0.31573134751108095;0.5157354674759411;0.4908081347646624;0.6908122547295226];0.7615892039539712;0.25
6104;0.9911828288873817;0.9200587176927553;6;0.49863124390317853;[0.9039047393100562;0.8327806281154297;1.0784609184647072;1.0073368072700808];0.7753466749755503;0.25
3055;0.42759574956895874;0.7723205761744729;6;0.5532977949530993;[0.3379050035685368;0.682629830174051;0.5172864955693807;0.8620113221748948];0.7712488561177329;0.25
8063;0.16138327498146532;0.9640170386652335;6;0.4364108658308242;[0.07532286102752092;0.8779566247112891;0.24744368893540972;1.0500774526191778];0.7722107476209172;0.25
5951;0.11578947219627866;0.7003720534538165;6;0.6270260088750393;[0.025365966406914214;0.6099485476644521;0.20621297798564311;0.7907955592431809];0.7683723354372768;0.25
8178;0.8453948695501982;0.6921381146912875;6;0.41402576119993056;[0.7557680004685408;0.60251124560963;0.9350217386318556;0.781764983772945];0.7834730525717775;0.25
569;0.5843050329606566;0.3941706006936897;6;0.44463822619387505;[0.4950036883595279;0.304869256092561;0.6736063775617853;0.4834719452948184];0.7787894642883335;0.25
7523;0.5124205292150623;0.7934235559387951;6;0.5352514765684606;[0.4243538933689762;0.705356920092709;0.6004871650611484;0.8814901917848812];0.7708611730404693;0.25
3095;0.5382516303020288;0.4996727118025718;6;0.4642483065038863;[0.451822328392661;0.41324340989320396;0.6246809322113966;0.5861020137119396];0.7715824944805888;0.25
7896;0.7388389865763673;0.5116368812760226;6;0.46975568622040154;[0.6518380890912033;0.42463598379085865;0.8258398840615312;0.5986377787611865];0.773040191354482;0.25
3052;0.9572302177165555;0.883367353597379;6;0.5613632677066092;[0.8654517982334871;0.7915889341143105;1.049008637199624;0.9751457730804474];0.7693160932922344;0.25
9450;0.9516493268993409;0.8298620159513332;6;0.559414329760693;[0.8617572170612016;0.7399699061131939;1.0415414367374802;0.9197541257894726];0.7710602650803123;0.25
2621;0.3841752636718861;0.8136207945240689;7;0.476266917314144;[0.29790807246105777;0.7273536033132406;0.4704424548827144;0.8998879857348971];0.7761211739278879;0.25
9699;0.3319170423693689;0.9909443310288872;5;0.46312257740030144;[0.24195847216466132;0.9009857608241796;0.4218756125740765;1.080902901233595];0.77686723712392;0.25
4565;0.5976784510613087;0.5520538199489291;6;0.3208431548321813;[0.5104301829298507;0.4648055518174711;0.6849267191927667;0.6393020880803871];0.7672923729873596;0.25
2129;0.9132444941183266;0.46501421698552964;6;0.33386912587568424;[0.8280238448056533;0.3797935676728562;0.998465143431;0.5502348662982031];0.7786099491890077;0.25
6553;0.9553045934750106;0.9869300708779041;6;0.6521882678765663;[0.8690987396268935;0.900724217029787;1.0415104473231276;1.073135924726021];0.7740224265249613;0.25
6926;0.6863532533810719;0.08726222800590072;6;0.5869158419103265;[0.5992545364002826;1.6351102511144577E-4;0.7734519703618612;0.17436094498669];0.7824707705908494;0.25
7381;0.3667408774405405;0.6398174347763553;6;0.6734355537308175;[0.2801140636434197;0.5531906209792344;0.45336769123766135;0.7264442485734762];0.7692472829275269;0.25
9330;0.4879761337826649;0.6039520092670636;6;0.4757060563565756;[0.3992681387041427;0.5152440141885414;0.5766841288611871;0.6926600043455858];0.7709181031297725;0.25
6788;0.9565907866407067;0.41370613506722287;6;0.40345443730752495;[0.8697143840376178;0.3268297324641339;1.0434671892437957;0.5005825376703118];0.7721339382606996;0.25
1804;0.1087425529808288;0.3731912253113503;6;0.5016206880245577;[0.023501836522138636;0.28795050885266016;0.19398326943951896;0.45843194177004043];0.7820362283001613;0.25
7060;0.7791560432153155;0.2375255789726305;6;0.3357747882309862;[0.6923948193597275;0.15076435511704245;0.8659172670709036;0.32428680282821853];0.7744967171442286;0.25
4658;0.3164713718068837;0.2847824754021355;6;0.5477704752896797;[0.22679400069384653;0.19510510428909839;0.4061487429199208;0.37445984651517267];0.7720614857940578;0.25
7320;0.7039575402972655;0.48432339357230814;6;0.7282949639698982;[0.6158950639898677;0.3962609172649103;0.7920200166046634;0.572385869879706];0.7703962433397323;0.25
1677;0.800724809378838;0.7685446503736779;6;0.5727806938869893;[0.7164733342481219;0.6842931752429617;0.8849762845095542;0.8527961255043941];0.7764049762479229;0.25
8060;0.5393944909200048;0.6606009207533637;6;0.6085779459944758;[0.4532143860603618;0.5744208158937207;0.6255745957796478;0.7467810256130067];0.7688882700933337;0.25
5779;0.8669515357732002;0.5086571073797068;6;0.5005295196275074;[0.7819778100918673;0.423683381698374;0.951925261454533;0.5936308330610396];0.7760398931265207;0.25
6718;0.7644320259699237;0.9275930782498232;6;0.3294544151394556;[0.6780362894684148;0.8411973417483143;0.8508277624714325;1.013988814751332];0.7768618274757543;0.25
645;0.7293592235887547;0.3201486348399465;6;0.6882247468783758;[0.646032103056476;0.23682151430766776;0.8126863441210335;0.40347575537222524];0.7780157816544049;0.25
803;0.08419866905264262;0.3876848379009219;6;0.6179501457867898;[-0.007240253087405599;0.29624591576087367;0.17563759119269085;0.4791237600409701];0.7754771562071019;0.25
5478;0.5911776777372816;0.14995628249801507;6;0.5525188231818978;[0.5027821821778024;0.06156078693853581;0.6795731732967608;0.23835177805749433];0.7772189165718258;0.25
9658;0.35467374757403547;0.7457350378629105;6;0.570821413979194;[0.26491352295661935;0.6559748132454943;0.4444339721914516;0.8354952624803267];0.7792805966799946;0.25
4539;0.5969737463105;0.990976299459936;5;0.429236324281162;[0.5062691047381412;0.9002716578875772;0.6876783878828588;1.0816809410322947];0.7703374275546342;0.25
2484;0.8471655273288476;0.5349149005465769;6;0.4723645338730378;[0.7592123125395089;0.4469616857572381;0.9351187421181864;0.6228681153359157];0.7767330596157862;0.25
7477;0.5656851774779941;0.6031722956358281;7;0.5192924416371845;[0.4770788450287181;0.5145659631865521;0.65429150992727;0.691778628085104];0.7709584117282522;0.25
9645;0.7358705308113643;0.5966445022550779;6;0.48608859610361266;[0.6461350261912016;0.5069089976349151;0.8256060354315271;0.6863800068752407];0.7751676063469901;0.25
4999;0.8330976712420655;0.8244427956715139;6;0.6092213025742633;[0.7408218532002336;0.7321669776296821;0.9253734892838973;0.9167186137133457];0.7686624610534646;0.25
9295;0.6253525360946661;0.29311116626402733;6;0.3266771958645075;[0.5400721712553003;0.20783080142466148;0.710632900934032;0.3783915311033932];0.7667766658103236;0.25
2121;0.6446590606375213;0.5896914560680929;6;0.40541892550496744;[0.5615749054748602;0.5066073009054318;0.7277432158001824;0.672775611230754];0.7744665146029974;0.25
8807;0.35860347642565293;0.8731343666373558;6;0.45097786800636225;[0.27515619767345345;0.7896870878851563;0.4420507551778524;0.9565816453895553];0.7807661576863436;0.25
6524;0.9199373773208693;0.20442491610606067;6;0.48795570881830774;[0.830618548609484;0.11510608739467537;1.0092562060322545;0.293743744817446];0.7777289794122609;0.25
3436;0.8060251334810411;0.9948630612271221;6;0.5350536981171939;[0.7176145398459208;0.9064524675920018;0.8944357271161614;1.0832736548622424];0.771093181820046;0.25
3216;0.40874186032522686;0.567904324778607;7;0.40966421348276916;[0.3180324237784997;0.47719488823187983;0.499451296871954;0.6586137613253341];0.7734655086431587;0.25
1177;0.8803979151760317;0.2708086119975469;6;0.5017445548277704;[0.7936181190752858;0.184028815896801;0.9671777112767777;0.35758840809829284];0.7782596703622122;0.25
5880;0.8695580562496154;0.10496007840914462;6;0.5181473758254787;[0.783033032325348;0.018435054484877367;0.9560830801738827;0.19148510233341187];0.7659691804355032;0.25
2033;0.263277080651211;0.1924529595209752;6;0.4973215965544768;[0.17143470638193928;0.10061058525170344;0.3551194549204828;0.28429533379024696];0.7660729841873155;0.25
4390;0.6591993944057133;0.41785617547796994;6;0.5076245496212275;[0.5680570609351392;0.32671384200739584;0.7503417278762874;0.508998508948544];0.7782678477771315;0.25
1922;0.7499980300762558;0.8815653503706351;6;0.35524801520529936;[0.66190273156379;0.7934700518581693;0.8380933285887215;0.9696606488831009];0.7661510946523148;0.25
8690;0.7356206404805574;0.4070660800850656;6;0.40446893053197647;[0.6469638203812714;0.3184092599857796;0.8242774605798434;0.4957229001843516];0.7737434015699862;0.25
5331;0.16035988743474228;0.06679344262608072;6;0.46893179621323733;[0.07168177931032521;-0.021884665498336342;0.24903799555915934;0.1554715507504978];0.7804481518124773;0.25
7861;0.7814709641564557;0.3662721592544876;6;0.44342873578612013;[0.697267211801863;0.2820684068998949;0.8656747165110483;0.4504759116090803];0.7881740999726833;0.25
5953;0.9512268473545961;0.14869661558067077;6;0.4042651121093589;[0.8615153991161367;0.05898516734221143;1.0409382955930555;0.2384080638191301];0.7638142824706904;0.25
518;0.6614704747022071;0.5028164952251531;6;0.4639412855141237;[0.578770025986754;0.4201160465097001;0.7441709234176602;0.5855169439406063];0.7756149744719333;0.25
7775;0.7228907360386659;0.8327220998391653;6;0.44100030567884013;[0.6304450185447522;0.7402763823452516;0.8153364535325797;0.9251678173330791];0.7744888961576641;0.25
1676;0.19489584559904916;0.4664309459440699;6;0.5050974722869201;[0.10853905042723513;0.3800741507722559;0.2812526407708632;0.5527877411158839];0.7716583594501655;0.25
4828;0.8166034897646383;0.5625425284253712;6;0.45799548761543146;[0.7345191974155347;0.4804582360762677;0.8986877821137418;0.6446268207744748];0.7760863593491507;0.25
9837;0.2886553529194885;0.11869449687570283;6;0.5905257540593738;[0.19588127933852756;0.025920423294741854;0.3814294265004495;0.21146857045666378];0.773435824676218;0.25
5856;0.7901910053894989;0.7378180843064757;6;0.5569890693271389;[0.69832134758668;0.6459484265036567;0.8820606631923179;0.8296877421092946];0.768323817027797;0.25
3405;0.8482738983927602;0.4264626721032636;6;0.5216683667569896;[0.7600590878555673;0.3382478615660707;0.9364887089299532;0.5146774826404565];0.7753148690593328;0.25
4043;0.8421054696600236;0.4859942925681694;6;0.45818961661976604;[0.755385947089944;0.39927476999808975;0.9288249922301033;0.572713815138249];0.773486020812249;0.25
433;0.47196037560246185;0.9193324661280844;6;0.6731372843361088;[0.37766104203672934;0.8250331325623519;0.5662597091681943;1.013631799693817];0.7840264019927409;0.25
5756;0.5825026660795406;0.45123352261542105;6;0.4328601415642488;[0.49535565089758665;0.3640865074334671;0.6696496812614946;0.538380537797375];0.7800166709700941;0.25
5190;0.7812079362534391;0.7267382935708259;6;0.3989595287415166;[0.6902305895438599;0.6357609468612466;0.8721852829630183;0.8177156402804051];0.7740292004755137;0.25
2120;0.6786605384827;0.6523045401605361;6;0.46046812741215204;[0.5941421817022278;0.5677861833800638;0.7631788952631723;0.7368228969410083];0.7781048707483605;0.25
111;0.4344203951977702;0.8054941432863119;6;0.4944446585934077;[0.34224448410924635;0.713318232197788;0.5265963062862941;0.8976700543748357];0.7734770457053609;0.25
7625;0.642058229776231;0.6836058896222318;6;0.33942709690233863;[0.5547163600352139;0.5962640198812147;0.729400099517248;0.7709477593632489];0.7796480093419765;0.25
9004;0.9768853282364983;0.7293856918816349;6;0.5620372638829609;[0.889574874593675;0.6420752382388116;1.0641957818793215;0.8166961455244582];0.779254100776969;0.25
1254;0.8196274839244634;0.0976878743443178;6;0.5402440491735141;[0.7297014173476953;0.007761807767549769;0.9095535505012314;0.18761394092108585];0.7709049957226691;0.25
1922;0.9228872318762444;0.05691244449595412;6;0.35524801520529936;[0.8387992783289956;-0.027175509051294747;1.0069751854234934;0.14100039804320297];0.7661510946523148;0.25
6335;0.3891088265736805;0.47821155389441083;6;0.6897098850457668;[0.30124842310421085;0.3903511504249412;0.47696923004315017;0.5660719573638805];0.7793612661072816;0.25
9043;0.9994400981052611;0.6712792008921962;6;0.615610714088582;[0.9129218087275894;0.5847609115145245;1.0859583874829328;0.7577974902698679];0.7816192864385784;0.25
5385;0.437436781394117;0.7569852282349272;6;0.4986314312732948;[0.35331902343692645;0.6728674702777366;0.5215545393513076;0.8411029861921178];0.7684433583110319;0.25
2558;0.4850776258570576;0.8781478353763668;6;0.4040833627092269;[0.3964291729903166;0.7894993825096258;0.5737260787237985;0.9667962882431077];0.7836860638775305;0.25
6309;0.5067725923856539;0.9681096611203506;6;0.42209637046540915;[0.4199844987122814;0.8813215674469781;0.5935606860590263;1.054897754793723];0.7708558252322083;0.25
8616;0.2692310289903209;0.20736919397861692;6;0.4146279539996902;[0.18049997691745384;0.11863814190574985;0.357962081063188;0.296100246051484];0.7795432367437383;0.25
6165;0.48258948965726134;0.4299234969089603;6;0.5104894755816506;[0.38921760197463673;0.33655160922633565;0.575961377339886;0.523295384591585];0.7810054124577722;0.25
949;0.5156993317516614;0.4719214354411093;7;0.7962226954896232;[0.4274437872010749;0.38366589089052283;0.6039548763022479;0.5601769799916958];0.7747215777839663;0.25
8693;0.708006369025465;0.38672582104238834;6;0.5020763761645719;[0.6180673428778548;0.2967867948947782;0.7979453951730752;0.47666484718999846];0.7793022889635444;0.25
1588;0.3596319467036252;0.8149062443962636;6;0.49410060058677946;[0.26629659504783454;0.7215708927404729;0.45296729835941585;0.9082415960520542];0.7719093933825338;0.25
7542;0.6122249383061585;0.017907150749588818;6;0.46829310933443086;[0.5261395448355891;-0.06817824272098061;0.698310331776728;0.10399254422015825];0.7717931555121564;0.25
2604;0.7478203246631896;0.42444998879633067;6;0.7040683053592606;[0.6620026572765147;0.33863232140965577;0.8336379920498644;0.5102676561830055];0.7715298784668513;0.25
9877;0.9745584413557119;0.704507966727377;6;0.49065515410948757;[0.8858069219683127;0.6157564473399779;1.0633099607431111;0.7932594861147761];0.7729953324236222;0.25
1674;0.7912069835905272;0.2274094611276143;5;0.4123112598779558;[0.7058363624011699;0.142038839938257;0.8765776047798846;0.3127800823169716];0.7765230502650013;0.25
6406;0.7293159350101294;0.42564878484987023;6;0.5206214026699735;[0.6400901475924282;0.3364229974321691;0.8185417224278305;0.5148745722675714];0.7727089519809711;0.25
3631;0.8755066555045619;0.8082492577626473;7;0.40129538141239274;[0.7888786233151589;0.7216212255732444;0.9621346876939648;0.8948772899520503];0.7683642594294738;0.25
2497;0.16026036676629163;0.4064117536253707;6;0.4955479632747592;[0.07071032380022718;0.31686171065930624;0.24981040973235608;0.49596179659143513];0.7737905022058384;0.25
8311;0.5223009818086612;0.3447007679744638;6;0.5748279142140961;[0.4346608795566833;0.25706066572248587;0.6099410840606392;0.43234087022644174];0.7773049837624136;0.25
3882;0.7285954027182769;0.021607265300133127;6;0.4915341502522671;[0.6453979383858865;-0.06159019903225721;0.8117928670506673;0.10480472963252346];0.7765850009407608;0.25
9696;0.3443207550050784;0.10099430723246083;6;0.5328619256524131;[0.25217163894799;0.008845191175372386;0.43646987106216684;0.19314342328954928];0.7680813640947226;0.25
5794;0.5916454852915445;0.6902614357475606;6;0.7419960742389217;[0.5017435747139192;0.6003595251699352;0.6815473958691698;0.780163346325186];0.783737996517227;0.25
5725;0.4086296869824696;0.016239655818237164;6;0.3979636828622978;[0.3182132576618494;-0.07417677350238308;0.4990461163030898;0.10665608513885741];0.7718953599536971;0.25
2592;0.6023190743003631;0.5011384778322235;6;0.6619776114442211;[0.5119413353915223;0.41076073892338266;0.692696813209204;0.5915162167410644];0.7760456889907043;0.25
5876;0.4563132380827327;0.563031856624389;6;0.4816295983449982;[0.37267662595220286;0.4793952444938592;0.5399498502132626;0.6466684687549189];0.767833823180121;0.25
3256;0.7926949098737193;0.8152542196189636;6;0.6110666381251806;[0.7031022435984204;0.7256615533436648;0.8822875761490181;0.9048468858942624];0.7690180042001605;0.25
796;0.5145540412445231;0.25606515721283024;6;0.34382082194820174;[0.42623912701248534;0.1677502429807925;0.6028689554765608;0.344380071444868];0.7693544049882838;0.25
4906;0.9764259845756873;0.22800697081121635;6;0.513076191812515;[0.888312105999372;0.1398930922349011;1.0645398631520027;0.3161208493875316];0.7780497399363044;0.25
1956;0.7935194005873187;0.9183327420064633;6;0.4998128590974343;[0.7062244630165444;0.831037804435689;0.8808143381580931;1.0056276795772376];0.7759261699609391;0.25
270;0.7175742535666074;0.9083736401706064;6;0.4605258830311499;[0.6315312915974529;0.8223306782014519;0.8036172155357619;0.9944166021397609];0.7718304305937345;0.25
1013;0.8938241997138655;0.45080023255094726;6;0.5358603482199317;[0.8074428383032564;0.3644188711403381;0.9802055611244747;0.5371815939615564];0.7724848251792353;0.25
3484;0.677232529573466;0.6079261171724297;7;0.2722895097037609;[0.5884070842729306;0.5191006718718943;0.7660579748740014;0.6967515624729651];0.779398987943521;0.25
6817;0.030443024880607683;0.9693805911657758;6;0.4649368187067697;[-0.05915967956045404;0.8797778867247141;0.1200457293216694;1.0589832956068375];0.7764796507820642;0.25
9205;0.4205493424134048;0.3325289646107503;6;0.6069889093913987;[0.33264371747548493;0.24462333967283045;0.5084549673513247;0.4204345895486702];0.778818585536205;0.25
8096;0.274365174714151;0.9008582259558877;6;0.4930034935734397;[0.18425337995975705;0.8107464312014938;0.36447696946854496;0.9909700207102816];0.782158039735085;0.25
4973;0.9573576430794092;0.8311443984993653;6;0.6243671571926743;[0.867009511954663;0.7407962673746191;1.0477057742041553;0.9214925296241114];0.7726085709523515;0.25
4050;0.7938170050146751;0.19381518424082128;6;0.5591053295696375;[0.7069551827247015;0.1069533619508476;0.8806788273046487;0.28067700653079497];0.7780392886843561;0.25
253;0.993146488514522;0.7218220796217152;6;0.4277114553058331;[0.9042046554820784;0.6328802465892716;1.0820883215469657;0.8107639126541588];0.7725006432749814;0.25
4573;0.5953254793612124;0.09963811413713713;6;0.6204015570993742;[0.5071388522382703;0.011451487014194989;0.6835121064841545;0.18782474126007928];0.7779748432862185;0.25
2506;0.5942936276581728;0.6358863476142956;6;0.6498372288375838;[0.5025373659752519;0.5441300859313747;0.6860498893410938;0.7276426092972166];0.7727095986699304;0.25
6982;0.8868684077051844;0.5599666475918582;6;0.5245507037975673;[0.7987355202404179;0.4718337601270918;0.9750012951699508;0.6480995350566247];0.7886894276642165;0.25
8635;0.8198840211372551;0.9391238300371998;6;0.5446172876128659;[0.7344186539943991;0.8536584628943438;0.9053493882801111;1.0245891971800558];0.7792513322828161;0.25
28;0.5600091421917772;0.7212961742187514;5;0.365961331867418;[0.4705690531945021;0.6318560852214763;0.6494492311890523;0.8107362632160264];0.7661776442801321;0.25
6616;0.4598195352409291;0.8102071637965752;6;0.5472143496887892;[0.370139157562796;0.7205267861184421;0.5494999129190623;0.8998875414747083];0.7714796383268127;0.25
4594;0.6510027259613911;0.8877275118068919;6;0.4897498720292713;[0.5640562251596215;0.8007810110051223;0.7379492267631607;0.9746740126086615];0.7736564456987929;0.25
9772;0.4251945637878253;0.13742724597271044;6;0.45355480545292415;[0.33959635398759747;0.051829036172482634;0.5107927735880531;0.22302545577293825];0.7750320821816993;0.25
8380;0.43711257748470345;0.31382001291192374;6;0.5717913578358257;[0.3449824759212713;0.22168991134849161;0.5292426790481356;0.4059501144753559];0.7793871234661599;0.25
1735;0.7399125934438399;0.7343479605370395;6;0.4737088978135444;[0.655715409378122;0.6501507764713217;0.8241097775095577;0.8185451446027574];0.7713783980307647;0.25
6683;0.8761064740544149;0.47650879790369277;6;0.3763680886527105;[0.7853880425423445;0.3857903663916224;0.9668249055664853;0.5672272294157632];0.7696077432291263;0.25
5206;0.7930783930725356;0.637796655337271;6;0.5329680576683165;[0.7074502071522373;0.5521684694169728;0.8787065789928339;0.7234248412575692];0.7694735541373028;0.25
8901;0.87963273090021;0.32109260403010503;6;0.46168924248808835;[0.7912981003693709;0.23275797349926594;0.9679673614310491;0.4094272345609441];0.7768207394619508;0.25
5217;0.61244929361816;0.2274815201158778;6;0.6800810957400047;[0.5257870018955935;0.1408192283933112;0.6991115853407266;0.3141438118384444];0.7774944975208111;0.25
3348;0.8717523513794264;0.8256336805427996;6;0.41794820427534474;[0.7861131350231539;0.7399944641865271;0.9573915677356989;0.9112728968990721];0.7772978937779225;0.25
7813;0.42108188985701767;0.6483240296776716;6;0.3849278812249222;[0.33043158586698707;0.557673725687641;0.5117321938470483;0.7389743336677022];0.7741849315609142;0.25
8382;0.9653201783581771;0.5442398081261093;5;0.5502201958743408;[0.8709812059190023;0.4499008356869345;1.0596591507973518;0.638578780565284];0.7799188489120473;0.25
5673;0.6971731525185133;0.5046673012394152;6;0.4621405585963071;[0.6027894888835731;0.4102836376044749;0.7915568161534535;0.5990509648743554];0.7765280946638234;0.25
3066;0.9491208324220953;0.5387610027595544;6;0.35617433213719646;[0.8558647571241942;0.4455049274616532;1.0423769077199965;0.6320170780574556];0.7821939652214145;0.25
7765;0.6131912291549579;0.4391193993983889;6;0.3519146740501805;[0.5266972450994613;0.35262541534289227;0.6996852132104546;0.5256133834538855];0.7724937380659604;0.25
3440;0.9556240904046426;0.7390939253830181;6;0.5120359549879963;[0.8670687256817349;0.6505385606601104;1.0441794551275503;0.8276492901059258];0.7763619267112879;0.25
7441;0.7045657422728699;0.9956413679751089;6;0.4276775996566976;[0.6174707212255236;0.9085463469277626;0.7916607633202163;1.0827363890224553];0.7776111226816037;0.25
513;0.6025913795501439;0.2370972317353806;6;0.37211197006917884;[0.5136512349062172;0.14815708709145398;0.6915315241940705;0.32603737637930724];0.7794984041692892;0.25
8581;0.7300027571953296;0.37011838864839275;6;0.6571732290420547;[0.6420485481831806;0.2821641796362437;0.8179569662074786;0.4580725976605418];0.7809689639658302;0.25
106;0.8262340599876176;0.9935314865147158;6;0.5010929525578596;[0.7403311208708044;0.9076285473979027;0.9121369991044307;1.079434425631529];0.7743262278101112;0.25
7344;0.41929888885779687;0.0946604855272925;5;0.35576690860140214;[0.33570146449845034;0.011063061167945962;0.5028963132171435;0.17825790988663903];0.7803855857528794;0.25
4468;0.4560592752442778;0.9995157846612941;6;0.5054255452975966;[0.36816330486440085;0.9116198142814171;0.5439552456241548;1.087411755041171];0.7744951997140312;0.25
5014;0.9118870277782627;0.11708856421347008;6;0.357457553252273;[0.8267964236702345;0.03199796010544188;0.9969776318862908;0.2021791683214983];0.7747450381528785;0.25
1548;0.875237573841403;0.6739977581843994;6;0.5457440415556556;[0.7920663086213254;0.5908264929643219;0.9584088390614806;0.757169023404477];0.7718969460701609;0.25
8872;0.7207519334305073;0.6765475398424683;6;0.34409879517446373;[0.6338244731289203;0.5896200795408814;0.8076793937320942;0.7634750001440552];0.7716495902592346;0.25
3336;0.8847349967389265;0.2696685368883388;6;0.527007156254383;[0.8019920975714085;0.18692563772082085;0.9674778959064445;0.3524114360558568];0.7768664278177783;0.25
5469;0.8909283060147484;0.5715525298416642;6;0.5468877071615891;[0.8037704767328595;0.48439470055977524;0.9780861352966372;0.658710359123553];0.7693770399823245;0.25
3187;0.7548595545523807;0.35585971700570806;6;0.6115504846633061;[0.6634904423937895;0.26449060484711684;0.846228666710972;0.4472288291642993];0.779595244324616;0.25
779;0.5636087190892085;0.7338769344847326;6;0.4267446358939546;[0.47308873956967734;0.6433569549652014;0.6541286986087397;0.8243969140042637];0.7749037572728706;0.25
6833;0.19022622237693776;0.6597291410738869;6;0.5028241885962308;[0.10507267888907329;0.5745755975860225;0.27537976586480223;0.7448826845617513];0.7819110556750903;0.25
9213;0.6609810537893532;0.44165165268251977;6;0.4366917608584331;[0.5719724911264833;0.35264309001964983;0.7499896164522232;0.5306602153453897];0.7758658386840714;0.25
6553;0.8334968437441356;0.38552182617385444;6;0.6521882678765663;[0.7441491918662554;0.2961741742959743;0.9228444956220158;0.4748694780517346];0.7740224265249613;0.25
3970;0.08630584843389377;0.6683388579146184;6;0.5838290520026563;[0.0018286796379592823;0.583861689118684;0.17078301722982825;0.7528160267105529];0.776036210397929;0.25
7392;0.7226575115451374;0.5634186632562389;6;0.5122863156705746;[0.637762105695016;0.47852325740611756;0.8075529173952587;0.6483140691063602];0.7731460211850192;0.25
3703;0.41143480235162455;0.4722369703835202;6;0.4514126403192618;[0.32435047275871065;0.3851526407906063;0.49851913194453845;0.5593212999764341];0.7741754859415435;0.25
6811;0.860480244813288;0.7841151883746638;6;0.49010476312631396;[0.7735950308022208;0.6972299743635966;0.9473654588243552;0.871000402385731];0.7694014612895498;0.25
1799;0.7599506836924498;0.5372811678885927;6;0.5237640751736646;[0.6725628278637273;0.44989331205987027;0.8473385395211722;0.6246690237173151];0.7785011377985493;0.25
9183;0.6664232778083954;0.9258835671976111;6;0.5904980023492468;[0.5816902572824739;0.8411505466716896;0.7511562983343169;1.0106165877235325];0.7816276826481715;0.25
6261;0.216541628329454;0.4833454649407796;6;0.4207764533536452;[0.13048584411138545;0.3972896807227111;0.3025974125475226;0.5694012491588482];0.7733394222121347;0.25
8726;0.5882558317543474;0.8498733217321793;6;0.6332723078013882;[0.5005671233985486;0.7621846133763805;0.6759445401101462;0.9375620300879781];0.7845840791997974;0.25
2664;0.46251462448066893;0.274694000805947;5;0.5848065459637317;[0.37354561300326494;0.185724989328543;0.5514836359580729;0.3636630122833511];0.7744124942805595;0.25
553;0.46877822188306717;0.6723112029943099;6;0.5475445545453074;[0.37975258280594065;0.5832855639171834;0.5578038609601936;0.7613368420714364];0.775621291672671;0.25
7590;0.8499143481670365;0.5427954234866474;6;0.5201898527735103;[0.7672881183432966;0.46016919366290754;0.9325405779907764;0.6254216533103873];0.7796292286541419;0.25
1035;0.44970610726614424;0.43317733480236986;6;0.21850251159372142;[0.36052328574051973;0.34399451327674535;0.5388889287917688;0.5223601563279944];0.7763046685183589;0.25
9040;0.8129950512279186;0.6596587707345161;6;0.7271364337468732;[0.7232399086518349;0.5699036281584323;0.9027501938040023;0.7494139133105998];0.7808050286546956;0.25
6486;0.6486573150415366;0.9169471957781333;5;0.42654292603661825;[0.5592819326127717;0.8275718133493685;0.7380326974703014;1.0063225782068983];0.7740968187672768;0.25
7145;0.8842535841666558;0.21575212436696045;6;0.3779994967689251;[0.7957998554643132;0.12729839566461787;0.9727073128689984;0.30420585306930303];0.7733607483315954;0.25
7763;0.3374347007645385;0.8189648754046299;6;0.5647470980975746;[0.2503090145858621;0.7318391892259535;0.42456038694321496;0.9060905615833064];0.7770728263508434;0.25
4532;0.5324974651006886;0.9201356112903525;5;0.5480703342338018;[0.44706702573848645;0.8347051719281503;0.6179279044628908;1.0055660506525546];0.7800570509935488;0.25
5528;0.4844059586333509;0.6703019746433039;6;0.4164781990284288;[0.3971884628293918;0.5830844788393448;0.57162345443731;0.757519470447263];0.7745370723604559;0.25
7612;0.6933317794389033;0.7695185464487695;6;0.4862552116465447;[0.6095758394297301;0.6857626064395963;0.7770877194480765;0.8532744864579427];0.7720188738897592;0.25
1125;0.48488962124806456;0.11220903139042948;6;0.37839343150154536;[0.3970782068446756;0.024397616987040516;0.5727010356514535;0.20002044579381845];0.7839950919133524;0.25
4643;0.07399287449191638;0.8757597219583074;6;0.37849284589812404;[-0.015201024425006149;0.7865658230413849;0.16318677340883891;0.96495362087523];0.7629768668294328;0.25
6521;0.9815761442506536;0.32901573007028934;6;0.5567738746377385;[0.8950386144523621;0.24247820027199785;1.0681136740489452;0.4155532598685808];0.7719856988870496;0.25
2610;0.8639977993771726;0.9017505571096696;6;0.4720563551719896;[0.7768111607875096;0.8145639185200065;0.9511844379668356;0.9889371956993326];0.7710107752305307;0.25
4356;0.5492629489376236;0.4318067741769512;6;0.5352798638211588;[0.4642351154513866;0.3467789406907142;0.6342907824238606;0.5168346076631882];0.7638866855568287;0.25
2448;0.8298464198569198;0.6364550454419154;5;0.4983897793665811;[0.7399959813776746;0.5466046069626703;0.9196968583361649;0.7263054839211606];0.7679422704741711;0.25
8837;0.6521730320936412;0.07809706247354847;6;0.47185319593951464;[0.5654866306570613;-0.00858933896303142;0.7388594335302211;0.16478346391012838];0.7758437448740658;0.25
3504;0.9525610636035651;0.5682351843909864;6;0.4148014826104088;[0.8588985714246943;0.4745726922121156;1.046223555782436;0.6618976765698572];0.7745601867725311;0.25
1913;0.42674115155961445;0.6742274945608213;6;0.4868563395873118;[0.33777143506900703;0.585257778070214;0.5157108680502218;0.7631972110514287];0.7769804662511616;0.25
8513;0.4820514362751993;0.7699330278359617;6;0.398355117027539;[0.3956989055302269;0.6835804970909893;0.5684039670201717;0.8562855585809341];0.7739419418297175;0.25
1124;0.8056007649110313;0.4055481603280489;6;0.4120052216148903;[0.7184704588393138;0.3184178542563314;0.8927310709827487;0.4926784663997664];0.7773040500293733;0.25
4397;0.25040235883286055;0.4137093755887646;6;0.5452797890509423;[0.1613278524335835;0.32463486918948753;0.3394768652321376;0.5027838819880417];0.7749337737789117;0.25
374;0.8892954140414502;0.8509628236098048;6;0.378137824373403;[0.8017993692858856;0.7634667788542402;0.9767914587970148;0.9384588683653694];0.7772050078602504;0.25
8438;0.30969733945139566;0.61241646355984;6;0.5587910950315018;[0.22522157402274517;0.5279406981311895;0.39417310488004614;0.6968922289884906];0.776424261992519;0.25
3945;0.49746206890338696;0.3117172511175874;6;0.6415587113640494;[0.4073385287227404;0.22159371093694086;0.5875856090840335;0.40184079129823397];0.7795141074178725;0.25
3394;0.554589360114391;0.9368330682371848;6;0.5488270082098288;[0.4702401649547383;0.8524838730775322;0.6389385552740436;1.0211822633968375];0.7819113063739624;0.25
4108;0.6811180581389384;0.14696120742427038;6;0.5056718444044833;[0.5943292873468236;0.06017243663215546;0.7679068289310533;0.2337499782163853];0.7847352280784411;0.25
6945;0.21337159269094164;0.42645344287596465;6;0.6211380284555004;[0.12771446599384922;0.34079631617887224;0.29902871938803405;0.5121105695730571];0.7658217437256468;0.25
3334;0.7732572780577311;0.42859335837992135;6;0.6565814257351887;[0.6878475916655697;0.34318367198776;0.8586669644498925;0.5140030447720827];0.778074416708876;0.25
6686;0.6624847158248193;0.6611741569555286;6;0.4550539907583035;[0.5706522015433647;0.569341642674074;0.7543172301062738;0.7530066712369832];0.7695764130380804;0.25
8293;0.4851215346498019;0.4915308057956314;6;0.393666164970868;[0.40081198334926227;0.40722125449509183;0.5694310859503415;0.575840357096171];0.7675558332463263;0.25
4501;0.3036491915794708;0.2949613846013514;6;0.4945505125578346;[0.2173637124397707;0.20867590546165132;0.3899346707191709;0.3812468637410515];0.7788274135000056;0.25
7978;0.7037875743689751;0.5384949972941008;6;0.48036765049833174;[0.6142741182072897;0.44898154113241545;0.7933010305306605;0.6280084534557862];0.7769661992005477;0.25
4057;0.3912119553068076;0.5154487455129363;6;0.6920616277067275;[0.3073121588145722;0.4315489490207009;0.47511175179904297;0.5993485420051716];0.7758671494997524;0.25
1700;0.20003887498847162;0.9449684833775218;6;0.41920727672881797;[0.11497400349052163;0.8599036118795719;0.2851037464864216;1.0300333548754719];0.7755631166765787;0.25
5567;0.5310687909658178;0.9194725314276325;5;0.5522858199695427;[0.4435030010741018;0.8319067415359165;0.6186345808575339;1.0070383213193486];0.7616879479528486;0.25
3953;0.8631058028970913;0.832191063490435;6;0.545666248502693;[0.7787908778816842;0.747876138475028;0.9474207279124983;0.9165059885058421];0.7745065512312929;0.25
353;0.9940527753056797;0.14012033243191618;7;0.3707794551069431;[0.9001007656547105;0.046168322780947055;1.0880047849566488;0.2340723420828853];0.7711606559298803;0.25
8548;0.2645875107261826;0.2578245492915633;6;0.3176087552749625;[0.17274944837680173;0.16598648694218243;0.35642557307556344;0.34966261164094414];0.7739482760065342;0.25
4708;0.6449305377579044;0.013154677509381929;6;0.5106292401218911;[0.5606641735583437;-0.07111168669017874;0.7291969019574651;0.0974210417089426];0.772981575511852;0.25
733;0.7223784215449153;0.02728566066531668;6;0.5377546122872384;[0.6350546157100794;-0.060038145169519164;0.8097022273797512;0.11460946650015252];0.7729304577764582;0.25
5160;0.7112401090718473;0.6158115086935333;6;0.40090651502857316;[0.6208134522800552;0.5253848519017412;0.8016667658636394;0.7062381654853254];0.7789398447951011;0.25
3330;0.6581665426731396;0.7482916317120565;5;0.45275161088500065;[0.5719747375076334;0.6620998265465503;0.7443583478386457;0.8344834368775627];0.7772105357396897;0.25
7265;0.7021456844881264;0.31988697482663464;6;0.5354662156183752;[0.6154692818755468;0.23321057221405506;0.788822087100706;0.4065633774392142];0.7779702646158462;0.25
6429;0.78708934581833;0.6242716983624391;7;0.5113760757804305;[0.6970934406482754;0.5342757931923845;0.8770852509883846;0.7142676035324937];0.7791326955824579;0.25
9519;0.6536765950663778;0.6289357122745493;6;0.41961769783062297;[0.5660040415290096;0.5412631587371811;0.7413491486037459;0.7166082658119174];0.7786908193610721;0.25
6108;0.9936253160874475;0.4963171914559441;6;0.4516129475699772;[0.9063658658568218;0.4090577412253184;1.0808847663180732;0.5835766416865699];0.7744925697676486;0.25
3886;0.4767935994896975;0.9300587718738955;6;0.6036105640230465;[0.3907369658336336;0.8440021382178315;0.5628502331457614;1.0161154055299595];0.7707657075403683;0.25
147;0.547489997375016;0.3537069619080069;6;0.5071961257823675;[0.45843710999013054;0.2646540745231214;0.6365428847599015;0.44275984929289236];0.7665948383163389;0.25
6552;0.71526552652507;0.6114532943911022;6;0.5331755342419063;[0.626441161479612;0.5226289293456442;0.804089891570528;0.7002776594365602];0.781382992656164;0.25
2697;0.9462273123025866;0.6292322101507536;6;0.38835611105464585;[0.8653296548016628;0.5483345526498298;1.0271249698035105;0.7101298676516774];0.7699829140895674;0.25
5957;0.4259403384384469;0.2716119098089417;6;0.543325191056141;[0.3400373038523413;0.1857088752228361;0.5118433730245525;0.3575149443950473];0.7795964427185421;0.25
5210;0.666320766623887;0.9374511386927523;6;0.4232313267817687;[0.5802148522014869;0.8513452242703523;0.752426681046287;1.0235570531151523];0.7742210988307731;0.25
707;0.7161585307037859;0.3564553022156997;6;0.5708992413688069;[0.6306392622812661;0.2709360337931799;0.8016777991263057;0.44197457063821954];0.7743605352243053;0.25
7481;0.16432205829010882;0.46116101118427066;6;0.6800048270889573;[0.0773800253326441;0.37421897822680594;0.25126409124757354;0.5481030441417354];0.7691153649174886;0.25
5749;0.3569333203099719;0.8176581459409316;6;0.42032836104010796;[0.2691576149085217;0.7298824405394814;0.44470902571142207;0.9054338513423817];0.7756149676841054;0.25
8552;0.9645402973542693;0.24915260986420273;6;0.3844524268550714;[0.8779189960988334;0.16253130860876688;1.0511615986097052;0.3357739111196386];0.7809280000479977;0.25
5142;0.8738326586353309;0.2877012123190652;6;0.4719160027390563;[0.7879144257720112;0.20178297945574553;0.9597508914986506;0.3736194451823849];0.7809622893515927;0.25
3426;0.2907566664180363;0.2033751192130961;6;0.44281071881339124;[0.20154206150791512;0.11416051430297489;0.37997127132815756;0.29258972412321727];0.7779919597052392;0.25
82;0.877761255079184;0.7866514198037332;6;0.4661053466422942;[0.7895238784118466;0.6984140431363958;0.9659986317465215;0.8748887964710707];0.7726024079741146;0.25
7751;0.5407207824035114;0.6119381692138691;6;0.5380755961688483;[0.4576199674704085;0.5288373542807662;0.6238215973366144;0.6950389841469721];0.7697514961733231;0.25
3460;0.8060906459875392;0.8215954808838574;6;0.5483424639836714;[0.721679209950895;0.7371840448472131;0.8905020820241835;0.9060069169205016];0.7823503893825923;0.25
8012;0.3914248613768354;0.13067567577335065;6;0.5394405734666429;[0.3019601643251636;0.04121097872167881;0.4808895584285072;0.2201403728250225];0.7663938459806485;0.25
9075;0.796350640991108;0.4807669498351778;6;0.5252888136152796;[0.7087589087342658;0.39317521757833573;0.8839423732479501;0.5683586820920199];0.7790089451701947;0.25
3500;0.8605011591634939;0.22168670137749846;6;0.34151778997258764;[0.7723968207756947;0.1335823629896993;0.9486054975512931;0.30979103976529765];0.7725175069011946;0.25
8294;0.9703177332785438;0.8550415821771151;6;0.4907676530480837;[0.8841900096553066;0.768913858553878;1.056445456901781;0.9411693058003523];0.7814578331694705;0.25
5749;0.883014479889093;0.33523735274787025;6;0.42032836104010796;[0.7905012481567768;0.24272412101555407;0.9755277116214092;0.42775058448018644];0.7756149676841054;0.25
9768;0.15054086052739313;0.7870714907539641;6;0.39991642388098897;[0.06120433440709286;0.6977349646336638;0.2398773866476934;0.8764080168742644];0.7806006970588049;0.25
7556;0.9972223163927977;0.8264832021461084;6;0.5926582820336057;[0.9122205140422249;0.7414813997955356;1.0822241187433705;0.9114850044966811];0.7730748411292052;0.25
3911;0.848398718022872;0.07077397409642439;6;0.5315973068421682;[0.7527810821300462;-0.02484366179640142;0.9440163539156978;0.16639160998925018];0.7806056300790246;0.25
8104;0.6437998526346324;0.656426446055368;6;0.500270452839275;[0.5577244091448617;0.5703510025655973;0.729875296124403;0.7425018895451387];0.7751878969537935;0.25
3534;0.4803718003299376;0.38462657915420706;6;0.5545773692785879;[0.3923438378590262;0.2965986166832957;0.5683997628008489;0.47265454162511844];0.7667620609978026;0.25
4232;0.16147230342936747;0.6716785639004246;6;0.49107085212731216;[0.07087144233230072;0.5810777028033578;0.25207316452643425;0.7622794249974914];0.779844565749427;0.25
2207;0.7580726628223601;0.5474311819596785;6;0.44628430477183695;[0.6742882937579378;0.46364681289525617;0.8418570318867824;0.6312155510241009];0.7735433292887657;0.25
5475;0.8531536080641062;0.6549955965401115;6;0.3836010166174698;[0.7701357152092576;0.5719777036852629;0.9361715009189548;0.7380134893949601];0.7686855109037829;0.25
2670;0.5978895350976774;0.40900196193277705;6;0.4986436308507433;[0.5136587838965557;0.3247712107316554;0.6821202862987991;0.4932327131338987];0.7733020375467348;0.25
766;0.1893900049648085;0.43892043290057514;6;0.5522805174979353;[0.10354862660958367;0.35307905454535027;0.2752313833200334;0.5247618112558];0.7788162174178146;0.25
4840;0.8199073833288146;0.9805396523571566;6;0.543436016643543;[0.7302803932369056;0.8909126622652476;0.9095343734207236;1.0701666424490655];0.7823187558025371;0.25
1903;0.5527170083396453;0.5387354957970933;6;0.5098066633832088;[0.46447599867999506;0.4504944861374431;0.6409580179992955;0.6269765054567435];0.7814968997289369;0.25
9728;0.3614394605327931;0.9668887940559132;6;0.6298285820515546;[0.2747408575014335;0.8801901910245536;0.44813806356415264;1.0535873970872727];0.7718087510967525;0.25
4302;0.7320281545901697;0.6909542772096527;6;0.5281810273377197;[0.6468424384506228;0.6057685610701059;0.8172138707297165;0.7761399933491996];0.7841719001775519;0.25
8455;0.44109313593434496;0.14439196984179598;6;0.5103938470144859;[0.35223400270402005;0.0555328366114711;0.5299522691646699;0.23325110307212085];0.7723837913001268;0.25
6468;0.9917652078156002;0.16002739511168607;6;0.6282490932804452;[0.9036568569909975;0.07191904428708343;1.0798735586402028;0.2481357459362887];0.7751854661868695;0.25
5168;0.7451929059969811;0.92910874398735;6;0.40449887626449876;[0.6553782576139116;0.8392940956042805;0.8350075543800506;1.0189233923704195];0.7796017199474524;0.25
7957;0.9813557758603272;0.9380663039227962;5;0.5308360158047106;[0.8919252682491403;0.8486357963116093;1.070786283471514;1.027496811533983];0.7719782398753057;0.25
5021;0.515640913248322;0.6676111578242301;6;0.7017662958129255;[0.4281540172767527;0.5801242618526609;0.6031278092198912;0.7550980537957993];0.7701591026660082;0.25
3784;0.20544970256188022;0.409835586711729;6;0.47432370497557724;[0.11511959191897937;0.3195054760688281;0.2957798132047811;0.5001656973546298];0.7768024727101293;0.25
5175;0.9266514646709587;0.08605752618519202;6;0.6162793679720326;[0.8405311948005664;-6.274368520033102E-5;1.0127717345413512;0.17217779605558436];0.7779103443659063;0.25
6334;0.6265687643065145;0.47262017701313963;6;0.44245987661819913;[0.5435931682038581;0.38964458091048315;0.709544360409171;0.5555957731157961];0.7677070714825243;0.25
8919;0.9582531830194065;0.5357797613738683;6;0.5910486398902892;[0.8737330391367776;0.4512596174912394;1.0427733269020354;0.6202999052564973];0.7698831063494963;0.25
4849;0.7591264359286418;0.7597857061762572;6;0.46257757120674114;[0.6692056991753272;0.6698649694229426;0.8490471726819564;0.8497064429295718];0.7765453305561137;0.25
3988;0.8947473232592112;0.8641457772468597;6;0.7923074980217895;[0.8079355581975156;0.7773340121851642;0.9815590883209069;0.9509575423085552];0.7728734765270817;0.25
807;0.40698024698360746;0.2052924089863265;6;0.5618908781049796;[0.32072577000909097;0.11903793201181002;0.49323472395812396;0.291546885960843];0.7747970200319807;0.25
8303;0.5938470530319777;0.6065604002109608;6;0.45237700203346715;[0.5087870186025817;0.5215003657815648;0.6789070874613737;0.6916204346403568];0.7725280459368283;0.25
5243;0.7666795516550462;0.9005023156165426;5;0.5594073268166976;[0.6807978352337021;0.8146205991951985;0.8525612680763903;0.9863840320378867];0.7705795506061079;0.25
8165;0.21340693990525716;0.7698433752994437;6;0.753025620798562;[0.12904022875762822;0.6854766641518147;0.2977736510528861;0.8542100864470726];0.7733250896648084;0.25
7404;0.9639656286126242;0.11376480278119544;6;0.6813346984445232;[0.8742595324041987;0.024058706572769886;1.0536717248210499;0.203470898989621];0.7582993232595278;0.25
772;0.5641917287320706;0.8372623094040706;6;0.38082056314411084;[0.4788481682773247;0.7519187489493248;0.6495352891868165;0.9226058698588165];0.7682939450136925;0.25
9636;0.7239380588661055;0.8437542166289929;7;0.33740117932125924;[0.6357900242251282;0.7556061819880155;0.8120860935070828;0.9319022512699702];0.7771109155275495;0.25
1607;0.5775330018483035;0.5171937318539239;6;0.3914827027267048;[0.48853131065808036;0.4281920406637008;0.6665346930385265;0.6061954230441471];0.7764338169743232;0.25
8209;0.90830713882676;0.6904587902494032;6;0.5793334947945412;[0.8252231832554099;0.6073748346780531;0.99139109439811;0.7735427458207532];0.7842300942589902;0.25
6409;0.25875925490592855;0.9268395461971111;6;0.460238494021857;[0.16866468988775546;0.8367449811789379;0.34885381992410164;1.016934111215284];0.7803875005846578;0.25
1497;0.24975934742690808;0.08648156944133162;6;0.4148415845520927;[0.16353526886677006;2.574908811935894E-4;0.3359834259870461;0.17270564800146965];0.7827704329205533;0.25
9249;0.604314041362694;0.7259840686922785;7;0.3484900064730513;[0.5185468083892009;0.6402168357187854;0.690081274336187;0.8117513016657716];0.7761449484450076;0.25
6817;0.9747732942181194;0.8124566420580916;6;0.4649368187067697;[0.886818631882737;0.7245019797227092;1.062727956553502;0.900411304393474];0.7764796507820642;0.25
7657;0.21557484897110324;0.6021275462435886;6;0.49421693059084904;[0.12625097320856146;0.5128036704810468;0.304898724733645;0.6914514220061303];0.7714770486962312;0.25
6320;0.5535646281868615;0.40884354665663003;6;0.6012814788606294;[0.467267772939421;0.32254669140918957;0.6398614834343019;0.4951404019040705];0.7749599697010764;0.25
2808;0.7189420207851384;0.4759366988023871;6;0.5042264881460569;[0.6287796174839672;0.3857742955012159;0.8091044240863096;0.5660991021035583];0.7770878369187535;0.25
9423;0.3912320431099845;0.27247693241174586;6;0.44398864226822143;[0.306218865211272;0.18746375451303338;0.476245221008697;0.35749011031045835];0.7785265549976232;0.25
3339;0.49795649125468044;0.0831532029300443;6;0.3616590165329049;[0.40897658895319383;-0.005826699371442312;0.5869363935561671;0.17213310523153091];0.7706931503121591;0.25
973;0.24660946098732772;0.5895352781737078;6;0.5907523211267276;[0.16065252470296554;0.5035783418893456;0.3325663972716899;0.67549221445807];0.7787018356516497;0.25
6062;0.005614616020585994;0.4830808924756901;6;0.47931147176936956;[-0.08456552683206568;0.3929007496230384;0.09579475887323767;0.5732610353283417];0.7819056413698285;0.25
4645;0.7471874821964981;0.7893072407893432;6;0.6238486078555392;[0.6563751980490338;0.6984949566418788;0.8379997663439624;0.8801195249368077];0.7793270327271458;0.25
798;0.6937820350810139;0.5631832438982306;6;0.5149441960640349;[0.6076349143630562;0.47703612318027294;0.7799291557989716;0.6493303646161883];0.7668908758564825;0.25
4517;0.8761819587241529;0.10591386978260453;6;0.592020115379645;[0.7936967807663547;0.023428691824806364;0.9586671366819511;0.1883990477404027];0.7796823514983464;0.25
2666;0.8323330679032538;0.7111349050358519;6;0.5486419873708298;[0.7414172954763226;0.6202191326089207;0.923248840330185;0.802050677462783];0.771167775570154;0.25
9317;0.08403404406609816;0.1522628435014789;6;0.540774306955674;[-0.0068776813063113895;0.06135111812906935;0.1749457694385077;0.24317456887388844];0.768809753521464;0.25
3259;0.7623979054455765;0.09434509896320026;6;0.6462466213257869;[0.6703941448608322;0.0023413383784558622;0.8544016660303209;0.18634885954794467];0.7739127598834177;0.25
1390;0.8030542763230186;0.9068588680819027;6;0.5495860673233035;[0.7163790887501316;0.8201836805090157;0.8897294638959057;0.9935340556547898];0.7788277769374241;0.25
9211;0.7311673607451791;0.1810952300638078;6;0.6198951837049507;[0.6430109935550761;0.09293886287370474;0.8193237279352821;0.26925159725391085];0.7759380760586934;0.25
5186;0.31908738336608544;0.18555055824835953;6;0.41452389144118973;[0.23311068312214223;0.0995738580044163;0.40506408361002866;0.27152725849230275];0.7775352771681185;0.25
8282;0.9404720395521788;0.9336883275349093;6;0.5274762316055633;[0.8547539024417599;0.8479701904244903;1.0261901766625978;1.0194064646453282];0.7724280761391288;0.25
6099;0.5466950482729205;0.8717377049520153;6;0.3595931036199609;[0.462783074481457;0.7878257311605518;0.630607022064384;0.9556496787434788];0.7868605029198436;0.25
9041;0.5226353431291851;0.5671449007848764;7;0.2815530042526994;[0.43677258583076567;0.481282143486457;0.6084981004276045;0.6530076580832959];0.7778610141306445;0.25
7435;0.6164705624621032;0.7103723791853075;6;0.5411159888644248;[0.5310085226053307;0.624910339328535;0.7019326023188757;0.79583441904208];0.7822418518456102;0.25
8133;0.38284618065231063;0.21227247825018652;6;0.4932087528038383;[0.29759606526197907;0.12702236285985496;0.4680962960426422;0.2975225936405181];0.7802646367544628;0.25
5571;0.8533986319485372;0.31125318611293207;5;0.3218728045568502;[0.7666871940379717;0.22454174820236658;0.9401100698591026;0.3979646240234975];0.7799376310956849;0.25
3022;0.8794950292523119;0.08850794619412955;6;0.35625291774556067;[0.7886266437460806;-0.002360439312101739;0.9703634147585433;0.17937633170036082];0.776904328688592;0.25
6914;0.5753833973233794;0.8465495456130018;6;0.5239847337539254;[0.48923315881877155;0.760399307108394;0.6615336358279872;0.9326997841176096];0.7793606094111669;0.25
4184;0.3764465411775851;0.36374254385656546;6;0.5157324429284493;[0.2920199145463861;0.27931591722536653;0.46087316780878407;0.4481691704877644];0.7655940749676569;0.25
4770;0.54062489939138;0.9004569931276778;6;0.32914806487769177;[0.44820735731956424;0.8080394510558621;0.6330424414631958;0.9928745351994935];0.7799324521333018;0.25
6387;0.2917863173020112;0.9925044368858814;6;0.5886760683087134;[0.20052889083054382;0.901247010414414;0.3830437437734786;1.0837618633573487];0.7748952869310987;0.25
2476;0.7090144323464654;0.6609409324813458;6;0.3332122692812794;[0.6165979867983551;0.5685244869332353;0.8014308778945758;0.7533573780294562];0.7786973124001173;0.25
3875;0.9314646653436558;0.3835907266717122;6;0.5442892783008839;[0.8463446790335324;0.2984707403615888;1.016584651653779;0.46871071298183553];0.7864965944829873;0.25
5383;0.5268950402425077;0.31456725336270175;6;0.487219297802203;[0.43924925470686677;0.22692146782706085;0.6145408257781486;0.40221303889834265];0.782690133564085;0.25
3918;0.33391383048517875;0.7510134981543667;6;0.6056298679129791;[0.24482681615162533;0.6619264838208132;0.4230008448187322;0.8401005124879202];0.7710459346296239;0.25
671;0.22375892672294684;0.3671107786227524;6;0.48379497591709486;[0.13602866469082656;0.2793805165906321;0.31148918875506715;0.45484104065487263];0.7592714224393808;0.25
2090;0.7677655364398771;0.1588210018275963;6;0.5203367973634686;[0.6760725088387506;0.06712797422646974;0.8594585640410036;0.2505140294287228];0.771698462104174;0.25
106;0.6198828468389944;0.504528797132016;6;0.5010929525578596;[0.5320675039509721;0.4167134542439938;0.7076981897270167;0.5923441400200382];0.7743262278101112;0.25
7057;0.6399783071859532;0.36054167973278006;6;0.46687041658828643;[0.5536724820808084;0.27423585462763533;0.7262841322910979;0.4468475048379248];0.7707301375858437;0.25
15;0.7798416561581515;0.3352760515802697;6;0.46191963216896087;[0.6897754694449482;0.24520986486706634;0.8699078428713548;0.42534223829347306];0.7730871988077229;0.25
1193;0.5341213152895277;0.42452599166830707;6;0.5454071803030642;[0.4451975741854773;0.3356022505642567;0.6230450563935781;0.5134497327723575];0.7772976327498274;0.25
3917;0.890995905620102;0.4899223612848602;6;0.5552247028674446;[0.80289206470524;0.40181852036999816;0.979099746534964;0.5780262021997222];0.7694024983619618;0.25
8307;0.6216199644033703;0.3880021361635897;6;0.613300590093961;[0.5352691534893015;0.3016513252495209;0.7079707753174391;0.4743529470776585];0.767297860203364;0.25
6439;0.938926292007267;0.6950608016428818;6;0.5394022822149647;[0.849738676480002;0.6058731861156168;1.0281139075345318;0.7842484171701467];0.7827654772049366;0.25
4121;0.8406450386635524;0.28372470584022774;6;0.32865208384201516;[0.7528991896690895;0.19597885684576488;0.9283908876580154;0.3714705548346906];0.7758150146531675;0.25
88;0.27332309122706444;0.5755833555627228;5;0.5929775223844622;[0.18585731882441547;0.4881175831600738;0.3607888636297134;0.6630491279653717];0.7712018238351702;0.25
8590;0.6778091013403925;0.49637368293600653;6;0.4920135632016187;[0.5882741095227542;0.4068386911183682;0.7673440931580309;0.5859086747536448];0.7783055286725457;0.25
2250;0.7437679603181783;0.4815343653491431;6;0.5246167887207922;[0.6533688388374728;0.3911352438684377;0.8341670817988838;0.5719334868298486];0.7719554600248664;0.25
5736;0.9759979005282455;0.5136185905793093;6;0.3631544485992441;[0.8932576433708517;0.4308783334219154;1.0587381576856394;0.5963588477367031];0.7779969128966657;0.25
7482;0.326266450863956;0.40898422806169155;7;0.5053272652435469;[0.23400725149949977;0.3167250286972353;0.41852565022841226;0.5012434274261478];0.7676494531036595;0.25
8520;0.8022714577023323;0.25633650189399115;6;0.4875732359793766;[0.714436962117074;0.16850200630873277;0.8901059532875907;0.3441709974792495];0.7788962007180315;0.25
5585;0.6156455590836384;0.04710210634079459;6;0.497453738868772;[0.5296343341847077;-0.03890911855813607;0.701656783982569;0.13311333123972524];0.7683682556345365;0.25
3691;0.6804983507111921;0.5915779207218305;7;0.36416162323729906;[0.5964987565153036;0.5075783265259419;0.7644979449070807;0.675577514917719];0.7692542296540631;0.25
7883;0.6961143789400366;0.24743650394468203;6;0.45655079560301637;[0.6069817099581234;0.1583038349627688;0.7852470479219498;0.3365691729265953];0.7739714135620033;0.25
5943;0.3042718933218761;0.8673417887611001;6;0.5246001074651342;[0.2113987307194339;0.774468626158658;0.39714505592431826;0.9602149513635423];0.7744622540935127;0.25
4418;0.6090473729131348;0.5325521335064937;6;0.5999012930952317;[0.5260848208476349;0.4495895814409937;0.6920099249786348;0.6155146855719936];0.7756055602671011;0.25
8180;0.6221272162404705;0.4778863758488476;6;0.4151472008504829;[0.5350124465011293;0.3907716061095064;0.7092419859798117;0.5650011455881887];0.7653299635244772;0.25
5232;0.4268063519060954;0.7381762086486021;6;0.589327956445453;[0.34192333085862;0.6532931876011266;0.5116893729535709;0.8230592296960776];0.7739289575746986;0.25
1409;0.9106319562961934;0.7079935268157848;6;0.3688634411267776;[0.8231842818701938;0.6205458523897851;0.9980796307221931;0.7954412012417844];0.7694658570348097;0.25
7165;0.3936379789790187;0.42872315789198057;6;0.5095638844578688;[0.3060037075415901;0.34108888645455204;0.4812722504164473;0.5163574293294091];0.7753584141314708;0.25
3399;0.36579383538606736;0.9931599396323496;6;0.6213577801973544;[0.2811750643880389;0.9085411686343211;0.4504126063840958;1.077778710630378];0.7789038225351261;0.25
1554;0.0014749201883270668;0.12511142232661115;6;0.29571987504246583;[-0.0879871770405222;0.03564932509776189;0.09093701741717633;0.21457351955546042];0.7716641771097014;0.25
5989;0.532078242041822;0.7493561702587562;6;0.3302764214390468;[0.4439597745509595;0.6612377027678937;0.6201967095326845;0.8374746377496187];0.7728489586258377;0.25
6079;0.889818420760389;0.9849510243616041;6;0.5338952218904688;[0.800834546246231;0.895967149847446;0.978802295274547;1.0739348988757622];0.7684166244060442;0.25
753;0.8240755711247549;0.5172774011726198;6;0.5790832078613322;[0.7373659113197757;0.43056774136764053;0.9107852309297342;0.603987060977599];0.7694022479752848;0.25
6611;0.9640445507469355;0.35263589158785436;6;0.5493731480612338;[0.8756026634562181;0.26419400429713696;1.0524864380376528;0.44107777887857175];0.7699353141842878;0.25
2889;0.10916109027069931;0.9461512198882477;6;0.5153680121930106;[0.02035542398214331;0.8573455535996917;0.19796675655925533;1.0349568861768037];0.7705804299794857;0.25
9838;0.8317904595222425;0.8205292208907818;6;0.4557745829032565;[0.7457844602780295;0.7345232216465688;0.9177964587664555;0.9065352201349949];0.7768378920146711;0.25
5063;0.569643640160026;0.5001526427303444;6;0.42451476509964203;[0.47742098399825306;0.4079299865685715;0.6618662963217989;0.5923752988921174];0.7759901888420112;0.25
9126;0.6861498219666283;0.9556160192241655;6;0.28197364012793324;[0.5978117668822636;0.8672779641398007;0.7744878770509931;1.0439540743085303];0.7791554247882662;0.25
5963;0.9710277588958283;0.6893195546801532;6;0.3799905864835604;[0.8821119539252321;0.600403749709557;1.0599435638664243;0.7782353596507493];0.7775594370524128;0.25
2125;0.9406676125571763;0.12465237286530628;6;0.5642334467151985;[0.8549695849908823;0.03895434529901215;1.0263656401234704;0.21035040043160042];0.7714138781423776;0.25
6466;0.8926137213008182;0.2947466578309076;6;0.38549102907450933;[0.8041328373920132;0.20626577392210263;0.9810946052096231;0.3832275417397125];0.7713580010929459;0.25
5203;0.2968650129095476;0.5035442082911773;6;0.6787269106009961;[0.2083053644824892;0.4149845598641189;0.38542466133660597;0.5921038567182357];0.7787576578524745;0.25
458;0.6681536056577592;0.4715182151542258;6;0.6994595110002211;[0.5760911125017794;0.37945572199824595;0.760216098813739;0.5635807083102057];0.7796059257965031;0.25
5567;0.8751810219767752;0.24142075927135465;5;0.5522858199695427;[0.7858637583980559;0.15210349569263537;0.9644982855554944;0.3307380228500739];0.7616879479528486;0.25
3425;0.23319992804843015;0.37252597439589613;6;0.34673212863013847;[0.14546782163254746;0.28479386798001344;0.32093203446431284;0.4602580808117788];0.7713142225179309;0.25
1169;0.4852935571947103;0.42896078946314714;6;0.5268117068119352;[0.3992402069296457;0.34290743919808253;0.5713469074597749;0.5150141397282118];0.7868738142846513;0.25
9571;0.8915387120587329;0.10667361728375513;5;0.4103730344143912;[0.8056099614738177;0.020744866698839876;0.9774674626436481;0.19260236786867038];0.7725034471517614;0.25
5224;0.9391226136782619;0.29417604634509625;6;0.3569037830355633;[0.8549035927052557;0.2099570253720901;1.023341634651268;0.3783950673181024];0.7737254772622473;0.25
74;0.0626282168489738;0.5931744970862871;6;0.5183963880359415;[-0.028879220702969846;0.5016670595343434;0.15413565440091742;0.6846819346382308];0.7785968534134102;0.25
610;0.8685194128025122;0.29348044884678426;6;0.5736798587143694;[0.7831716280878857;0.2081326641321577;0.9538671975171388;0.3788282335614108];0.7750022411922745;0.25
4398;0.6090627034343487;0.10208102255315632;6;0.3149624179716791;[0.5235336830528083;0.01655200217161601;0.694591723815889;0.18761004293469663];0.7725260867542308;0.25
2917;0.35864521004782657;0.3141319330297302;6;0.5203712856619007;[0.2730335047123856;0.2285202276942892;0.44425691538326756;0.3997436383651712];0.7707362633936776;0.25
9252;0.7786684895960065;0.26961652839659594;5;0.28450509699518667;[0.6903372691906593;0.1812853079912487;0.8669997100013538;0.3579477488019432];0.7767610168879829;0.25
4041;0.7895351467227705;0.8279854560651574;7;0.45366349231567227;[0.698438614555505;0.736888923897892;0.8806316788900359;0.9190819882324228];0.7780018235472902;0.25
5058;0.09597052636482051;0.681623521724498;6;0.6652675797258621;[0.011112795701159264;0.5967657910608368;0.18082825702848176;0.7664812523881592];0.765227783903925;0.25
1164;0.9543575519831469;0.6265710643672695;6;0.6789465197082931;[0.8655484744262623;0.5377619868103849;1.0431666295400315;0.7153801419241541];0.7701262688067978;0.25
4941;0.6562949935918417;0.21901418841751735;6;0.37856469630496015;[0.5680732965416058;0.13079249136728144;0.7445166906420777;0.30723588546775327];0.783698759463099;0.25
1235;0.8026597413571129;0.30205123162126246;6;0.47580314537160556;[0.7191736993037285;0.2185651895678781;0.8861457834104973;0.38553727367464685];0.7741932045714536;0.25
2394;0.8226125783498326;0.3157733646666049;5;0.4441883837152114;[0.7378689501774556;0.23102973649422787;0.9073562065222096;0.4005169928389819];0.7775105328603581;0.25
3765;0.7745837492985476;0.9838269173468737;6;0.5939790018935903;[0.6816144467610943;0.8908576148094204;0.8675530518360008;1.0767962198843268];0.7741414898993632;0.25
2021;0.0315743532894317;0.5927131957037388;6;0.5779520812226093;[-0.060404386528992327;0.5007344558853148;0.12355309310785573;0.6846919355221628];0.7819529069300117;0.25
9661;0.2500338493585599;0.24421119984099848;6;0.48176560411880043;[0.16022293231769785;0.15440028280013646;0.3398447663994219;0.3340221168818605];0.7797982817799123;0.25
