7465;0.5123267705480811;0.7640017098890568;5;0.3078855058142418;[0.42612673616174535;0.6778016755027211;0.5985268049344168;0.8502017442753925];0.7724383529196179;0.25
2676;0.1780310187158174;0.7072482741188373;6;0.3889077627052066;[0.09055598638820601;0.619773241791226;0.2655060510434288;0.7947233064464486];0.7803887944644715;0.25
9386;0.07868707238247763;0.7957440779525209;6;0.40995495983014135;[-0.009267479852391125;0.7077895257176521;0.16664162461734638;0.8836986301873897];0.7743124309281187;0.25
4655;0.07070123747483037;0.7463408589750209;6;0.5511943574491917;[-0.017227531041490746;0.6584120904586998;0.15863000599115148;0.834269627491342];0.7823635673626728;0.25
8633;0.5789225218157171;0.5347146851420408;6;0.414543674817043;[0.49494877352638755;0.4507409368527112;0.6628962701050467;0.6186884334313704];0.7786684870012298;0.25
6056;0.6068558258366105;0.9888709024370818;6;0.5258139954411787;[0.5165099020024881;0.8985249786029594;0.6972017496707328;1.079216826271204];0.7730353080153228;0.25
2472;0.9385027242072547;0.8215943813652258;6;0.505536131366883;[0.8502686240050875;0.7333602811630586;1.026736824409422;0.9098284815673929];0.7793032944138468;0.25
2387;0.9369081557787823;0.6484314783215256;6;0.44780045884570735;[0.8522151282640077;0.563738450806751;1.021601183293557;0.7331245058363002];0.7722341674423369;0.25
9680;0.963178671997333;0.6298200666544607;5;0.4193353733462495;[0.8741685820438423;0.54080997670097;1.0521887619508237;0.7188301566079514];0.771216967777566;0.25
9298;0.7474777485526558;0.6167862398384225;6;0.7623580225136876;[0.6599018178356317;0.5292103091213984;0.8350536792696799;0.7043621705554466];0.7686823178795519;0.25
4073;0.747422584013976;0.8478168925753673;6;0.5643719665608735;[0.6576547724413593;0.7580490810027506;0.8371903955865927;0.937584704147984];0.7730529774524928;0.25
4597;0.9721090792463056;0.6896293790951891;6;0.36607614613791506;[0.8811804652985962;0.5987007651474796;1.063037693194015;0.7805579930428985];0.7685229650039637;0.25
57;0.724689835684071;0.5433883803966157;6;0.3765642395434873;[0.6314616530166269;0.45016019772917176;0.817918018351515;0.6366165630640598];0.7711176802599676;0.25
6663;0.4228800261338021;0.5066857078973237;6;0.4832927894173197;[0.33605667430570085;0.4198623560692224;0.5097033779619033;0.593509059725425];0.7763494529903182;0.25
6556;0.9897814842496402;0.7908985314283151;6;0.498958015499389;[0.9034973905489376;0.7046144377276126;1.0760655779503427;0.8771826251290177];0.7710250114896466;0.25
6461;0.6124913140700066;0.614027379296198;6;0.38402355433725927;[0.5264942688380344;0.5280303340642258;0.6984883593019787;0.7000244245281702];0.7717634075227422;0.25
1002;0.5834183738663143;0.08021360931868682;6;0.4773324160663448;[0.4954756963427252;-0.007729068204902323;0.6713610513899035;0.16815628684227596];0.7751087692171578;0.25
9009;0.5398211982166676;0.6149760403422341;6;0.4629590635339941;[0.45018379730362273;0.5253386394291892;0.6294585991297125;0.7046134412552789];0.7749747029530694;0.25
1138;0.6563080439803392;0.3051432119578774;6;0.42613703029256345;[0.5727144834606109;0.2215496514381492;0.7399016045000674;0.38873677247760563];0.7751255205474114;0.25
6039;0.888131318523824;0.6827035011534665;6;0.3499443226160339;[0.8020785217894705;0.5966507044191129;0.9741841152581775;0.76875629788782];0.7819005008780783;0.25
3510;0.2907032071029395;0.40812120270113283;6;0.47411824675023406;[0.2026332525358449;0.32005124813403824;0.3787731616700341;0.49619115726822743];0.7748507382197035;0.25
688;0.544272697080252;0.5783545815058485;6;0.5379245966964484;[0.4571311172079145;0.49121300163351095;0.6314142769525897;0.6654961613781861];0.7768429966863024;0.25
705;0.424438350626285;0.9181776059390422;6;0.45700991893821036;[0.3389520021092038;0.8326912574219609;0.5099246991433661;1.0036639544561234];0.7804310169377214;0.25
7684;0.6286516881931735;0.9527530884694383;6;0.4654291438087193;[0.5391039165368188;0.8632053168130835;0.7181994598495283;1.042300860125793];0.776650899527125;0.25
5030;0.7040765529481232;0.38649084022452695;6;0.35916478465602;[0.6199362108245112;0.3023504981009149;0.7882168950717352;0.470631182348139];0.7795848312734834;0.25
2045;0.7754021005690634;0.5127981882774708;6;0.44892496881370814;[0.6865887227536709;0.42398481046207825;0.864215478384456;0.6016115660928634];0.7752580080123368;0.25
2701;0.5558831396017848;0.6801829909765176;6;0.5800708340643858;[0.4693316186527673;0.5936314700275;0.6424346605508023;0.7667345119255351];0.7792685904754889;0.25
9588;0.5883309122113888;0.44373194558815077;6;0.4047358732149704;[0.5006964834961279;0.35609751687289;0.6759653409266496;0.5313663743034116];0.7775203950299325;0.25
6831;0.9807023298620554;0.9259186462899504;6;0.5923179466380648;[0.8950868869839461;0.8403032034118412;1.0663177727401647;1.0115340891680595];0.775358064928371;0.25
1884;0.3447856367730453;0.7477495699951168;6;0.43749143378504857;[0.2567646066204149;0.6597285398424864;0.4328066669256757;0.8357706001477472];0.7791920198937565;0.25
6304;0.3062438029808081;0.3910329615344794;6;0.286805331497366;[0.2149441105647775;0.2997332691184488;0.39754349539683875;0.48233265395051006];0.7619533288828015;0.25
956;0.34008034805465065;0.6099021630922676;6;0.4434483153097748;[0.2575620521774714;0.5273838672150883;0.4225986439318299;0.6924204589694469];0.7777865271181639;0.25
6472;0.7967053443218657;0.627692403369534;6;0.6360648120825395;[0.7092252783506783;0.5402123373983466;0.8841854102930531;0.7151724693407214];0.7776565641741962;0.25
7951;0.42639118562870976;0.2476120654351649;6;0.47179329530816133;[0.34194424941474555;0.16316512922120072;0.510838121842674;0.33205900164912905];0.7769276222997922;0.25
2333;0.25327039027070697;0.9572715097436392;6;0.44548216918977135;[0.16466756277760053;0.8686686822505327;0.3418732177638134;1.0458743372367456];0.7618100548721405;0.25
7054;0.47751093738644806;0.6516859894680311;6;0.48216446456792794;[0.38842728531546283;0.5626023373970459;0.5665945894574334;0.7407696415390164];0.776433908854361;0.25
2546;0.8314195789294663;0.5557124825065878;6;0.5463847780412566;[0.7490715412805145;0.47336444485763596;0.9137676165784181;0.6380605201555396];0.7694573693691908;0.25
4102;0.8814343856500843;0.4613631318357976;6;0.5721259373341024;[0.7927064624920231;0.3726352086777365;0.9701623088081454;0.5500910549938587];0.775017637555704;0.25
2500;0.254842448405704;0.8544162966957285;6;0.46994077826732494;[0.16982876369819555;0.76940261198822;0.3398561331132125;0.939429981403237];0.7749932913339597;0.25
7890;0.8077451500168029;0.3120890677662902;6;0.391167844393101;[0.7221439203432766;0.2264878380927639;0.8933463796903293;0.3976902974398165];0.7777423231078741;0.25
3242;0.2253103570241196;0.9978346875079646;6;0.5828316263441065;[0.13494713828688304;0.9074714687707279;0.3156735757613562;1.0881979062452012];0.7803361563953475;0.25
5599;0.10131199729268159;0.48055876312549345;6;0.6021756863833615;[0.010414938372879198;0.3896617042056911;0.19220905621248396;0.5714558220452959];0.7759454762604422;0.25
106;0.8058784308820937;0.5400816242686991;6;0.5010929525578596;[0.7221426259796572;0.4563458193662626;0.8896142357845301;0.6238174291711356];0.7743262278101112;0.25
7938;0.5170124102789619;0.6725409099629285;6;0.5049064845390486;[0.4288880496412945;0.5844165493252611;0.6051367709166293;0.7606652706005959];0.7751153973081542;0.25
5538;0.017971804157479343;0.11969456729662076;6;0.5220599775339355;[-0.07102719061572925;0.030695572523412165;0.10697079893068794;0.20869356206982936];0.7701265232252245;0.25
7671;0.20279946252137437;0.7850520939610351;6;0.5666914790673073;[0.1133234328246003;0.6955760642642611;0.2922754922181484;0.8745281236578092];0.7852575391637274;0.25
2231;0.6918234262161662;0.5055266119772768;6;0.5908302908748503;[0.6037644329253308;0.4174676186864414;0.7798824195070017;0.5935856052681122];0.7752272760197945;0.25
5657;0.8494583840022881;0.5180912602135037;6;0.5020639677373627;[0.7646180797034621;0.4332509559146777;0.9342986883011142;0.6029315645123298];0.7754698758824671;0.25
7997;0.9448445541247725;0.33955791463613283;6;0.4695103554472366;[0.8581154722663006;0.2528288327776609;1.0315736359832444;0.4262869964946048];0.774063225362254;0.25
5614;0.6572015014893318;0.6875094485384521;6;0.6237968017243609;[0.5717671276238819;0.6020750746730023;0.7426358753547816;0.7729438224039019];0.7745952446261364;0.25
9941;0.7263933334884642;0.9519432371320061;6;0.522194942135594;[0.639536610855743;0.8650865144992849;0.8132500561211855;1.0387999597647275];0.7792865807995233;0.25
7939;0.05365928479188253;0.3694328353822738;6;0.5402000450003254;[-0.03625468695273887;0.2795188636376524;0.14357325653650393;0.4593468071268952];0.7819434886544705;0.25
1096;0.9471048684456302;0.9260547117129827;6;0.6751265158919435;[0.8560876713222645;0.835037514589617;1.038122065568996;1.0170719088363485];0.771892551725072;0.25
5898;0.791303651087747;0.7207929031848401;6;0.6179958478245076;[0.7024294847570176;0.6319187368541107;0.8801778174184764;0.8096670695155695];0.7731116359351777;0.25
1419;0.8141095258276154;0.40431872630750465;6;0.6030950600198851;[0.717151648900074;0.3073608493799632;0.9110674027551569;0.5012766032350461];0.7795037422772155;0.25
6144;0.5613316944957271;0.5692425646226171;6;0.703249119342652;[0.47775622046353544;0.4856670905904255;0.6449071685279187;0.6528180386548088];0.7705390377167698;0.25
2121;0.8921519673531606;0.19546768438680073;6;0.40541892550496744;[0.8025325699430764;0.10584828697671654;0.9817713647632448;0.2850870817968849];0.7744665146029974;0.25
6854;0.7406784666818039;0.4387137022615051;6;0.35573723215785;[0.6513198798895434;0.3493551154692446;0.8300370534740644;0.5280722890537656];0.7715190763681475;0.25
2531;0.45007950902333427;0.4457408284308433;6;0.4636185201260421;[0.36135962427598506;0.3570209436834941;0.5387993937706835;0.5344607131781925];0.7853453922099815;0.25
6643;0.9109396941813255;0.3375596999724809;6;0.5129699936949086;[0.8227831904355685;0.2494031962267239;0.9990961979270825;0.42571620371823793];0.7744053351474559;0.25
7563;0.6458386128750842;0.7366654496439351;6;0.527843930841888;[0.5593437314908;0.6501705682596509;0.7323334942593683;0.8231603310282193];0.7656948232527608;0.25
1807;0.44496010000045605;0.8032436031958375;6;0.40435537527296606;[0.3568670166303675;0.7151505198257491;0.5330531833705445;0.891336686565926];0.774791976165255;0.25
608;0.5874539233716762;0.874553186028578;6;0.53995077264421;[0.497849795170989;0.7849490578278908;0.6770580515723634;0.9641573142292652];0.7776265006681016;0.25
5030;0.6990156358386513;0.8900089689503698;6;0.35916478465602;[0.6100652775670499;0.8010586106787684;0.7879659941102528;0.9789593272219713];0.7795848312734834;0.25
7798;0.8874989138001356;0.4669142464197321;6;0.6414216785440693;[0.7991404764352301;0.37855580905482666;0.975857351165041;0.5552726837846376];0.7839874515040148;0.25
5665;0.28570369724675304;0.9185620975180399;5;0.6283859946964804;[0.20003076065188918;0.832889160923176;0.3713766338416169;1.0042350341129036];0.7743414103797042;0.25
2812;0.22861670915709476;0.6147532479311931;6;0.44012415088569634;[0.14165983839764765;0.527796377171746;0.3155735799165419;0.7017101186906403];0.7650464389341989;0.25
7930;0.5662983543305653;0.07717720197054845;6;0.5925995258834191;[0.47908967521162255;-0.010031477148394322;0.6535070334495081;0.1643858810894912];0.7752882101716239;0.25
5332;0.8397757153439602;0.7453843777729365;6;0.41591984710773233;[0.7495508433012914;0.6551595057302677;0.930000587386629;0.8356092498156054];0.7752451682398029;0.25
629;0.7236278003928757;0.9263696730608907;6;0.34351891964883013;[0.6349948434348268;0.8377367161028418;0.8122607573509245;1.0150026300189394];0.7766140718765644;0.25
4950;0.39238325457619827;0.7765145917042391;6;0.5254485338212531;[0.30969881935043897;0.6938301564784798;0.47506768980195757;0.8591990269299984];0.7888329402879009;0.25
2302;0.6931476163374122;0.5976315109957726;6;0.604151232389621;[0.6024720710471029;0.5069559657054633;0.7838231616277215;0.6883070562860819];0.7812783515663358;0.25
4609;0.6906550102213707;0.4341510660427935;6;0.5823974886015373;[0.6070785531208104;0.35057460894223325;0.7742314673219309;0.5177275231433538];0.7757078795812093;0.25
1194;0.9029246457942222;0.8480256966860497;6;0.47176182686122053;[0.8171792329776468;0.7622802838694742;0.9886700586107975;0.9337711095026251];0.776652561804583;0.25
6847;0.3604498912555023;0.9484545856780813;6;0.3348712808054035;[0.2743207294289833;0.8623254238515622;0.44657905308202134;1.0345837475046002];0.7737693460449677;0.25
2298;0.38135210606645564;0.4698603668289205;7;0.43709222801699166;[0.29254979193833286;0.38105805270079773;0.4701544201945784;0.5586626809570433];0.7652812904159763;0.25
8688;0.972985636871194;0.6912452506290825;6;0.5039217756429508;[0.8872592110546553;0.6055188248125438;1.0587120626877327;0.7769716764456212];0.7751551711471781;0.25
8487;0.6713907526702712;0.9886936736307874;6;0.6021378987972738;[0.5810344342866103;0.8983373552471265;0.761747071053932;1.0790499920144483];0.7681873118025103;0.25
5014;0.9978973104912745;0.31384299843572017;6;0.357457553252273;[0.9100266306321472;0.2259723185765929;1.0857679903504018;0.40171367829484744];0.7747450381528785;0.25
5375;0.7046836210832053;0.3366697793765956;6;0.5252747807713118;[0.6206632231710358;0.25264938146442617;0.7887040189953747;0.420690177288765];0.7767254894174359;0.25
9344;0.6049720416699251;0.9836333833997571;6;0.5023650734498191;[0.5157778742046064;0.8944392159344385;0.6941662091352439;1.0728275508650758];0.772466501497599;0.25
9541;0.4493528922443284;0.7710858751499978;6;0.6031921331627901;[0.35793650986295994;0.6796694927686293;0.5407692746256969;0.8625022575313663];0.7879486060350285;0.25
7365;0.36518367142677055;0.5988769354829944;7;0.39842753514321794;[0.2767278509864195;0.5104211150426433;0.4536394918671216;0.6873327559233454];0.773883873825708;0.25
3890;0.6260363004959214;0.24596058616437289;7;0.5604127086643559;[0.5372312221669462;0.15715550783539767;0.7148413788248966;0.3347656644933481];0.7647489039117923;0.25
6817;0.08271341251473341;0.27107199605332655;6;0.4649368187067697;[-0.0025757916419731353;0.18578279189662;0.16800261667143995;0.3563612002100331];0.7764796507820642;0.25
4268;0.6393218984581766;0.9855817206036545;6;0.5516510480084452;[0.5493241784490825;0.8955840005945604;0.7293196184672706;1.0755794406127483];0.7714697440431589;0.25
8958;0.6133865697925347;0.7944131102282442;6;0.6321305337896248;[0.5274385809817855;0.7084651214174951;0.6993345586032839;0.8803610990389934];0.7801663299391092;0.25
3360;0.5743721079244746;0.6528508667214811;6;0.4108889965634399;[0.48640594142437604;0.5648847002213826;0.662338274424573;0.7408170332215795];0.7647714089054559;0.25
9599;0.3050391611106239;0.47288245706301313;6;0.533353572092771;[0.21244133397908044;0.38028462993146966;0.39763698824216737;0.5654802841945565];0.7757154155582016;0.25
3723;0.8001135419550214;0.16826848059164679;6;0.3027078216228525;[0.7123968125333887;0.08055175117001412;0.887830271376654;0.25598521001327945];0.7691563570944489;0.25
1741;0.6059879742351997;0.8299656677059715;5;0.47231796710556245;[0.5219927204304974;0.7459704139012692;0.689983228039902;0.9139609215106738];0.7793803683657435;0.25
5845;0.6998528884040702;0.983754875832947;6;0.43915714080742857;[0.6116106385307265;0.8955126259596032;0.788095138277414;1.0719971257062908];0.7812630415013389;0.25
9024;0.97444319663787;0.9656582638768725;6;0.5275496171211409;[0.8858968903238537;0.8771119575628561;1.0629895029518865;1.0542045701908889];0.775242920616377;0.25
6179;0.03581187582535761;0.8282450529592986;6;0.5410325219680444;[-0.056595616821021835;0.7358375603129191;0.12821936847173704;0.9206525456056781];0.7797203237568147;0.25
2862;0.5921420620781721;0.7543241277061099;6;0.4127022050155267;[0.5071008422127744;0.6692829078407122;0.6771832819435698;0.8393653475715076];0.7747949319186783;0.25
3533;0.8575415216637625;0.7379620309034278;6;0.33534962046852035;[0.7702340640450912;0.6506545732847565;0.9448489792824338;0.8252694885220991];0.7707923334841856;0.25
9799;0.19971375612435693;0.5922892345965194;6;0.43347372505493065;[0.10963056710192148;0.502206045574084;0.2897969451467924;0.6823724236189548];0.7693214099477196;0.25
6502;0.7552118761468724;0.43768771220289404;6;0.43943660934062767;[0.6654002963312408;0.34787613238726245;0.8450234559625039;0.5274992920185256];0.7738488755140908;0.25
2042;0.7453750533926288;0.5268670183168329;6;0.3685046141100003;[0.656696579886768;0.43818854481097214;0.8340535268984896;0.6155454918226937];0.7774816440861647;0.25
5432;0.5395940847481446;0.7661963017557177;6;0.5426845619139731;[0.45387823480833644;0.6804804518159095;0.6253099346879528;0.8519121516955259];0.7668424270069842;0.25
2594;0.902283876496971;0.891500481236894;6;0.5496665400735207;[0.8171982851113369;0.8064148898512598;0.987369467882605;0.9765860726225282];0.7738337863236499;0.25
7720;0.8240970033036029;0.7378804498628753;6;0.720398963557199;[0.7386986107840317;0.6524820573433039;0.9094953958231742;0.8232788423824466];0.7740838676903021;0.25
6122;0.06328560012025897;0.9597257748864587;6;0.5377109095134917;[-0.025616528423498416;0.8708236463427014;0.15218772866401636;1.0486279034302162];0.7754768446357538;0.25
7833;0.42747561179519544;0.8768094781830592;6;0.512635583467677;[0.3402924163750048;0.7896262827628686;0.514658807215386;0.9639926736032498];0.7700717307418916;0.25
3460;0.7939471697677707;0.5032089034341427;6;0.5483424639836714;[0.7040749820966079;0.4133367157629799;0.8838193574389335;0.5930810911053055];0.7823503893825923;0.25
8166;0.21095299743627172;0.9937508933662034;6;0.4773346607391331;[0.12296070900174816;0.9057586049316798;0.2989452858707953;1.0817431818007268];0.7778300080747654;0.25
9453;0.483279409998929;0.7122376420070283;6;0.35548862027359984;[0.3948767452702042;0.6238349772783036;0.5716820747276538;0.800640306735753];0.7772698426058181;0.25
4462;0.6556238278306543;0.6717966809159654;5;0.5716519848119902;[0.5662008551260751;0.5823737082113862;0.7450468005352335;0.7612196536205447];0.7785415163972816;0.25
1105;0.006321910343744297;0.9531049834654446;6;0.4748545832572088;[-0.08397843069457672;0.8628046424271236;0.09662225138206532;1.0434053245037656];0.7706301423571241;0.25
8061;0.7265438165530301;0.6039660024724346;5;0.5769129556175365;[0.6369483124091646;0.5143704983285691;0.8161393206968957;0.6935615066163001];0.7735773183500814;0.25
4071;0.5087279142213154;0.6214527018345257;6;0.48510637708406157;[0.41973119029178774;0.5324559779049981;0.597724638150843;0.7104494257640533];0.7739260723316249;0.25
8991;0.44095563441553265;0.589080961709846;6;0.4626769986184099;[0.3557314408608834;0.5038567681551968;0.5261798279701819;0.6743051552644953];0.7776367070798492;0.25
1681;0.9023957926416128;0.6141948672197275;6;0.43748424787169554;[0.8184426799341654;0.5302417545122801;0.9863489053490603;0.6981479799271749];0.7695955945557809;0.25
6478;0.4566734971987654;0.5832922841026211;6;0.34387693187733737;[0.37110656799769176;0.4977253549015475;0.542240426399839;0.6688592133036948];0.7692017780671306;0.25
8834;0.6556438872486385;0.8750657473173792;6;0.4516070044917524;[0.5659375746865289;0.7853594347552696;0.7453501998107481;0.9647720598794888];0.7731135887928045;0.25
3689;0.8941989955033357;0.7987900096755345;6;0.411667748538022;[0.8036707975189374;0.7082618116911362;0.984727193487734;0.8893182076599327];0.7862584358096123;0.25
8918;0.7068482709253247;0.56471600655014;6;0.5376404320603575;[0.6180785432819111;0.47594627890672647;0.7956179985687382;0.6534857341935535];0.7812850437295735;0.25
6888;0.9195603204511137;0.10445662923922883;6;0.46182268985389463;[0.8310710835091855;0.015967392297300625;1.008049557393042;0.19294586618115703];0.7757164740217674;0.25
3655;0.7679962607969902;0.9639243349364051;6;0.5470990454497452;[0.6858846943767221;0.8818127685161368;0.8501078272172584;1.0460359013566733];0.7694806835456323;0.25
6084;0.3192669152679458;0.5639341701008939;6;0.5107141343304502;[0.23054377570030454;0.4752110305332526;0.4079900548355871;0.6526573096685351];0.7752568389294082;0.25
3011;0.8625044118465688;0.2333695473314401;6;0.594432907398095;[0.7768422816578708;0.14770741714274216;0.9481665420352667;0.31903167752013806];0.7728538571609341;0.25
179;0.4956287999192598;0.48792999294815714;6;0.7152990490885912;[0.40312924415688867;0.39543043718578597;0.5881283556816309;0.5804295487105283];0.7798383143041238;0.25
998;0.4335645903554715;0.8863718044873758;6;0.5141545039498977;[0.3455275137513987;0.7983347278833031;0.5216016669595444;0.9744088810914486];0.7669644717572963;0.25
1579;0.6709773228898801;0.4784284653362346;6;0.36834945297645305;[0.5820811227151208;0.3895322651614753;0.7598735230646394;0.5673246655109939];0.7768125958088107;0.25
8529;0.4866378411092468;0.8806790397580312;5;0.42131408137998133;[0.39526690426018507;0.7893081029089695;0.5780087779583085;0.9720499766070929];0.7691069315814353;0.25
8284;0.812456067096408;0.4997227345142587;7;0.48063096022316015;[0.7293683696573874;0.416635037075238;0.8955437645354287;0.5828104319532794];0.7760083244603229;0.25
5369;0.8760471010042926;0.514391204700852;6;0.3773541256614618;[0.7925785859442293;0.43092268964078867;0.959515616064356;0.5978597197609153];0.7782808946950522;0.25
1771;0.26056364135615995;0.9186981707040096;6;0.5076941585233924;[0.16879462881410637;0.826929158161956;0.35233265389821355;1.0104671832460632];0.7791000823892392;0.25
5027;0.9570739606535078;0.21594133369031165;6;0.3978556749453334;[0.8624834063764374;0.12135077941324121;1.0516645149305783;0.31053188796738207];0.7605902389724487;0.25
1629;0.39461942236778413;0.9197247046542316;6;0.5970311067299223;[0.30792312747104844;0.8330284097574959;0.4813157172645198;1.0064209995509672];0.7771239393164078;0.25
8241;0.31133319155735883;0.9350912144996377;6;0.345459051562393;[0.22699660082195083;0.8507546237642297;0.39566978229276684;1.0194278052350458];0.7718428101897802;0.25
1913;0.9374411332916396;0.9653501292557267;6;0.4868563395873118;[0.8509129457959446;0.8788219417600317;1.0239693207873346;1.0518783167514216];0.7769804662511616;0.25
9712;0.23889255222375694;0.7830882522195726;7;0.4051637224282007;[0.15499650408115617;0.6991922040769718;0.3227886003663577;0.8669843003621733];0.7755084436947739;0.25
6979;0.5707377975702987;0.9014062593175207;6;0.5911297304329286;[0.48176851199494897;0.8124369737421709;0.6597070831456485;0.9903755448928705];0.7753042712107409;0.25
9174;0.5588575690385592;0.6479053658760086;6;0.4118910135043441;[0.4700802171799702;0.5591280140174195;0.6476349208971482;0.7366827177345976];0.7778053297230189;0.25
1416;0.5098563979968125;0.8433966716762692;6;0.31752108961634984;[0.4215481209109832;0.7550883945904399;0.5981646750826417;0.9317049487620985];0.7787438064179681;0.25
6200;0.9061043103100354;0.7914222276577472;6;0.5777372355280823;[0.8166247626489819;0.7019426799966937;0.9955838579710888;0.8809017753188007];0.7745853604231953;0.25
5011;0.6024080375671538;0.7889990953135033;6;0.305552089943231;[0.5196803322336188;0.7062713899799682;0.6851357429006888;0.8717268006470384];0.7759928107881048;0.25
2228;0.3411455962659491;0.6402394725851526;6;0.4541881105895435;[0.2533229618289862;0.5524168381481898;0.42896823070291196;0.7280621070221154];0.7726916172870785;0.25
6364;0.7864940607211014;0.4466214887194643;6;0.3965460118929889;[0.698435952115471;0.3585633801138339;0.8745521693267317;0.5346795973250946];0.7817557912668553;0.25
9411;0.3477184134815594;0.46188270850221047;6;0.48063979245014044;[0.25759536580213893;0.37175966082279;0.4378414611609799;0.552005756181631];0.776403849360252;0.25
6654;0.08601182258334727;0.6773103097277644;6;0.5316705264545224;[0.001106043028806472;0.5924045301732236;0.1709176021378881;0.7622160892823052];0.7704846852371056;0.25
3719;0.6904684415264232;0.9746140782813631;6;0.5187626840660868;[0.6012597352951062;0.8854053720500462;0.7796771477577401;1.0638227845126802];0.7776414088084205;0.25
410;0.02387039120967216;0.15768948012900819;6;0.5474061817884927;[-0.06362530579283864;0.07019378312649739;0.11136608821218295;0.245185177131519];0.7725210213598062;0.25
3216;0.8912069407024007;0.031199316975246028;7;0.40966421348276916;[0.803644829649978;-0.05636279407717672;0.9787690517548234;0.11876142802766877];0.7734655086431587;0.25
8252;0.14351190812509051;0.42172005960236436;6;0.44690476292303166;[0.05566408632099139;0.33387223779826525;0.23135972992918963;0.5095678814064635];0.7788601332058043;0.25
4703;0.18007278250686132;0.45646954707550313;6;0.6492072693851646;[0.090673494188686;0.3670702587573278;0.26947207082503666;0.5458688353936785];0.7736976402139379;0.25
1672;0.583088236443668;0.7549626315291146;7;0.49779127353610403;[0.49518253244047056;0.667056927525917;0.6709939404468656;0.8428683355323121];0.7719955634477393;0.25
3355;0.954445969739065;0.7592886478241396;6;0.5262231747043721;[0.8668299076848002;0.6716725857698748;1.0420620317933298;0.8469047098784045];0.7777571342151245;0.25
8655;0.6664269982492439;0.6419904829622852;6;0.5396053328826338;[0.5791627873708419;0.5547262720838833;0.7536912091276459;0.7292546938406872];0.7773768449358868;0.25
5649;0.8436144136819542;0.2794878292423023;5;0.4116997281565217;[0.7548676483258171;0.19074106388616516;0.9323611790380913;0.36823459459843944];0.7793500453783002;0.25
3398;0.8339364409210738;0.7454428825371794;6;0.5089321948295675;[0.7496416898819802;0.6611481314980858;0.9182311919601673;0.829737633576273];0.7786464780306079;0.25
2012;0.3593867808556305;0.8215057185429268;6;0.697840325306326;[0.27041202048838825;0.7325309581756845;0.4483615412228728;0.910480478910169];0.7692341782419776;0.25
9638;0.2705718389230448;0.377057648562811;6;0.4334005413960277;[0.18675820370577145;0.2932440133455376;0.3543854741403182;0.46087128378008435];0.7747623009835054;0.25
6780;0.7918017917636574;0.9194555592506373;6;0.47940176396254897;[0.7023437590882814;0.8299975265752613;0.8812598244390334;1.0089135919260133];0.7803019090652771;0.25
4010;0.4946846035768863;0.9282995632656057;6;0.4919733146718375;[0.40497002562367973;0.8385849853123991;0.5843991815300928;1.0180141412188122];0.7852290354439102;0.25
4174;0.6570409955917942;0.6180110962497151;6;0.6910458083189995;[0.5652075287428668;0.5261776294007877;0.7488744624407215;0.7098445630986424];0.7786003029943906;0.25
8757;0.2890932225043368;0.536147193007459;6;0.3258008066706751;[0.20425747304907232;0.4513114435521946;0.37392897195960123;0.6209829424627235];0.7736396090827589;0.25
3564;0.38275611928847614;0.8541048668325597;6;0.43796840297312895;[0.2955450131422283;0.7668937606863119;0.46996722543472397;0.9413159729788075];0.7762144816760812;0.25
8706;0.8184030142654526;0.7429760735683654;6;0.6064900940449321;[0.7317327167232416;0.6563057760261544;0.9050733118076636;0.8296463711105764];0.7727706948354351;0.25
1491;0.34532374704776364;0.5539079450954005;6;0.4959767342637243;[0.2530785843666834;0.4616627824143203;0.4375689097288439;0.6461531077764808];0.7819744395718825;0.25
9349;0.9791730464312616;0.8449735223691119;6;0.5441800129803978;[0.893855811743496;0.7596562876813464;1.064490281119027;0.9302907570568775];0.7752444089588154;0.25
4409;0.9545004022306535;0.8278894243226966;6;0.5439869839219045;[0.8622755175447928;0.735664539636836;1.0467252869165142;0.9201143090085573];0.7634046529775806;0.25
2205;0.1644327929402395;0.8914467170106168;6;0.619007396241052;[0.0794355423071604;0.8064494663775378;0.24943004357331858;0.9764439676436959];0.7778586531658293;0.25
5024;0.6456357891452944;0.6542773729172762;7;0.43994003534263515;[0.559430800496641;0.5680723842686227;0.7318407777939478;0.7404823615659296];0.7723273420485394;0.25
656;0.49664162779390175;0.974452933384783;6;0.385389024007533;[0.40564901311081614;0.8834603187016974;0.5876342424769874;1.0654455480678686];0.7788314734843739;0.25
5366;0.8308822248184354;0.195516761273678;6;0.4441935890301849;[0.7444767093856748;0.1091112458409173;0.9172877402511961;0.2819222767064387];0.7772703464387823;0.25
9934;0.7449550814128617;0.1328922085898513;6;0.4336973744998334;[0.6587129686168361;0.04665009579382577;0.8311971942088873;0.2191343213858768];0.7797903551987944;0.25
3291;0.7531336384887664;0.518080623216378;6;0.49882872208956464;[0.6715257607096666;0.4364727454372783;0.8347415162678661;0.5996885009954778];0.7677113230308147;0.25
7224;0.18968084313073907;0.5365827507372735;6;0.613645765525149;[0.0973573841738706;0.444259291780405;0.2820043020876075;0.6289062096941419];0.7735522104927329;0.25
4207;0.9980772715419219;0.7219233806539591;6;0.4038404746832804;[0.9108479681333413;0.6346940772453785;1.0853065749505024;0.8091526840625397];0.7781877913687011;0.25
9226;0.6170051364038737;0.8217052039277577;6;0.5439293529403387;[0.5277173207915272;0.7324173883154113;0.7062929520162201;0.9109930195401041];0.7706040076575511;0.25
6709;0.7504363690778159;0.7791867030978227;6;0.5900957774698801;[0.6598289567118109;0.6885792907318177;0.8410437814438209;0.8697941154638277];0.7770232433622289;0.25
9626;0.8306610068902326;0.8133074923883781;6;0.6017940770655397;[0.7414518630312436;0.724098348529389;0.9198701507492216;0.9025166362473671];0.7718234793619141;0.25
4075;0.8784851729055119;0.5265411356989546;6;0.5767120994677913;[0.7907325782918321;0.43878854108527476;0.9662377675191917;0.6142937303126343];0.7724846357173178;0.25
9256;0.34307828180328737;0.6860931484760857;6;0.36838144329728173;[0.25728245095175345;0.6002973176245519;0.4288741126548213;0.7718889793276196];0.7733966967857362;0.25
3743;0.8257680641174028;0.4573340644447168;6;0.5894769649100616;[0.741025617493413;0.37259161782072703;0.9105105107413926;0.5420765110687066];0.7738069625463972;0.25
1418;0.8417782967966092;0.40107691770933684;6;0.49406148283379875;[0.7543224223022873;0.31362104321501494;0.9292341712909311;0.48853279220365875];0.7830969047179662;0.25
8368;0.9815421906243826;0.6779147144682884;6;0.4071419140722769;[0.8944406182282929;0.5908131420721987;1.0686437630204724;0.7650162868643782];0.777780483007317;0.25
8131;0.9584757046054685;0.05457291211645465;6;0.4684139480666406;[0.8713998099373399;-0.032502982551673915;1.045551599273597;0.14164880678458322];0.7718989469662195;0.25
6151;0.8604967545584056;0.47631878796146776;6;0.4917906095370917;[0.7729088892585412;0.3887309226616034;0.94808461985827;0.5639066532613322];0.7782427828838804;0.25
2973;0.9712864001027389;0.3320533676476401;6;0.4195307951095868;[0.8864975350193381;0.24726450256423932;1.0560752651861396;0.4168422327310409];0.7815898743902481;0.25
8300;0.3698301085651087;0.3135174251481943;6;0.3984855980459661;[0.2857264298997369;0.22941374648282253;0.45393378723048045;0.3976211038135661];0.769330109356894;0.25
3379;0.8794745626822694;0.18132490345607177;6;0.6254172393134053;[0.7892669218957755;0.09111726266957788;0.9696822034687633;0.2715325442425657];0.770876209877055;0.25
8267;0.8620415145461632;0.5455675023952409;6;0.4335869423977279;[0.7728267034789426;0.45635269132802025;0.9512563256133838;0.6347823134624615];0.7670697993826386;0.25
3601;0.41345241407794375;0.7677444918627037;6;0.295631923235405;[0.325443839672077;0.6797359174568369;0.5014609884838105;0.8557530662685704];0.7775098067678898;0.25
6064;0.7820061247617429;0.7679606950769644;6;0.6379690603282157;[0.6937514790498446;0.6797060493650661;0.8702607704736413;0.8562153407888627];0.7847608645989747;0.25
9668;0.33441832154551043;0.5504309541868807;6;0.4762898286692891;[0.2461792488636536;0.4621918815050239;0.42265739422736726;0.6386700268687375];0.7749798080497436;0.25
4246;0.1428276736024049;0.7477833430110956;6;0.5832140993662;[0.054798059403447744;0.6597537288121385;0.23085728780136205;0.8358129572100528];0.7822149202584615;0.25
1234;0.6629090489367743;0.9330337922398103;5;0.5368950983598738;[0.577238130143681;0.847362873446717;0.7485799677298676;1.0187047110329037];0.786889742730668;0.25
6229;0.9141743199522612;0.521977375813526;6;0.5074249543944086;[0.8252387876588391;0.4330418435201039;1.0031098522456832;0.6109129081069481];0.7677824092180445;0.25
4098;0.7702783999532167;0.5837856612738714;6;0.6476107956631687;[0.6840869704105745;0.49759423173122924;0.8564698294958588;0.6699770908165137];0.7736968727089883;0.25
9393;0.7388490334873798;0.19533863020678638;6;0.6072192257304356;[0.6519270218508935;0.10841661857029998;0.8257710451238662;0.28226064184327276];0.7779901853545634;0.25
4270;0.6918314785378927;0.9332469319591699;6;0.4672518631101374;[0.6072395452301204;0.8486549986513975;0.7764234118456651;1.0178388652669423];0.7753512657598337;0.25
6893;0.5340313931405671;0.40774589699135655;6;0.48649960483218857;[0.4496312742777921;0.3233457781285815;0.6184315120033422;0.4921460158541316];0.7723717432560369;0.25
2234;0.7534416489321925;0.04549533479547613;6;0.5251542565650915;[0.6704936343262148;-0.037452679810501543;0.8363896635381701;0.1284433494014538];0.7811126121930136;0.25
7284;0.9397921927614264;0.7043422486717019;6;0.3868646998720484;[0.8539528090123347;0.6185028649226103;1.0256315765105182;0.7901816324207935];0.7756016203439603;0.25
2106;0.5295100471006644;0.6001079422261617;6;0.4349753490035921;[0.4436067067256655;0.5142046018511628;0.6154133874756633;0.6860112826011606];0.7815448136678618;0.25
5250;0.7490246466657732;0.25377811769449193;6;0.4949954737052251;[0.6620926241363596;0.16684609516507842;0.8359566691951867;0.34071014022390544];0.7693550917964197;0.25
907;0.6037737537009982;0.128314074274629;6;0.4547608032917931;[0.5175997694078589;0.042140089981489756;0.6899477379941374;0.2144880585677682];0.7679840021977845;0.25
5670;0.4329386407911918;0.21166269971609314;6;0.6155199062549648;[0.3457225202248344;0.12444657914973571;0.5201547613575492;0.29887882028245055];0.7751471296925437;0.25
6505;0.7251152713319979;0.46567631822996863;6;0.47064010319965743;[0.6351977906403973;0.375758837538368;0.8150327520235986;0.5555937989215693];0.7678550449832139;0.25
3555;0.6345064475641644;0.34691634399099536;6;0.2790050373413686;[0.5458713149144937;0.25828121134132465;0.7231415802138351;0.43555147664066607];0.7719188261482963;0.25
8164;0.33126415847960744;0.4085061790817867;6;0.5081897926132511;[0.24665211030884432;0.3238941309110236;0.41587620665037056;0.49311822725254983];0.7741135130312528;0.25
5353;0.8897503470628776;0.9672291126320088;6;0.42009352788410237;[0.8028996584118988;0.8803784239810301;0.9766010357138564;1.0540798012829877];0.7753566160903498;0.25
9611;0.7348502654433144;0.8222787671742458;6;0.5966418674167266;[0.6493348937466603;0.7367633954775916;0.8203656371399686;0.9077941388708999];0.7783335282235532;0.25
2560;0.7811624843344681;0.8334717163238559;6;0.4202441174500138;[0.69725102711933;0.7495602591087177;0.8650739415496063;0.917383173538994];0.7787305694586321;0.25
290;0.7493146904706429;0.26369954271780544;6;0.312166915580698;[0.6651493131519931;0.1795341653991556;0.8334800677892927;0.3478649200364553];0.7744649998718733;0.25
7616;0.7696098060589573;0.7012162764139158;6;0.3595394723736144;[0.6822090205999568;0.6138154909549153;0.8570105915179579;0.7886170618729164];0.7718103958360886;0.25
2003;0.7654579959316525;0.4313656289369398;6;0.5220318247556289;[0.6750957865893311;0.34100341959461844;0.855820205273974;0.5217278382792612];0.7661999367541222;0.25
4853;0.1558007894522795;0.8184996446513648;6;0.449063364864788;[0.07026237142137248;0.7329612266204578;0.2413392074831865;0.9040380626822718];0.7777512384983812;0.25
8716;0.3469340154305631;0.9285522140712916;6;0.5039564432348723;[0.2598246910263522;0.8414428896670807;0.43404333983477406;1.0156615384755026];0.7730686037191472;0.25
5419;0.8987278661264216;0.0689387172786205;6;0.42401660035501876;[0.8125689739955916;-0.01722017485220953;0.9848867582572517;0.15509760940945053];0.7713937486585035;0.25
3348;0.8219777633595964;0.49810229427966696;6;0.41794820427534474;[0.7307299842923002;0.4068545152123708;0.9132255424268926;0.5893500733469631];0.7772978937779225;0.25
5146;0.965180183125506;0.2660641871116579;6;0.4560224423233742;[0.8771739238379459;0.17805792782409782;1.0531864424130661;0.35407044639921803];0.7868689469943124;0.25
4808;0.6725988621258852;0.4727665170564784;6;0.6833155576231752;[0.5830246620145214;0.38319231694511463;0.7621730622372489;0.5623407171678421];0.7840495563363538;0.25
1738;0.6057122118690544;0.6236695073066065;6;0.4090616928690954;[0.5213369284125083;0.5392942238500604;0.6900874953256005;0.7080447907631526];0.7714421603081832;0.25
9830;0.1903632529910777;0.4413768841816723;6;0.46116932137112626;[0.10698957781915942;0.358003209009754;0.273736928162996;0.5247505593535906];0.7770035188633642;0.25
4653;0.4846333115228679;0.28500268544190394;6;0.4103389478512699;[0.39835342190767165;0.19872279582670765;0.5709132011380642;0.3712825750571002];0.7761557848601738;0.25
9172;0.7963718469565607;0.9129568551405788;6;0.4728449995115766;[0.7076821514513548;0.8242671596353729;0.8850615424617666;1.0016465506457848];0.7719721031262634;0.25
2776;0.6754463679185712;0.7365147757967687;6;0.4839005561689284;[0.5866237336225719;0.6476921415007695;0.7642690022145704;0.825337410092768];0.7789520566575455;0.25
8505;0.8660108331531278;0.676914300968711;6;0.4843248509921544;[0.7802038208510437;0.5911072886666269;0.9518178454552119;0.7627213132707951];0.7738866103047167;0.25
4100;0.878445262474267;0.12788113604970835;6;0.45241804082706477;[0.7897082169291317;0.039144090504573084;0.9671823080194023;0.21661818159484364];0.7714404078206509;0.25
196;0.6210363872971332;0.25950126759322567;6;0.5437645168317302;[0.5374861940279573;0.17595107432404974;0.7045865805663091;0.34305146086240157];0.7736664649989834;0.25
2881;0.6644701250808165;0.266718157217004;6;0.5339395502937734;[0.5729099310196044;0.1751579631557919;0.7560303191420286;0.35827835127821606];0.7818070558923385;0.25
63;0.11172801990846992;0.4928942869908473;6;0.580138235141077;[0.025529840214875074;0.4066961072972525;0.19792619960206476;0.5790924666844421];0.770396438408989;0.25
7370;0.9201788588015059;0.7195533514901888;6;0.3753208599205548;[0.8348747251360359;0.6342492178247189;1.005482992466976;0.8048574851556588];0.7727125061793455;0.25
9803;0.5427712274001463;0.7355062460477001;6;0.4070444965029048;[0.4536087735452816;0.6463437921928354;0.6319336812550109;0.8246686999025648];0.785504578695741;0.25
7823;0.9725874796148748;0.6296255310624566;6;0.3543242086320878;[0.8802942694487375;0.5373323208963192;1.0648806897810121;0.7219187412285939];0.7651743715254677;0.25
2037;0.8444923253613971;0.4370390839614319;6;0.26188097558093104;[0.7578240498753245;0.3503708084753593;0.9311606008474697;0.5237073594475045];0.776538814992601;0.25
6273;0.8604671473924144;0.6780850890454643;7;0.7129697386146103;[0.7727982861077334;0.5904162277607833;0.9481360086770954;0.7657539503301453];0.7709211054434251;0.25
1709;0.07612589350742538;0.8605226165831615;6;0.5020933157770067;[-0.008832552851934988;0.7755641702238012;0.16108433986678575;0.9454810629425219];0.769531164871718;0.25
9240;0.18061906215004686;0.6510493762032663;6;0.34948376731839903;[0.09405706266144066;0.5644873767146601;0.2671810616386531;0.7376113756918725];0.773984180437136;0.25
973;0.8694281300939832;0.5140770927580424;6;0.5907523211267276;[0.7832178901073219;0.42786685277138103;0.9556383700806446;0.6002873327447037];0.7787018356516497;0.25
7331;0.4557777775610886;0.8380821849578627;6;0.484529253109228;[0.3719552567163248;0.7542596641130989;0.5396002984058524;0.9219047058026265];0.7719863336214502;0.25
5599;0.5812856633326373;0.5121942243432416;6;0.6021756863833615;[0.49272366682569146;0.4236322278362957;0.6698476598395832;0.6007562208501874];0.7759454762604422;0.25
5952;0.7835580413848285;0.5522023215219678;6;0.46450821781557033;[0.6977546979038358;0.466398978040975;0.8693613848658213;0.6380056650029605];0.7735274871235093;0.25
2587;0.5617276417325126;0.5917425301850298;6;0.4761620588219362;[0.47308164568223177;0.503096534134749;0.6503736377827933;0.6803885262353105];0.7765963664720184;0.25
9681;0.2696676981446119;0.8223978446678929;6;0.5080516228853955;[0.18068496593039096;0.733415112453672;0.3586504303588328;0.9113805768821138];0.7833884481104347;0.25
7651;0.7791411607234027;0.6952257111700861;6;0.5032280667632423;[0.6916312912903391;0.6077158417370225;0.8666510301564663;0.7827355806031497];0.7811962062787526;0.25
9264;0.9906627213667193;0.7737406752699927;6;0.5762937618221449;[0.9061877124002138;0.6892656663034872;1.0751377303332248;0.8582156842364982];0.782203820338695;0.25
1823;0.38061893553711;0.5165395721294381;6;0.6172359761873489;[0.29476757105342893;0.43068820764575705;0.4664703000207911;0.6023909366131193];0.7788751106746703;0.25
8599;0.5965777147319068;0.6464962693345012;6;0.4939337842399456;[0.5037015191869874;0.5536200737895818;0.6894539102768262;0.7393724648794207];0.7740733758070544;0.25
6521;0.8033184329061687;0.648318533724562;6;0.5567738746377385;[0.7208976388760471;0.5658977396944405;0.8857392269362903;0.7307393277546836];0.7719856988870496;0.25
973;0.8914158869448974;0.17703340756430547;6;0.5907523211267276;[0.802617733617024;0.08823525423643216;0.9802140402727707;0.26583156089217874];0.7787018356516497;0.25
3350;0.7204838578254855;0.46184487690413173;6;0.4704150523106123;[0.6330663167768051;0.3744273358554514;0.8079013988741659;0.549262417952812];0.7753106278186694;0.25
8486;0.7002900451371397;0.4850895899136232;6;0.5682691793427159;[0.6117655046134152;0.39656504938989867;0.7888145856608642;0.5736141304373478];0.7701997546325711;0.25
4288;0.328937002839392;0.7239262128252157;6;0.4636363492870085;[0.24462577619105494;0.6396149861768787;0.413248229487729;0.8082374394735528];0.7768871736294775;0.25
817;0.3784875477673739;0.3366374592895559;6;0.5730621754426093;[0.2912163142932582;0.24936622581544018;0.4657587812414896;0.4239086927636716];0.7714865580778738;0.25
5720;0.9712892632498158;0.9665736114246475;6;0.5951420907292033;[0.8836290655135237;0.8789134136883554;1.0589494609861079;1.0542338091609396];0.7861351121875977;0.25
713;0.7361149512449401;0.9597700592072893;6;0.3620655321868012;[0.6465368755718145;0.8701919835341637;0.8256930269180657;1.0493481348804148];0.7791441637578549;0.25
3582;0.03733927606128995;0.46718451332495975;6;0.5584055356214389;[-0.04973820702100974;0.38010703024266007;0.12441675914358964;0.5542619964072595];0.7737722301328074;0.25
731;0.8205401423582754;0.44440342050860426;6;0.5828817913191807;[0.7357156086428327;0.3595788867931615;0.9053646760737182;0.529227954224047];0.7784594067533015;0.25
4908;0.2307560896045946;0.04848034482707314;6;0.42777449057176664;[0.14492330870802594;-0.037352436069495495;0.31658887050116324;0.1343131257236418];0.7696802354669151;0.25
5367;0.37327948785831777;0.32246394424238767;6;0.405873877654071;[0.28698497531813916;0.23616943170220905;0.4595740003984964;0.4087584567825663];0.7720201929101737;0.25
5333;0.29760096288469784;0.7111316838907171;6;0.4187432738507491;[0.21537659635506642;0.6289073173610857;0.3798253294143292;0.7933560504203485];0.7690466523698045;0.25
56;0.5178087551396264;0.2511008937829924;6;0.5632983969007976;[0.4296760557089167;0.16296819435228266;0.6059414545703361;0.3392335932137021];0.7881093694660423;0.25
7469;0.5205179375497753;0.8059887705079702;6;0.43688458358508947;[0.4305288615931616;0.7159996945513566;0.6105070135063889;0.8959778464645839];0.7731415471987145;0.25
2588;0.9789544858553915;0.24382929940794612;6;0.6038008633563257;[0.8944173946379332;0.15929220819048784;1.0634915770728497;0.3283663906254044];0.7707501476834026;0.25
9814;0.3268707008825743;0.5501069973759121;6;0.4733716618348352;[0.24258643944301045;0.4658227359363482;0.41115496232213816;0.6343912588154759];0.7750866011921961;0.25
5769;0.9073776449401917;0.14177263277848573;6;0.5780133453303609;[0.8197833663491382;0.05417835418743218;0.9949719235312452;0.2293669113695393];0.777151106580584;0.25
2916;0.8059080218634607;0.511043394933632;6;0.5665422682950012;[0.7231766726869885;0.4283120457571598;0.8886393710399328;0.5937747441101042];0.7694512066477917;0.25
4847;0.7414926606313729;0.8897255730409139;7;0.5200555907777479;[0.6581325427513756;0.8063654551609166;0.8248527785113702;0.9730856909209112];0.7796353245228256;0.25
7965;0.8805048577151524;0.296544516306105;6;0.5505645711815182;[0.7952762474307479;0.21131590602170053;0.965733467999557;0.3817731265905095];0.771585950210504;0.25
4797;0.8141169899101401;0.09511516260212038;6;0.49517795423482674;[0.7338263692388378;0.014824541930818072;0.8944076105814425;0.1754057832734227];0.7741803903372169;0.25
9945;0.5050701497960006;0.14907219570058033;6;0.5905489092745034;[0.4209218368652148;0.06492388276979448;0.5892184627267865;0.23322050863136617];0.7751850783485164;0.25
7060;0.6738385880897884;0.9981804354254232;6;0.3357747882309862;[0.5898760712928467;0.9142179186284816;0.75780110488673;1.082142952222365];0.7744967171442286;0.25
9604;0.9532607951243479;0.5780967364198077;6;0.3309008950418464;[0.8643721757210154;0.4892081170164753;1.0421494145276804;0.6669853558231402];0.7760635219518961;0.25
6136;0.6541399639599588;0.962734973807887;6;0.4218536959303579;[0.570035699679536;0.8786307095274642;0.7382442282403815;1.0468392380883096];0.7734685243167617;0.25
7200;0.83482739214551;0.967787819738835;5;0.5572157559767148;[0.7429969720453273;0.8759573996386523;0.9266578122456928;1.0596182398390177];0.7762650910807279;0.25
5116;0.33410161761708335;0.20882858948359412;6;0.5468334260710331;[0.2484023590228271;0.12312933088933785;0.4198008762113396;0.2945278480778504];0.7726855298224837;0.25
88;0.7857668344757647;0.3647255858825138;5;0.5929775223844622;[0.6926968433471286;0.2716555947538777;0.8788368256044008;0.4577955770111499];0.7712018238351702;0.25
5136;0.5369046354158047;0.5589086768677766;6;0.4854160476222604;[0.4491673945502306;0.47117143600220246;0.6246418762813788;0.6466459177333507];0.7678439055205838;0.25
743;0.30032048587479654;0.10005398642681251;6;0.40286002432228374;[0.21310697436274317;0.012840474914759134;0.3875339973868499;0.18726749793886588];0.7685630172960285;0.25
6374;0.835180286665143;0.3280456570681083;6;0.6252527751397865;[0.7477552743567378;0.24062064475970318;0.9226052989735481;0.4154706693765134];0.7795118841214904;0.25
1569;0.6445470577468815;0.41790618132706564;7;0.41236891750032406;[0.5586996998677248;0.33205882344790894;0.7303944156260381;0.5037535392062223];0.7725777349459331;0.25
6593;0.8229903516170125;0.04761314782953635;6;0.3940393267334409;[0.7368226029567276;-0.03855460083074848;0.9091581002772974;0.13378089648982117];0.7795049140527895;0.25
8873;0.7126374562878608;0.6629890144136419;6;0.5511731441853901;[0.6232525709344889;0.57360412906027;0.8020223416412327;0.7523738997670137];0.7735935662708604;0.25
935;0.9344160993008291;0.8019393052772257;6;0.6777333710716766;[0.8473761211518942;0.7148993271282906;1.021456077449764;0.8889792834261607];0.7777228009705641;0.25
8447;0.9072766400525965;0.17585677086529428;6;0.3442937525166294;[0.8195504189175677;0.08813054973026559;0.9950028611876252;0.263582992000323];0.773316562001696;0.25
3729;0.527627480498998;0.3960197678545416;6;0.5275395282186413;[0.43748360991897944;0.3058758972745231;0.6177713510790165;0.4861636384345602];0.7729483940815921;0.25
8284;0.9270879454686859;0.8408519246958466;7;0.48063096022316015;[0.8404675740273365;0.7542315532544972;1.0137083169100352;0.927472296137196];0.7760083244603229;0.25
5726;0.8313104327349778;0.42482643870682557;6;0.7304380892734935;[0.739990480260627;0.3335064862324747;0.9226303852093287;0.5161463911811764];0.77840769196336;0.25
8797;0.8273036186254356;0.4782718991842148;6;0.5373745661207662;[0.7422939167239793;0.3932621972827586;0.9123133205268918;0.563281601085671];0.7761750093588413;0.25
3654;0.9343396374974962;0.03431807870492537;6;0.4493451220872112;[0.8450569416901044;-0.05496461710246646;1.023622333304888;0.1236007745123172];0.7640293377558061;0.25
7396;0.9339131957547547;0.3729931500150681;6;0.5563971923354691;[0.8426978317889562;0.28177778604926956;1.0251285597205533;0.46420851398086665];0.7780352213767479;0.25
5705;0.26719894270451006;0.2870200531674951;6;0.4494353860522551;[0.17873148223076535;0.19855259269375042;0.35566640317825476;0.37548751364123983];0.7653717720148147;0.25
2656;0.972730113032813;0.3141966735369316;6;0.5317957910936971;[0.8886705309821656;0.2301370914862842;1.0567896950834603;0.398256255587579];0.778607864130679;0.25
2531;0.29370116532894264;0.48432124397598664;6;0.4636185201260421;[0.20746010971657167;0.3980801883636157;0.3799422209413136;0.5705622995883576];0.7853453922099815;0.25
7284;0.9337944020422647;0.6179446033937461;6;0.3868646998720484;[0.8439825022496513;0.5281327036011327;1.023606301834878;0.7077565031863595];0.7756016203439603;0.25
4659;0.771512837958249;0.037504341930601814;6;0.45283683649647877;[0.6821665206762627;-0.05184197535138446;0.8608591552402353;0.1268506592125881];0.7812256559294892;0.25
423;0.6756146411293533;0.9380743929529942;6;0.48678378883666706;[0.587746398158407;0.8502061499820479;0.7634828841002996;1.0259426359239405];0.7782528262138735;0.25
6831;0.1811473383126505;0.758563679179581;6;0.5923179466380648;[0.09652281900013596;0.6739391598670664;0.2657718576251651;0.8431881984920956];0.775358064928371;0.25
1237;0.4083192992624963;0.09869859894789751;6;0.6762047745856534;[0.32114292647407117;0.01152222615947232;0.4954956720509215;0.1858749717363227];0.771257535397544;0.25
4889;0.13424766803504762;0.969931450039597;6;0.38843453624719626;[0.04558293425652156;0.881266716261071;0.2229124018135737;1.058596183818123];0.7686017594219376;0.25
6817;0.8748503464485387;0.3703768360122007;6;0.4649368187067697;[0.786565012974205;0.282091502537867;0.9631356799228723;0.45866216948653443];0.7764796507820642;0.25
2277;0.7594212274811305;0.0858766200060384;5;0.4634930416261473;[0.673027795647727;-5.168118273651268E-4;0.845814659314534;0.17227005183944194];0.7812307381113123;0.25
4212;0.9809546620136751;0.3955554167807738;6;0.4704463255699037;[0.8958178788159844;0.3104186335830831;1.066091445211366;0.4806921999784646];0.7715197205484833;0.25
4567;0.9833590480233789;0.3821704331093737;6;0.452032896151274;[0.8964875151601883;0.29529890024618305;1.0702305808865695;0.46904196597256437];0.7683777257809966;0.25
1374;0.9466240059550693;0.23117719681646298;6;0.5850993707257833;[0.8608155222903141;0.14536871315170774;1.0324324896198245;0.3169856804812182];0.7700487761911415;0.25
8552;0.9474807830616664;0.4597487830834999;6;0.3844524268550714;[0.8644589054435249;0.3767269054653584;1.0305026606798078;0.5427706607016414];0.7809280000479977;0.25
2635;0.8099522209402215;0.15695116957700528;6;0.5085563306893249;[0.7229722152058133;0.0699711638425972;0.8969322266746296;0.24393117531141334];0.7749101354119313;0.25
8236;0.6434622414787379;0.8373316601843511;6;0.5546105778189632;[0.555520425672794;0.7493898443784073;0.7314040572846817;0.925273475990295];0.7746041330004957;0.25
3568;0.11824268419604056;0.5067483838282042;6;0.4609077933208819;[0.031063647518031756;0.4195693471501954;0.20542172087404936;0.593927420506213];0.7795268028616079;0.25
8269;0.3349243187443711;0.6074699404820812;6;0.5533822203072057;[0.24674464451213873;0.5192902662498489;0.4231039929766035;0.6956496147143136];0.7819855349907971;0.25
3593;0.9002350733812026;0.2939366561804949;6;0.45596565664373967;[0.8150176483325682;0.20871923113186056;0.985452498429837;0.3791540812291293];0.7743129448047443;0.25
5678;0.884707681130976;0.7265543262444051;5;0.45233537670914087;[0.7919896450347296;0.6338362901481587;0.9774257172272224;0.8192723623406515];0.783813800191842;0.25
9595;0.9696806474289763;0.7378807429554294;6;0.5819720120607305;[0.875061793573313;0.6432618890997661;1.0642995012846397;0.8324995968110926];0.7864418131541399;0.25
5000;0.4877181260359217;0.6423356819144374;6;0.6983841978623684;[0.3986787523102643;0.55329630818878;0.5767574997615791;0.7313750556400948];0.7763207762976353;0.25
9678;0.12269537112840212;0.9667742518091607;6;0.5630882387454227;[0.03636911431212059;0.8804479949928792;0.20902162794468365;1.0531005086254421];0.7756627221066215;0.25
2227;0.7087594853755528;0.2901859190961269;6;0.5776438824556553;[0.6235235833399347;0.20495001706050886;0.7939953874111708;0.37542182113174494];0.7745754923364198;0.25
7050;0.998654819223653;0.9059852864069617;6;0.3454820800081847;[0.9149184153855213;0.8222488825688301;1.0823912230617845;0.9897216902450934];0.7707074485163227;0.25
5748;0.9826199824923181;0.5750334156691429;6;0.5460868497528318;[0.8906674688932376;0.4830809020700624;1.0745724960913985;0.6669859292682234];0.777076691154967;0.25
2226;0.7344365632789154;0.38905148912378984;6;0.5446015758529248;[0.6496600983793491;0.3042750242242236;0.8192130281784816;0.4738279540233561];0.7668035035624218;0.25
7551;0.28092459918087487;0.6689490694704144;6;0.2606387725824888;[0.19158688103116467;0.5796113513207042;0.37026231733058507;0.7582867876201247];0.776353865177747;0.25
2264;0.9695579877686521;0.8751099839622674;6;0.5764543689223424;[0.8835224934595783;0.7890744896531936;1.0555934820777257;0.9611454782713411];0.7726046651236268;0.25
4498;0.6929585473330593;0.2094560108912386;6;0.41836591749510177;[0.6010213453264002;0.11751880888457944;0.7848957493397184;0.3013932128978978];0.7754365722430909;0.25
9543;0.677134505386634;0.47943705440873036;7;0.48331132556271733;[0.5872102673134699;0.38951281633556634;0.7670587434597981;0.5693612924818944];0.7784764952300215;0.25
4115;0.9743996014062151;0.12461342846055518;6;0.5661504993111373;[0.8826455041695378;0.03285933122387795;1.0661536986428923;0.2163675256972324];0.7744473842284915;0.25
1102;0.8002036077557206;0.696256648524084;6;0.35695191981133856;[0.7095594221831765;0.6056124629515398;0.8908477933282648;0.7869008340966281];0.7700571881081582;0.25
9360;0.20453034795614355;0.255074568741511;6;0.39628399406891085;[0.11474795548006661;0.16529217626543408;0.2943127404322205;0.34485696121758797];0.7677840602395056;0.25
9001;0.6226547092276566;0.8304895485222311;7;0.4191586353899662;[0.5332094873681801;0.7410443266627545;0.7120999310871332;0.9199347703817077];0.7753531010404672;0.25
3509;0.9966853687538164;0.7000559900837671;6;0.4774666682530887;[0.9089997792412452;0.6123704005711958;1.0843709582663876;0.7877415795963383];0.782360701205894;0.25
937;0.36153337991751344;0.5989591976370606;6;0.45774771725619934;[0.2729341393097481;0.5103599570292953;0.4501326205252788;0.687558438244826];0.7709281402298003;0.25
8554;0.31460813247769825;0.556049571048855;6;0.32789640196557635;[0.2265996897870951;0.46804112835825185;0.4026165751683014;0.6440580137394581];0.7802072308397066;0.25
795;0.7327234663450328;0.5233301306585432;6;0.4791908342784008;[0.6510745475041679;0.4416812118176783;0.8143723851858977;0.6049790494994081];0.7717495102517405;0.25
8438;0.12137802557056676;0.4322976948895872;6;0.5587910950315018;[0.03190194701191823;0.34282161633093866;0.2108541041292153;0.5217737734482357];0.776424261992519;0.25
868;0.5241622842725451;0.9248759684744206;6;0.4470825256927444;[0.43629126220242276;0.8370049464042982;0.6120333063426674;1.012746990544543];0.7745890729926006;0.25
7236;0.9909675431930943;0.4258822276360196;6;0.4572871279825361;[0.9045735859290152;0.33948827037194035;1.0773615004571735;0.5122761849000987];0.7863101701661792;0.25
1799;0.39699828614119115;0.21902714426925213;6;0.5237640751736646;[0.30729537956001496;0.1293242376880759;0.48670119272236734;0.3087300508504284];0.7785011377985493;0.25
9605;0.7056691325765432;0.5049767296391289;6;0.5708780894470347;[0.6227947809423635;0.42210237800494926;0.7885434842107228;0.5878510812733084];0.7776199191679437;0.25
7029;0.9623002417049676;0.03784952375884654;6;0.3141138593019148;[0.872912599423356;-0.05153811852276516;1.0516878839865793;0.12723716604045823];0.779571210314506;0.25
7093;0.2562319413159364;0.4828895887550912;6;0.6659572313848034;[0.1678768497426732;0.394534497181828;0.3445870328891996;0.5712446803283544];0.7729380361556786;0.25
3605;0.4434411477247411;0.2366280886845601;6;0.5677605682012217;[0.3538559245995603;0.1470428655593793;0.5330263708499219;0.3262133118097409];0.7794322133932129;0.25
1320;0.5291467073959091;0.2639288684629423;6;0.5796146825075892;[0.4430944167683238;0.17787657783535699;0.6151989980234944;0.34998115909052757];0.7711097440909792;0.25
8242;0.5411102989440844;0.6146310062240703;6;0.3923637827636294;[0.4492297627017202;0.5227504699817062;0.6329908351864485;0.7065115424664344];0.7783013982977902;0.25
9042;0.4418346572520127;0.9320769605460745;6;0.46116552664776;[0.3517643095281217;0.8420066128221835;0.5319050049759037;1.0221473082699655];0.7692927758394975;0.25
9554;0.6784127411998552;0.8519124792518638;6;0.6571923666297877;[0.590191470259016;0.7636912083110245;0.7666340121406944;0.940133750192703];0.7732291864804164;0.25
4185;0.7933064071155423;0.19754033720715797;6;0.47182031587780643;[0.7066543324754957;0.11088826256711136;0.879958481755589;0.28419241184720456];0.7703325253505512;0.25
6696;0.5952677791083167;0.6198380863537754;6;0.3165366615286116;[0.50654084955135;0.5311111567968086;0.6839947086652834;0.7085650159107421];0.778917255128618;0.25
3903;0.6829947986241878;0.7387595441403892;6;0.602795796870909;[0.597194669695382;0.6529594152115835;0.7687949275529935;0.824559673069195];0.7745102973610993;0.25
362;0.5049063901691804;0.38417947986712087;5;0.46889384526259187;[0.41984213622927813;0.2991152259272186;0.5899706441090826;0.4692437338070231];0.7765061777577319;0.25
4830;0.9718169087875872;0.3839044039345897;6;0.5158891339495558;[0.8796780491046509;0.2917655442516534;1.0639557684705234;0.47604326361752597];0.7805937944768597;0.25
4991;0.638466774349798;0.2692521924952037;6;0.47069074765218605;[0.551308538674496;0.18209395681990165;0.7256250100251;0.3564104281705058];0.779790380872605;0.25
2322;0.5177815744426446;0.35537422995176804;6;0.761825094368753;[0.43301849637269874;0.27061115188182217;0.6025446525125905;0.4401373080217139];0.771977976159927;0.25
2510;0.6671876384571956;0.469919943515946;6;0.47952966558935944;[0.574553920883526;0.3772862259422764;0.7598213560308653;0.5625536610896156];0.7753625375047689;0.25
4085;0.2169900587570105;0.1820267786019233;6;0.46063606169259114;[0.12752280069431648;0.09255952053922929;0.3064573168197045;0.2714940366646173];0.776879261342399;0.25
6283;0.2563022160545243;0.7960186117197039;6;0.5050196100632576;[0.16948887695515397;0.7092052726203335;0.34311555515389464;0.8828319508190743];0.7695855750676297;0.25
4704;0.5867839182698552;0.37520366900541263;6;0.6346193855703437;[0.49821467946876746;0.2866344302043249;0.675353157070943;0.4637729078065004];0.7752542826136236;0.25
2091;0.8647921800387115;0.6420300611716507;6;0.3757521200090813;[0.7750090113242087;0.552246892457148;0.9545753487532143;0.7318132298861535];0.7696819206107561;0.25
3599;0.16087590348157732;0.43738398369625336;5;0.4410561321518573;[0.07182458329283235;0.3483326635075084;0.24992722367032227;0.5264353038849984];0.7798760971692905;0.25
1192;0.1379414093236333;0.11510389235536184;6;0.5032639362567735;[0.048210982398745716;0.02537346543047425;0.2276718362485209;0.20483431928024942];0.7853273200969463;0.25
3673;0.5966772775520813;0.4802468838556082;6;0.52907501222445;[0.5100445561001757;0.3936141624037026;0.6833099990039869;0.5668796053075138];0.7676709694255529;0.25
8902;0.890192643082321;0.5643795706677583;6;0.6316519270177268;[0.8019376264157023;0.4761245540011396;0.9784476597489398;0.6526345873343771];0.7671551297187867;0.25
3217;0.4834364748901404;0.8148474912602788;6;0.45979322609368745;[0.3971187110275792;0.7285297273977176;0.5697542387527017;0.90116525512284];0.7780393334324053;0.25
1381;0.2032679797021295;0.204965379969681;6;0.5880684667643041;[0.11740784692168987;0.11910524718924137;0.28912811248256914;0.29082551275012064];0.7647880935773558;0.25
9008;0.867926579616018;0.46931201938914163;6;0.4656163224367698;[0.7785210177121911;0.37990645748531465;0.957332141519845;0.5587175812929686];0.7772192306656183;0.25
8505;2.726930937750893E-4;0.5771196519885324;6;0.4843248509921544;[-0.08581810622109087;0.49102885267366647;0.08636349240864105;0.6632104513033984];0.7738866103047167;0.25
8164;0.1390665482100828;0.5274313480963088;6;0.5081897926132511;[0.05275487581390548;0.44111967570013144;0.22537822060626012;0.6137430204924861];0.7741135130312528;0.25
5106;0.7961004395933053;0.7365150568693937;6;0.5046167930153215;[0.7048455089737148;0.6452601262498031;0.8873553702128959;0.8277699874889842];0.7693916937559526;0.25
9010;0.8694542945621238;0.2854151458355261;6;0.4791243043172978;[0.7799429952337981;0.19590384650720044;0.9589655938904494;0.3749264451638517];0.7705794970702574;0.25
9432;0.0851789763910703;0.7668258357714356;6;0.4493885445234;[-0.002571454232219217;0.679075405148146;0.17292940701435983;0.8545762663947252];0.7762619616477308;0.25
6508;0.2672705338371876;0.16684607478162727;6;0.438377860464474;[0.18095132530971175;0.08052686625415147;0.3535897423646634;0.2531652833091031];0.7647433631355237;0.25
4050;0.823429636302897;0.4365890325886946;6;0.5591053295696375;[0.7347602466039331;0.3479196428897307;0.9120990260018609;0.5252584222876584];0.7780392886843561;0.25
6987;0.733843933243704;0.17657631343344582;6;0.4072395778313748;[0.6446559943259885;0.08738837451573031;0.8230318721614195;0.2657642523511613];0.7688604352961534;0.25
1896;0.20880510200076485;0.43383305258956983;6;0.4990943305956352;[0.12288082303859846;0.34790877362740347;0.2947293809629312;0.5197573315517362];0.7871913207669874;0.25
9313;0.5764492317796308;0.3489849379405988;6;0.5863054306648922;[0.4896701708672555;0.2622058770282235;0.6632282926920061;0.4357639988529741];0.767471158027579;0.25
4054;0.8891907692056278;0.3984499037336803;5;0.500946831589297;[0.8020626882121269;0.3113218227401794;0.9763188501991287;0.48557798472718117];0.7814210560181453;0.25
6912;0.8607482609408201;0.3436781591116589;6;0.35769658004497773;[0.7769010762991373;0.259830974469976;0.944595445582503;0.4275253437533418];0.7764377732472515;0.25
4098;0.3436997351489314;0.6808252144144967;6;0.6476107956631687;[0.25657353229851065;0.593699011564076;0.4308259379993521;0.7679514172649174];0.7736968727089883;0.25
1178;0.3272319651814809;0.8793563753079676;6;0.5950657135994546;[0.2379607502673085;0.7900851603937952;0.4165031800956533;0.9686275902221401];0.7691175631544698;0.25
5347;0.38408692091945473;0.5099300806024192;6;0.4635980885765963;[0.2917941627211693;0.41763732240413376;0.47637967911774015;0.6022228388007046];0.775933967150463;0.25
5666;0.6919670560640034;0.7792929025694204;6;0.5136462711497822;[0.6010538045777349;0.6883796510831519;0.7828803075502719;0.8702061540556889];0.7709321053011702;0.25
3743;0.5661081504842931;0.48254807360032503;6;0.5894769649100616;[0.47918899926082936;0.3956289223768613;0.6530273017077568;0.5694672248237888];0.7738069625463972;0.25
934;0.5338897735628996;0.369254736639574;6;0.4869616281551756;[0.4452315500720527;0.2805965131487271;0.6225479970537464;0.4579129601304209];0.7818816196605499;0.25
2372;0.8868080050153564;0.6026052087775171;6;0.4486637896927284;[0.7999419673417516;0.5157391711039123;0.9736740426889612;0.6894712464511219];0.7716300528776183;0.25
458;0.9804427102386845;0.5618232785364408;6;0.6994595110002211;[0.8931478243360852;0.4745283926338415;1.0677375961412836;0.64911816443904];0.7796059257965031;0.25
2436;0.21759069740500903;0.0900877676609722;6;0.4222817349829504;[0.13167980480800665;0.004176875063969826;0.3035015900020114;0.1759986602579746];0.7750987653432716;0.25
894;0.9920220591724711;0.5424836954149658;6;0.5203320113354669;[0.9069976694833916;0.4574593057258862;1.0770464488615505;0.6275080851040453];0.7718901222551123;0.25
3083;0.7269298925102712;0.42939329820325045;5;0.5505272288835925;[0.6408855348549949;0.3433489405479742;0.8129742501655475;0.5154376558585267];0.7754060930015182;0.25
7601;0.8904562126609639;0.4384787918315255;6;0.46486774593607;[0.8070255153032986;0.35504809447386027;0.9738869100186291;0.5219094891891907];0.7716571555909606;0.25
7729;0.7210714459734413;0.9942034863292912;6;0.5479576898983901;[0.6359952516920132;0.9091272920478631;0.8061476402548694;1.0792796806107194];0.7800447345181365;0.25
7681;0.7772398422121426;0.4145073111270413;6;0.439447117478829;[0.6913731922773831;0.3286406611922818;0.863106492146902;0.5003739610618008];0.7787169837335081;0.25
1499;0.8119686104003987;0.4448007997753783;5;0.6074103389537182;[0.7241974621892773;0.35702965156425687;0.8997397586115201;0.5325719479864996];0.7767279445673531;0.25
8650;0.7151950941969425;0.018717916356982944;6;0.573103087999796;[0.6310586827521548;-0.06541849508780477;0.7993315056417302;0.10285432780177066];0.7830579737790153;0.25
6398;0.48779449494779564;0.49577508508067164;6;0.4100774040865287;[0.396965086834535;0.404945676967411;0.5786239030610563;0.5866044931939323];0.7750154879530511;0.25
9763;0.2937244849451741;0.4121259548998196;6;0.5170915340983151;[0.2056984598434023;0.3240999297980478;0.38175051004694593;0.5001519800015914];0.7731006413896658;0.25
2528;0.24586723428370538;0.49901212589160776;5;0.6025657570857544;[0.16053263524059136;0.41367752684849374;0.3312018333268194;0.5843467249347218];0.7764750990049126;0.25
9678;0.3702345380471776;0.7091535360575628;6;0.5630882387454227;[0.28368147943650357;0.6226004774468888;0.4567875966578516;0.7957065946682368];0.7756627221066215;0.25
6733;0.5509410236599483;0.8475096090543561;6;0.6381469545975833;[0.4627391211055846;0.7593077064999925;0.639142926214312;0.9357115116087198];0.7739547150127959;0.25
1246;0.2850094975333102;0.38326553300771776;6;0.46397237245703415;[0.20197280693616343;0.300228842410571;0.3680461881304569;0.4663022236048645];0.7768606985284058;0.25
3966;0.11906085063422178;0.6925825249724884;6;0.4788961668390274;[0.03417257596585893;0.6076942503041256;0.20394912530258463;0.7774707996408512];0.7771860867659521;0.25
1045;0.2719555899015865;0.2819511813675488;6;0.5296878933737043;[0.18531953458549483;0.19531512605145712;0.3585916452176782;0.3685872366836405];0.7782961867219;0.25
8227;0.84876365551192;0.24812757849517925;6;0.3815266996470479;[0.7603101078098444;0.1596740307931036;0.9372172032139956;0.3365811261972549];0.7716174373367223;0.25
810;0.7234826606279239;0.1943170010730974;6;0.33949248001007437;[0.635961001874475;0.1067953423196486;0.8110043193813727;0.2818386598265462];0.7745726856508988;0.25
7424;0.35165078593163784;0.2696473192425043;6;0.49734275176221604;[0.25882863790418476;0.17682517121505123;0.44447293395909093;0.3624694672699573];0.7720113451949294;0.25
3723;0.6362204946867167;0.5668067162864755;6;0.3027078216228525;[0.544771098390049;0.4753573199898078;0.7276698909833844;0.6582561125831432];0.7691563570944489;0.25
6838;0.8916108508799523;0.6246525493752793;6;0.5445010761968972;[0.7995170953822766;0.5325587938776035;0.983704606377628;0.716746304872955];0.7680020363742336;0.25
868;0.6706512041432566;0.44047558661450686;6;0.4470825256927444;[0.5817374425669039;0.3515618250381541;0.7595649657196094;0.5293893481908596];0.7745890729926006;0.25
7942;0.6569889920805648;0.8086565165915461;6;0.5747952034504263;[0.575533182341349;0.7272007068523303;0.7384448018197807;0.890112326330762];0.7679692688544111;0.25
2980;0.716111927481498;0.8243571170774365;6;0.5457175507825873;[0.6300399999798395;0.738285189575778;0.8021838549831565;0.910429044579095];0.774885073800586;0.25
8484;0.365177019960823;0.3173183678161644;6;0.5159190196357594;[0.2769663129924995;0.2291076608478409;0.45338772692914653;0.4055290747844879];0.7818848241405726;0.25
2212;0.5307182338053651;0.8128762355298218;6;0.3196595381559887;[0.44510929073566774;0.7272672924601244;0.6163271768750624;0.8984851785995192];0.7768265709966966;0.25
2728;0.7460203669764729;0.4069378515322236;6;0.4719833285374396;[0.6609795044381406;0.3218969889938913;0.8310612295148052;0.49197871407055593];0.7764029907173857;0.25
7004;0.6454717351947914;0.44487080552591973;6;0.4131518247250052;[0.5603294283686404;0.35972849869976875;0.7306140420209424;0.5300131123520707];0.7736940630972086;0.25
9241;0.36301702825700793;0.3584664068363737;6;0.6170842621967596;[0.2770544701839742;0.27250384876334;0.44897958633004165;0.4444289649094074];0.7704957885547971;0.25
4472;0.5537369006386055;0.07738879979408836;7;0.5044245024675599;[0.46870614546885037;-0.0076419553756667535;0.6387676558083606;0.16241955496384347];0.7794467818624377;0.25
8625;0.6337928310363719;0.31776680356015385;6;0.5097091987503619;[0.5467389602578022;0.23071293278158425;0.7208467018149415;0.4048206743387235];0.7795931248392673;0.25
5382;0.36643031439517854;0.5650417144508462;6;0.21129982012317805;[0.28292055202992833;0.48153195208559596;0.44994007676042874;0.6485514768160964];0.784632343794012;0.25
3345;0.8611978116254446;0.33610218238810696;6;0.6374946495690083;[0.7737225105839228;0.24862688134658517;0.9486731126669664;0.42357748342962875];0.7758734604374826;0.25
5713;0.8743535385919458;0.8802854025286142;6;0.5982875788328078;[0.7850615529919038;0.7909934169285724;0.9636455241919877;0.969577388128656];0.7694241868723858;0.25
9948;0.08606692905826474;0.2864754318228051;6;0.4552353604156566;[1.681016663091922E-4;0.20057660443084957;0.17196575645022028;0.37237425921476064];0.7779128519251313;0.25
8605;0.6707975652045823;0.31220299674940644;5;0.43483844194074794;[0.5885082395680112;0.2299136711128354;0.7530868908411534;0.3944923223859775];0.7752391297421042;0.25
1968;0.28839999990145626;0.003859967837554379;6;0.5974300686464362;[0.2005396608581052;-0.08400037120579668;0.3762603389448073;0.09172030688090543];0.7789179359022222;0.25
4147;0.9675344737826567;0.4327797526193015;5;0.44344720998612963;[0.8761489773770863;0.3413942562137311;1.058919970188227;0.5241652490248719];0.7708090910586515;0.25
2636;0.7457871216252423;0.06359765215661134;7;0.4269724668868405;[0.6552301637072497;-0.026959305761381197;0.8363440795432349;0.15415461007460388];0.772670797094552;0.25
8071;0.07920700437507133;0.692798169137475;6;0.5952339608024853;[-0.009841026090042657;0.603750138672361;0.16825503484018534;0.781846199602589];0.7738380844523851;0.25
3549;0.62131892880745;0.21584461888234013;6;0.39935976607263796;[0.5364273485207736;0.13095303859566373;0.7062105090941264;0.3007361991690165];0.7798434728147249;0.25
5755;0.539671794876861;0.6969676966674465;6;0.4408393071948239;[0.45475248280670444;0.6120483845972899;0.6245911069470176;0.7818870087376031];0.7856229609918781;0.25
1146;0.7943104173475679;0.22730045945410415;5;0.42798593816391867;[0.7029930068464284;0.13598304895296465;0.8856278278487074;0.31861786995524366];0.7817300665587619;0.25
6600;0.797235245011891;0.9262616878594344;6;0.616134540247616;[0.7083395866548731;0.8373660295024165;0.886130903368909;1.0151573462164525];0.7731287925632477;0.25
4105;0.8905702584184392;0.30682612879874804;6;0.5864057697292824;[0.803831687564685;0.22008755794499393;0.9773088292721933;0.3935646996525022];0.7634352290542925;0.25
6892;0.7126912665896058;0.8685195667145464;6;0.44594318033779523;[0.6233320230425327;0.7791603231674733;0.8020505101366789;0.9578788102616196];0.7733066381393103;0.25
2109;0.9158744433728052;0.6785206251120774;6;0.49962744820546395;[0.8269533461810895;0.5895995279203617;1.0047955405645208;0.7674417223037932];0.7842854528249776;0.25
6790;0.8739951867032731;0.6698124420332476;6;0.5067487487310276;[0.787138724648585;0.5829559799785595;0.9608516487579613;0.7566689040879357];0.7791958035205158;0.25
1837;0.6346828034587563;0.2475913054853533;6;0.7040854565328843;[0.5481041705522911;0.16101267257888818;0.7212614363652214;0.3341699383918184];0.7711031101533383;0.25
6742;0.8789892859682169;0.8694908540517379;6;0.48428442347839207;[0.794812572450473;0.785314140533994;0.9631659994859608;0.9536675675694818];0.7660999994669404;0.25
9661;0.37606076016096357;0.1033409814408599;6;0.48176560411880043;[0.28740215143332404;0.014682372713220385;0.4647193688886031;0.19199959016849943];0.7797982817799123;0.25
2242;0.920512388847355;0.4735442240767146;7;0.46429290689259806;[0.8347247935644585;0.38775662879381817;1.0062999841302513;0.5593318193596111];0.7764391418693097;0.25
5751;0.706047509756927;0.9213858086706368;6;0.600316770671954;[0.6164810595114304;0.8318193584251402;0.7956139600024236;1.0109522589161335];0.7724909550973246;0.25
3584;0.46865736600544994;0.1605894863286922;6;0.7479698696509975;[0.38298532273065133;0.07491744305389361;0.5543294092802485;0.24626152960349076];0.7771415353262601;0.25
5777;0.7706554434334105;0.8494580645780814;6;0.542104432234967;[0.6845051119949379;0.7633077331396088;0.8568057748718831;0.935608396016554];0.78524243513556;0.25
1017;0.9360540669650048;0.9168032097072122;6;0.43258368977721456;[0.8492555286881958;0.830004671430403;1.0228526052418139;1.0036017479840214];0.7690707805749275;0.25
7994;0.08279269388245969;0.9748483485965743;6;0.590364034598862;[-0.005615143851079821;0.8864405108630348;0.17120053161599919;1.0632561863301138];0.7870762995378908;0.25
5845;0.8052991101026324;0.817841401724508;6;0.43915714080742857;[0.7163176422678713;0.7288599338897469;0.8942805779373936;0.9068228695592692];0.7812630415013389;0.25
9747;0.2521413975729567;0.5239806582893017;6;0.43982024900138006;[0.16685484322261596;0.43869410393896097;0.3374279519232975;0.6092672126396425];0.7841182990338839;0.25
879;0.16123550061486858;0.4817320064726021;6;0.509080574191004;[0.07062292027306608;0.39111942613079964;0.2518480809566711;0.5723445868144046];0.7804775145897962;0.25
6259;0.6793386047886154;0.9683126694126775;6;0.4473245373388488;[0.5972663325301664;0.8862403971542284;0.7614108770470644;1.0503849416711266];0.7625213209458926;0.25
1105;0.7229106553830573;0.7010360103051556;6;0.4748545832572088;[0.6336084581803831;0.6117338131024814;0.8122128525857315;0.7903382075078298];0.7706301423571241;0.25
5822;0.5247906130267285;0.3079735845733322;6;0.37556672125895607;[0.433987655596718;0.2171706271433217;0.6155935704567389;0.39877654200334267];0.7789955863182915;0.25
8870;0.013327417395697538;0.2504911506744836;6;0.4457542665531634;[-0.07084091194481243;0.1663228213339736;0.0974957467362075;0.33465948001499357];0.7629117129188658;0.25
6319;0.8113319422706126;0.043741436805318945;6;0.4151297177764072;[0.721685901585771;-0.045904603879522665;0.9009779829554542;0.13338747749016056];0.7690025455173282;0.25
3941;0.8560318009410728;0.6208137448797447;6;0.5843058423982224;[0.7679941357497251;0.532776079688397;0.9440694661324205;0.7088514100710924];0.7816911366026069;0.25
9026;0.017697111084292505;0.22956855107461688;6;0.2921305164746929;[-0.06786436938172279;0.14400707060860157;0.1032585915503078;0.3151300315406322];0.7722065654927434;0.25
2402;0.8086475959546644;0.3822835981222237;6;0.5731686126664528;[0.7232174752510097;0.29685347741856893;0.8940777166583191;0.4677137188258784];0.7764877981654389;0.25
666;0.6043303277900063;0.8435342692806643;6;0.6012481448589414;[0.517686293193402;0.75689023468406;0.6909743623866106;0.9301783038772686];0.7679376151434939;0.25
5593;0.7769825543297944;0.5823814543418809;6;0.545108410994126;[0.6874116466489533;0.49281054666103985;0.8665534620106354;0.671952362022722];0.7759888869686808;0.25
9989;0.7510260411155556;0.5697341567473989;6;0.4981829221827898;[0.6635369229921633;0.48224503862400653;0.8385151592389479;0.6572232748707914];0.7719746657879469;0.25
216;0.40845269877836193;0.0978288410734442;7;0.4629364260614074;[0.3182986036447447;0.007674745939826963;0.49860679391197915;0.1879829362070614];0.7728280647318597;0.25
7328;0.6532252766860784;0.10561606629340559;6;0.4181803429828956;[0.5664815742639304;0.018872363871257583;0.7399689791082265;0.1923597687155536];0.774202041363939;0.25
7298;0.9282473761752763;0.3621178575666959;6;0.5804062263751169;[0.8439746574787769;0.2778451388701964;1.0125200948717759;0.4463905762631954];0.7823705269882493;0.25
6482;0.3270713695383408;0.27502364446503;6;0.34427662473207354;[0.2452337960225352;0.1931860709492244;0.40890894305414643;0.35686121798083564];0.7731709720935868;0.25
6187;0.9044947946448485;0.9070172857874237;6;0.6742775106225454;[0.8181740745312197;0.8206965656737949;0.9908155147584773;0.9933380059010525];0.7715928433493009;0.25
532;0.6842077364081908;0.3980255799251744;6;0.3569677240582039;[0.596871372698742;0.31068921621572565;0.7715441001176395;0.48536194363462315];0.7749034096074492;0.25
3317;0.6343508695193554;0.5586536804533706;6;0.585132916743619;[0.5491143829384829;0.47341719387249814;0.7195873561002278;0.6438901670342431];0.7823963089141486;0.25
487;0.9740240299306401;0.35076084215564074;6;0.34702916829858665;[0.8894675740763496;0.26620438630135024;1.0585804857849306;0.43531729800993124];0.7686603606691121;0.25
7826;0.47880793920251935;0.6456906566924734;7;0.3850649548986924;[0.39544816599326876;0.5623308834832228;0.5621677124117699;0.729050429901724];0.7822782084446052;0.25
5161;0.8885041123610957;0.04706446534550668;6;0.6005795831886559;[0.79687378067734;-0.04456586633824901;0.9801344440448514;0.13869479702926235];0.7855888803553684;0.25
5232;0.24651472816294462;0.8012848177836845;6;0.589327956445453;[0.16237389395727203;0.7171439835780119;0.3306555623686172;0.8854256519893572];0.7739289575746986;0.25
2140;0.4198920688628016;0.8859076100010463;6;0.4215421304138694;[0.3334541169222336;0.7994696580604783;0.5063300208033696;0.9723455619416144];0.7733972048602373;0.25
6671;0.5338562672443747;0.9650403818071639;6;0.5980625599333966;[0.4450972058875293;0.8762813204503185;0.6226153286012202;1.0537994431640092];0.7783155946796009;0.25
2220;0.5744058041695281;0.17091000302934295;5;0.40969698409221955;[0.48726253287999544;0.08376673173981022;0.6615490754590608;0.2580532743188757];0.7738898938293665;0.25
4320;0.22332641497833206;0.9879106900371166;6;0.46445389797909564;[0.13945459837565233;0.9040388734344369;0.3071982315810118;1.0717825066397964];0.7764327424162685;0.25
1825;0.5316797483301836;0.3552605565724196;6;0.517789947488008;[0.44679419643733115;0.27037500467956715;0.616565300223036;0.4401461084652721];0.7762710983174815;0.25
9576;0.43887094161164786;0.8969398706494142;6;0.4988112298095271;[0.35455236260360606;0.8126212916413724;0.5231895206196897;0.9812584496574559];0.7737166164861671;0.25
82;0.4175362238541453;0.554406794837546;6;0.4661053466422942;[0.3276221386069815;0.46449270959038214;0.5074503091013091;0.6443208800847098];0.7726024079741146;0.25
6835;0.5877015979845068;0.16159760624351016;6;0.5396453233508584;[0.49615302541923845;0.07004903367824178;0.6792501705497752;0.25314617880877854];0.7723473590028828;0.25
3840;0.9735390528182715;0.7581270734411905;6;0.43222933105603456;[0.8842564774731709;0.6688444980960899;1.062821628163372;0.847409648786291];0.7833631620682845;0.25
1076;0.9671417524229151;0.06642259846557286;6;0.4929189989043671;[0.8797344201501742;-0.020984733807167977;1.054549084695656;0.1538299307383137];0.772795605117784;0.25
892;0.3032779442082456;0.28981165038715034;6;0.4774509675273079;[0.21159412255694712;0.19812782873585186;0.3949617658595441;0.3814954720384488];0.7813961209597027;0.25
8119;0.6770651284352859;0.6921247932287065;6;0.3647850974447231;[0.5900960969578996;0.6051557617513201;0.7640341599126722;0.7790938247060928];0.7840684875777619;0.25
4985;0.8434811875215413;0.5894693530845139;6;0.3872085480145852;[0.7564314149726895;0.502419580535662;0.9305309600703932;0.6765191256333657];0.7814591539094448;0.25
3006;0.9049771271586543;0.3383313145090657;6;0.5239029286722119;[0.8203452132958715;0.25369940064628294;0.9896090410214371;0.4229632283718484];0.776209947006595;0.25
2545;0.63257432113816;0.5588279903004763;6;0.6190900130610228;[0.5429463083412132;0.4691999775035294;0.7222023339351069;0.6484560030974231];0.7708849802708746;0.25
9601;0.690093102688941;0.31999924453911666;6;0.5465317861614765;[0.60354083429099;0.23344697614116566;0.7766453710868919;0.40655151293706765];0.7714665438508461;0.25
7047;0.15723440765900787;0.4825052265157939;6;0.49857270090593436;[0.06853213318478665;0.3938029520415727;0.24593668213322908;0.5712075009900152];0.7682342449227033;0.25
1571;0.28150903642726455;0.28309067332243876;6;0.49130878424741586;[0.18840098172023326;0.18998261861540747;0.37461709113429587;0.3761987280294701];0.7818168707343369;0.25
3779;0.13647118554960125;0.7046295087223358;6;0.6968221421552842;[0.04522815652491788;0.6133864796976524;0.22771421457428462;0.7958725377470192];0.7740090270741902;0.25
1483;0.8590950751643558;0.9965572290240767;6;0.7583993748025115;[0.7691591778003174;0.9066213316600383;0.9490309725283942;1.086493126388115];0.768126392899866;0.25
8123;0.19300424239330005;0.5037592922752997;6;0.2264094870153251;[0.1079298818169192;0.41868493169891885;0.2780786029696809;0.5888336528516805];0.7696206183169307;0.25
3133;0.910410801474291;0.9887606508673538;6;0.3651816346079365;[0.8235588442912974;0.9019086936843602;0.9972627586572845;1.0756126080503472];0.773815489278876;0.25
5893;0.36509792905297145;0.3975693684954051;6;0.4741762841664983;[0.2732438009212747;0.30571524036370834;0.4569520571846682;0.48942349662710183];0.7709695919898164;0.25
2525;0.720382929694304;0.6900893493109084;6;0.5236208498253332;[0.6327592264968304;0.6024656461134348;0.8080066328917775;0.777713052508382];0.7767284666399981;0.25
6603;0.5846056863790803;0.3856637730912381;6;0.4948848275560862;[0.49926498950187975;0.3003230762140376;0.6699463832562808;0.47100446996843864];0.7765123833329846;0.25
3151;0.6276928864321042;0.2895554367569929;6;0.5224978771990838;[0.5415856321648692;0.20344818248975788;0.7138001406993392;0.37566269102422795];0.7729992745243341;0.25
8735;0.8189633735253186;0.9226954712451622;6;0.5365269316861254;[0.7329968878962727;0.8367289856161163;0.9049298591543644;1.008661956874208];0.7709203697145881;0.25
3378;0.8283838787548177;0.28862776892151754;5;0.5738243154841076;[0.7383291119370003;0.19857300210370016;0.918438645572635;0.3786825357393349];0.7797959689938316;0.25
7998;0.29962140395566494;0.6053972774553333;6;0.4772629759400331;[0.2102029305398441;0.5159788040395125;0.3890398773714858;0.6948157508711542];0.7626932638718523;0.25
3725;0.8589110865092299;0.6827895408321887;6;0.7096094813064161;[0.7721361485559581;0.5960146028789169;0.9456860244625016;0.7695644787854604];0.7778021824088929;0.25
697;0.09871855067631263;0.26764695390871934;6;0.4900589057099985;[0.013550516294006235;0.18247891952641293;0.18388658505861905;0.35281498829102576];0.7673811098157111;0.25
4658;0.13346472665162434;0.5993321704826192;6;0.5477704752896797;[0.04405178053077388;0.5099192243617687;0.2228776727724748;0.6887451166034697];0.7720614857940578;0.25
1890;0.6374114828224788;0.4509474648791219;6;0.5093682238259206;[0.549396332071639;0.362932314128282;0.7254266335733187;0.5389626156299618];0.7673728392877873;0.25
4940;0.8103384814465854;0.010242445492603114;6;0.25377879470806775;[0.718335058392302;-0.08176097756168023;0.9023419045008687;0.10224586854688646];0.7710273038195182;0.25
1130;0.40803630228047233;0.2932254757471836;6;0.6353450082264527;[0.31810150934009823;0.2032906828068095;0.4979710952208464;0.3831602686875577];0.7758497809636834;0.25
5200;0.7359216728173372;0.5936846166357712;6;0.5432921992066662;[0.6505985289298123;0.5083614727482463;0.8212448167048622;0.6790077605232961];0.7819260561209216;0.25
2213;0.6632892612864841;0.8173207024490647;6;0.524016454791373;[0.5815638052344563;0.7355952463970369;0.745014717338512;0.8990461585010926];0.7702907800126896;0.25
5168;0.6605383948859005;0.43309929264559627;6;0.40449887626449876;[0.5755769945872015;0.3481378923468973;0.7454997951845995;0.5180606929442952];0.7796017199474524;0.25
7516;0.7101677772323315;0.6014438960303065;6;0.5751219730751085;[0.6254418477886904;0.5167179665866654;0.7948937066759726;0.6861698254739476];0.7769438095894383;0.25
5575;0.9065109313344212;0.8743549069667276;5;0.6423178685155665;[0.814842747936973;0.7826867235692794;0.9981791147318694;0.9660230903641758];0.7768597578767722;0.25
3502;0.3604172288889034;0.4988804453304736;6;0.44635285973000177;[0.2761811437357551;0.4146443601773253;0.44465331404205166;0.5831165304836219];0.776412458773192;0.25
